5.480359148861344565e-01
5.651471695661818284e-01
5.821646184761686271e-01
6.902074552075718739e-01
4.675567975184085068e-01
5.699528041401071832e-01
8.452895687683458226e-01
4.254859832532887909e-01
5.782445548236847532e-01
1.371585316800250087e-01
1.951213472409559779e-01
7.543395961475842793e-01
7.105488415219525233e-01
1.859255917088639687e-01
1.058563315618513967e-01
4.333229020834268308e-01
4.243608899778156252e-01
1.433917035473116774e-01
7.326459294845490966e-01
6.070440856510596062e-01
7.234308710760307681e-01
4.294563873402869048e-01
3.360624943989261038e-01
5.484718649954296588e-01
7.895032680390849933e-01
1.879078241289113826e-01
0.000000000000000000e+00
2.223566108600165403e-01
2.419962860535732896e-01
2.708964311362287991e-01
2.648999024837950800e-01
3.084832904884318716e-02
2.401429110726258642e-01
7.785945380150349759e-01
1.392522004340756014e-01
1.794162837962215429e-01
6.481103166496424706e-01
8.111118285123969374e-02
2.638365743479484937e-01
1.097994049332949584e-01
3.517625683864353814e-01
9.144905937493249537e-01
1.707764932107083689e-01
1.031417527158641489e-01
1.650978796509788016e-01
3.084212261041529568e-01
5.481579071189950358e-01
2.064054870960241872e-01
2.067549668874172353e-01
1.180655226209048614e-01
1.030500444181225994e-01
5.573549257759784492e-01
1.763748410763886221e-01
0.000000000000000000e+00
7.701149425287355799e-01
6.952908587257617956e-01
6.129032258064516236e-01
4.166666666666666297e-01
1.000000000000000000e+00
6.842726132628486058e-01
0.000000000000000000e+00
0.000000000000000000e+00
0.000000000000000000e+00
0.000000000000000000e+00
0.000000000000000000e+00
0.000000000000000000e+00
0.000000000000000000e+00
0.000000000000000000e+00
0.000000000000000000e+00
0.000000000000000000e+00
2.551487414187643132e-01
0.000000000000000000e+00
0.000000000000000000e+00
0.000000000000000000e+00
0.000000000000000000e+00
0.000000000000000000e+00
0.000000000000000000e+00
0.000000000000000000e+00
0.000000000000000000e+00
0.000000000000000000e+00
0.000000000000000000e+00
2.916153273624760844e-01
2.950332315324792898e-01
3.187255044946727400e-01
3.712957510500753955e-01
2.719702076382284339e-01
3.004146034714656466e-01
6.313362531756763207e-01
3.885940990531288608e-01
4.239021456481639749e-01
1.015771570019146086e-01
1.217064109419827567e-01
7.166334849531708073e-02
5.624758679770307523e-01
9.669883723534400399e-02
2.629557475049396631e-01
4.514393672931351631e-01
3.733884623151784155e-01
1.785323281778656845e-01
6.034025707883949874e-01
6.527691959040289316e-01
4.349740754155906330e-01
3.399904505430213497e-01
2.056842678470827135e-01
2.630808092728564862e-01
6.872307456750744725e-01
1.440850269887241630e-01
0.000000000000000000e+00
2.146766871175568303e-01
2.161899633583431735e-01
2.344115354812747465e-01
2.840877417274844663e-01
1.754838844821896282e-01
2.216298372260899763e-01
5.477319365797042039e-01
2.664225806378348049e-01
3.544423198975546474e-01
8.014792159361172619e-02
8.808947615839229917e-02
4.734460508363441678e-02
4.928774662844576659e-01
6.545497647999881652e-02
1.830877392595323117e-01
3.778368479271205782e-01
3.154475687944933160e-01
1.110992326668663044e-01
5.278759719148597984e-01
5.682462261372955847e-01
3.402887763151275502e-01
2.677405419441004075e-01
1.684924106370542241e-01
2.223527584992508466e-01
6.126477504221550241e-01
1.041217114127392374e-01
0.000000000000000000e+00
6.466836734693877098e-01
6.757204372308711626e-01
6.902173913043478937e-01
7.692307692307693845e-01
3.750000000000000000e-01
6.639612103406657972e-01
8.592105402853629226e-01
4.214907716742429256e-01
5.918418418418419646e-01
1.380461822227097013e-01
2.292910915695139940e-01
7.711223924625069115e-01
7.490820073439411475e-01
2.037184957093352011e-01
1.058419060985020255e-01
4.396202000040563274e-01
4.204848015740711986e-01
1.453613322789797102e-01
7.263297263287967764e-01
5.892814296695016996e-01
7.332555155665672064e-01
4.168610175347671198e-01
3.295498460534982410e-01
5.661112553956251237e-01
8.116812764700087612e-01
1.784495149119654789e-01
0.000000000000000000e+00
