4.175228548422218466e-01
4.179151132198251073e-01
4.193208236970153990e-01
4.531843251309595200e-01
6.945301044229938991e-01
4.233308734973848519e-01
5.012380475750587427e-01
6.544092480282480695e-01
4.496424569189256815e-01
2.666408335780472427e-01
3.855035951002420136e-01
5.255871791178730046e-01
7.387943885051733162e-01
4.324189173447576251e-01
3.001882829596015378e-01
3.283414712499401755e-01
7.919570802654009034e-01
3.349339171188874809e-01
4.846748417659034747e-01
5.850673884968696781e-01
4.691757878914248892e-01
5.348739271648460525e-01
5.321210346397062807e-01
4.598524288732408483e-01
7.101678029364926203e-01
4.130754228846609255e-01
0.000000000000000000e+00
1.373416512827041747e-01
1.444454185362587795e-01
1.737596403034938897e-01
1.360637870704984875e-01
6.940874035989716417e-02
1.443725050550396238e-01
5.421836228287844062e-01
5.231394476539600324e-01
2.852290272774060664e-01
1.934538348803126473e-01
8.440082644628099651e-01
2.471446086339291748e-01
1.467142129393785577e-01
4.641954507160910293e-01
1.900682716492991808e-01
1.371370973089828249e-01
3.329914577947622467e-01
3.642244224422442889e-01
2.992886178861788871e-01
1.540863288932141084e-01
2.883947837508208933e-01
3.214128035320088506e-01
7.550702028081122119e-01
2.391083061889250905e-01
5.684210526315789380e-01
2.589578743874477729e-01
0.000000000000000000e+00
2.931034482758620996e-01
2.105263157894736725e-01
2.258064516129032473e-01
1.499999999999999944e-01
1.000000000000000000e+00
2.607156653668899482e-01
0.000000000000000000e+00
0.000000000000000000e+00
0.000000000000000000e+00
0.000000000000000000e+00
0.000000000000000000e+00
0.000000000000000000e+00
0.000000000000000000e+00
0.000000000000000000e+00
0.000000000000000000e+00
0.000000000000000000e+00
5.574999999999999956e-01
0.000000000000000000e+00
0.000000000000000000e+00
0.000000000000000000e+00
0.000000000000000000e+00
0.000000000000000000e+00
0.000000000000000000e+00
0.000000000000000000e+00
0.000000000000000000e+00
0.000000000000000000e+00
0.000000000000000000e+00
1.187806734302236933e-01
1.115094943280474649e-01
1.166816919966311428e-01
1.408420823676823641e-01
3.964706062372594930e-01
1.157487751380052998e-01
3.883141790599826670e-01
5.865855108996198553e-01
4.646271305191846945e-01
3.239006918019988746e-01
4.977636387894914805e-01
1.341072953816100366e-01
5.640435629039404208e-01
3.713395596804965892e-01
3.160133577591401899e-01
3.555028104742539163e-01
6.672802743061421182e-01
3.448828636028660188e-01
4.012238945886978936e-01
5.887847474949878812e-01
3.908563436904020083e-01
5.231898619895531954e-01
4.512104291133309797e-01
4.169787848549109111e-01
6.712718866851224986e-01
4.121613209792032162e-01
0.000000000000000000e+00
7.979591920670525695e-02
7.395259980157009583e-02
7.666137393202276940e-02
9.563614983708990103e-02
2.798689569140430100e-01
7.738047583658935746e-02
3.029945020999680882e-01
4.618870282286228202e-01
3.938761046126990073e-01
2.724783081869720514e-01
4.191430550859148729e-01
9.165951154021351188e-02
4.945012546601465497e-01
2.878373010156746736e-01
2.269396186747651978e-01
2.874050733601466456e-01
6.122992605844017611e-01
2.409970305547582126e-01
3.254020881097223761e-01
4.984982894789027896e-01
2.991313484359356956e-01
4.428695910883105324e-01
3.948416530382273804e-01
3.659067798978214991e-01
5.947036772400833282e-01
3.336490700885804683e-01
0.000000000000000000e+00
5.899234693877550839e-01
6.081483935077840464e-01
6.046195652173913526e-01
6.256410256410256387e-01
6.250000000000000000e-01
5.932406087033224029e-01
5.343171140032996203e-01
6.443892387954726075e-01
4.591205048522123411e-01
2.722360593438990506e-01
3.859314182863964326e-01
5.611130599554464693e-01
7.858663499593020463e-01
4.345779773599705020e-01
3.057735042151902283e-01
3.364266669326836379e-01
7.740720764936717124e-01
3.312175787083480039e-01
4.847908896597356021e-01
5.716208280521501983e-01
4.853628904655918341e-01
5.143459092604254490e-01
5.346976028424421656e-01
4.715440134305626252e-01
7.503217983397070245e-01
3.870839899252914718e-01
0.000000000000000000e+00
