4.645815434141484790e-01
4.652582925958497206e-01
4.687017783488958145e-01
5.044463750783807487e-01
7.309080562957783744e-01
4.714524668532082963e-01
5.073531648246449866e-01
6.548634084283057044e-01
4.413380268822015839e-01
2.620719688797708002e-01
3.892711814505690482e-01
5.323237314228821404e-01
7.603908819713423028e-01
4.426569008181385212e-01
2.983713053840743035e-01
3.313360863492829100e-01
8.044269501310986614e-01
3.340022206035342944e-01
4.848863715180553591e-01
5.862037571183787987e-01
4.560498754238840879e-01
5.195401092347248229e-01
5.256853601943716203e-01
4.624323234893654710e-01
6.942410134638430375e-01
4.122243748963150267e-01
0.000000000000000000e+00
2.993506906868673711e-01
3.013636399862918980e-01
3.372154744434383011e-01
2.881317042390867944e-01
4.627249357326476686e-02
3.074398453319143742e-01
2.720745556287031408e-01
5.231394476539600324e-01
2.852290272774060664e-01
1.934538348803126473e-01
8.440082644628099651e-01
2.471446086339291748e-01
1.000000000000000222e+00
4.641954507160910293e-01
1.900682716492991808e-01
1.371370973089828249e-01
3.329914577947622467e-01
3.642244224422442889e-01
3.330792682926829174e-01
2.132350283711012540e-01
2.883947837508208933e-01
3.214128035320088506e-01
1.973478939157566336e-01
2.391083061889250905e-01
5.684210526315789380e-01
2.589578743874477729e-01
0.000000000000000000e+00
2.298850574712643646e-01
2.105263157894736725e-01
2.258064516129032473e-01
1.499999999999999944e-01
1.000000000000000000e+00
2.528593247701428348e-01
0.000000000000000000e+00
0.000000000000000000e+00
0.000000000000000000e+00
0.000000000000000000e+00
0.000000000000000000e+00
0.000000000000000000e+00
0.000000000000000000e+00
0.000000000000000000e+00
0.000000000000000000e+00
0.000000000000000000e+00
5.574999999999999956e-01
0.000000000000000000e+00
0.000000000000000000e+00
0.000000000000000000e+00
0.000000000000000000e+00
0.000000000000000000e+00
0.000000000000000000e+00
0.000000000000000000e+00
0.000000000000000000e+00
0.000000000000000000e+00
0.000000000000000000e+00
2.024530159059662049e-01
1.935544996894278391e-01
2.167192022586840183e-01
2.213227514419919828e-01
4.021749647474842648e-01
2.025511048709067730e-01
3.655022668060261548e-01
5.812048114638499463e-01
4.556955086602383354e-01
3.236212672214744401e-01
4.892738378445375957e-01
1.361399824609266229e-01
7.534923676844580420e-01
4.078998265686762936e-01
2.929558249174299966e-01
3.608666900691011037e-01
7.116641612034011466e-01
3.504449056731171463e-01
3.903775675782830135e-01
6.017992152038686982e-01
3.747743262616751725e-01
4.984212181770515393e-01
3.150471685136582156e-01
4.068766329313608932e-01
6.471658633941225203e-01
3.935934170892458894e-01
0.000000000000000000e+00
1.423154934768018909e-01
1.343842595398977435e-01
1.508055374569016172e-01
1.569394052454724520e-01
2.850136051597463860e-01
1.420005743843560930e-01
2.821998330904996188e-01
4.560420810661528490e-01
3.851468951401946783e-01
2.722220109904002205e-01
4.106878633762484077e-01
9.314996706552813865e-02
7.009629498417389026e-01
3.215106008837511076e-01
2.075976130251018237e-01
2.923167841840355052e-01
6.608482603420962054e-01
2.457799014227146361e-01
3.152691399644315107e-01
5.124376887783383960e-01
2.845014162578362038e-01
4.179286021259783213e-01
2.659236040151736757e-01
3.561784524863491619e-01
5.679340889240744872e-01
3.162499262267197686e-01
0.000000000000000000e+00
6.556122448979591066e-01
6.671083140112621379e-01
6.630434782608696231e-01
6.820512820512820706e-01
7.500000000000000000e-01
6.603065207054761299e-01
5.373620755341457222e-01
6.493236212278877817e-01
4.529366414353800385e-01
2.694861615347516892e-01
3.923148798767395196e-01
5.739897383708604250e-01
7.998827151444068972e-01
4.434430511254365825e-01
3.028050874745931154e-01
3.381424176832112938e-01
7.922338758466171971e-01
3.282613821215401018e-01
4.918683879734672137e-01
5.716208280521501983e-01
4.726263167132511156e-01
5.042149344645674436e-01
5.348467434257007103e-01
4.704820647297518477e-01
7.336313533374156926e-01
3.908855325497997413e-01
0.000000000000000000e+00
