5.387142792667685143e-01
5.370555388089399695e-01
5.415376490949070920e-01
4.699537373149262898e-01
6.341895149766005879e-01
5.341055015173510334e-01
7.295709911263958958e-02
6.669576268650290185e-01
5.375173829571651130e-01
8.701114188899254920e-01
6.119498063269467325e-01
3.983924953624882193e-01
9.743812949386532196e-03
8.963782674166043130e-01
8.411923053774899017e-01
1.184005897471402946e-01
6.163108247247025551e-01
7.210944239728318550e-01
5.150390211705857535e-02
2.629070899821839280e-03
1.162623842761361104e-01
5.966345453062834592e-01
2.519473159280052332e-01
3.313150857348909906e-01
4.083231640867074352e-02
8.232106535725307594e-01
0.000000000000000000e+00
9.356101597810170811e-02
9.220310345652052431e-02
9.969713054610171432e-02
8.919864624562609534e-02
5.398457583547558447e-02
9.432693277564001277e-02
1.208132492893338461e-01
7.339140291739998379e-01
2.097272259392691796e-01
3.322632423756018971e-01
1.926921219276591657e-01
3.815294895786282003e-01
1.289951050964584234e-01
5.748507380682026380e-01
2.831426392067123432e-01
5.191500713061858452e-02
1.713339879246979780e-01
4.297029702970297516e-01
8.471798780487804770e-02
5.930296210692781456e-02
2.351118133203695115e-01
3.495324446465623014e-01
1.154446177847113786e-01
6.805917112689435777e-02
1.080701754385964830e-01
2.452111122254537756e-01
0.000000000000000000e+00
9.252873563218390052e-01
9.418282548476453186e-01
7.741935483870968637e-01
6.833333333333333481e-01
1.000000000000000000e+00
9.359220399466683382e-01
0.000000000000000000e+00
0.000000000000000000e+00
0.000000000000000000e+00
0.000000000000000000e+00
0.000000000000000000e+00
0.000000000000000000e+00
0.000000000000000000e+00
0.000000000000000000e+00
0.000000000000000000e+00
0.000000000000000000e+00
6.194444444444444642e-01
0.000000000000000000e+00
0.000000000000000000e+00
0.000000000000000000e+00
0.000000000000000000e+00
0.000000000000000000e+00
0.000000000000000000e+00
0.000000000000000000e+00
0.000000000000000000e+00
0.000000000000000000e+00
0.000000000000000000e+00
2.398982775576311566e-01
2.206785223606522184e-01
2.392055125869264609e-01
2.056555161666304699e-01
3.423355836360357785e-01
2.313106842789469653e-01
2.420053184352490838e-01
7.952864250532492019e-01
4.915981032230596348e-01
8.602107524173658870e-01
5.887318061078592457e-01
1.468118844754147112e-01
1.772643168656122814e-01
8.481791222052469381e-01
4.967462889536262693e-01
1.476257612015361431e-01
5.139166617712840335e-01
7.168369746411773491e-01
8.020970767331103701e-03
1.697381261284325316e-02
1.275295752419527417e-01
5.887131668045761934e-01
8.168083591183750158e-02
4.119975348404938398e-01
5.345314497996866976e-02
6.639624034838305100e-01
0.000000000000000000e+00
1.719835675685137399e-01
1.554854048430888147e-01
1.685413646115282993e-01
1.446260958203917091e-01
2.326242080399375800e-01
1.646565620928160389e-01
1.761139375929180462e-01
7.115692902822554622e-01
4.205112683701147103e-01
8.319744079843693907e-01
5.125857233583479555e-01
1.010246358749176676e-01
1.360189648233520177e-01
8.021184842597974818e-01
3.937270731007704860e-01
1.102266673412689579e-01
4.520538949577728172e-01
6.235066679228969955e-01
5.509822812802989134e-03
1.075165023403978903e-02
8.466362708525940195e-02
5.107536893943724898e-01
6.460557110201270437e-02
3.611044994464249758e-01
3.589702402229011380e-02
5.916615548848398465e-01
0.000000000000000000e+00
6.721938775510203357e-01
6.942696257038756258e-01
6.902173913043478937e-01
5.692307692307694289e-01
6.250000000000000000e-01
6.674982530492659105e-01
7.952011024842386977e-02
5.917481277199961864e-01
5.527326106594400157e-01
8.864710763722023490e-01
5.875144158761809177e-01
4.343483035408058912e-01
8.027695549646107764e-04
8.885260543630235652e-01
8.659096768415639467e-01
1.150669971295121830e-01
6.268801802451715588e-01
6.961248545332722193e-01
5.105011266041203921e-02
4.491199021611769204e-04
1.398378396699499482e-01
5.946072485049693768e-01
2.789320611795300664e-01
3.562592154352619556e-01
2.821999872538399901e-02
7.982001449731253029e-01
0.000000000000000000e+00
