5.242579054420861695e-01
5.235554449217170170e-01
5.377136856201296666e-01
5.545632024098126056e-01
6.744836796541096025e-01
5.326137939775337227e-01
4.505779566791232593e-01
6.043985059887523326e-01
4.035081280552639260e-01
4.323192790365806282e-01
4.412596868023500596e-01
4.139930530984119450e-01
8.023755734537429962e-01
4.332829899130294371e-01
3.672476720760274871e-01
3.570632782223854829e-01
7.062780296622087617e-01
3.441909073053148194e-01
3.872227005737375327e-01
7.956194739326617471e-01
3.482746829518083009e-01
6.117813130256471998e-01
4.465841892275275171e-01
4.640548582796852894e-01
5.776739555764847101e-01
4.437547076513939093e-01
0.000000000000000000e+00
1.224934750779807791e-01
1.259792943501789053e-01
1.494676366815499424e-01
1.166179085642172764e-01
1.028277634961439480e-01
1.272943851182234409e-01
2.163978494623656768e-01
3.623693185772951519e-01
2.548383651035648345e-01
2.313202247191010752e-01
1.160468319559229133e-01
1.304082190238605166e-01
2.570193202342510030e-01
3.390279945309154774e-01
1.768492377188027875e-01
1.699293094072865662e-01
1.396487069185732011e-01
1.432343234323432413e-01
1.810213414634145868e-01
1.191465779994458352e-01
2.204396910279263211e-01
2.448721916197313941e-01
2.835243844536389779e-01
1.462645791741094548e-01
3.766081871345028920e-01
2.053455019556714722e-01
0.000000000000000000e+00
7.126436781609195581e-01
6.454293628808864813e-01
5.698924731182796188e-01
4.000000000000000222e-01
1.000000000000000000e+00
6.394732120944854881e-01
0.000000000000000000e+00
0.000000000000000000e+00
0.000000000000000000e+00
0.000000000000000000e+00
0.000000000000000000e+00
0.000000000000000000e+00
0.000000000000000000e+00
0.000000000000000000e+00
0.000000000000000000e+00
0.000000000000000000e+00
7.240259740259741283e-01
0.000000000000000000e+00
0.000000000000000000e+00
0.000000000000000000e+00
0.000000000000000000e+00
0.000000000000000000e+00
0.000000000000000000e+00
0.000000000000000000e+00
0.000000000000000000e+00
0.000000000000000000e+00
0.000000000000000000e+00
2.083937107936820743e-01
1.978481695961482600e-01
2.122265723386381753e-01
2.222171616487638168e-01
3.825479182895893393e-01
2.062911757049203931e-01
3.057952358208950727e-01
6.354776672699939954e-01
3.465687021853505190e-01
3.330434635535242105e-01
3.227993966821243177e-01
5.378520014122023518e-02
6.600882733887041276e-01
2.260343611649496820e-01
2.807566073332233847e-01
2.917661549699910317e-01
6.006424233061986584e-01
2.602630516725672472e-01
2.299239639221364317e-01
8.060211313363436769e-01
2.446048395848372525e-01
5.188604857885201760e-01
1.513702261498515167e-01
3.110793780041405387e-01
5.030210651825391954e-01
3.082674745182871767e-01
0.000000000000000000e+00
1.469526298019608324e-01
1.376873627259244670e-01
1.473090892847329636e-01
1.576478806166461966e-01
2.674455195636180616e-01
1.449118186431088140e-01
2.295424271703161989e-01
5.163620850941763596e-01
2.821575468250258623e-01
2.808845803011401632e-01
2.540521999113938278e-01
3.518185419830566207e-02
5.966339051067257593e-01
1.634584737820269362e-01
1.975414403244587502e-01
2.303503422472985562e-01
5.412400442961087244e-01
1.717401624281254813e-01
1.740434072252161624e-01
7.477172187602878495e-01
1.734195836716412586e-01
4.384815990083862913e-01
1.221278707556254783e-01
2.660573559112719977e-01
4.162774858891201135e-01
2.391674919519665155e-01
0.000000000000000000e+00
7.053571428571427937e-01
7.138125207022194552e-01
7.092391304347827052e-01
7.000000000000001776e-01
6.250000000000000000e-01
7.034512387969176217e-01
4.787669613175447036e-01
5.831304365396078326e-01
4.110071770661548607e-01
4.208185381364755173e-01
4.534488004919492443e-01
4.450020937572621849e-01
8.371706499076224661e-01
4.557812451368602469e-01
3.792599186470456685e-01
3.625038058231491167e-01
7.024362818897242899e-01
3.474646428764953665e-01
4.066782569687397153e-01
7.761627049658383903e-01
3.707337266945258114e-01
6.102505541816636292e-01
4.768497672227631767e-01
4.763575817785803412e-01
6.180149033737306619e-01
4.394267420952560066e-01
0.000000000000000000e+00
