4.623818769322687317e-01
4.528821115310321943e-01
4.285849353065804834e-01
4.324252924120026709e-01
6.192399437932951667e-01
4.528761014183630973e-01
8.915223000451732993e-02
7.697985334317968276e-01
3.999189518727666037e-01
5.373989108365584411e-01
6.090615555111197343e-01
3.173225844007041552e-01
4.681104523526908867e-01
8.764183013120383503e-01
7.202533685711428602e-01
7.799280683955589488e-02
6.044496677826244335e-01
5.957157637358827529e-01
1.648582995947355245e-01
3.154614745663028019e-01
3.102844047787504111e-01
6.461972424520044944e-01
4.016341720620248967e-01
1.970152006167551484e-01
3.549337757817458416e-01
8.771087050079280356e-01
0.000000000000000000e+00
4.837990960595825451e-03
6.184597483123860373e-03
2.341774128079426864e-03
5.277347559226749918e-03
5.912596401028277771e-02
3.843880166128535447e-03
0.000000000000000000e+00
3.557091060954079564e-01
2.516726711271229933e-01
1.943469101123594944e-01
7.704889807162534909e-02
1.078997193792032294e-01
1.199024050191704605e-01
3.036954393314966749e-01
3.294393207436684401e-01
0.000000000000000000e+00
1.101869544041062243e-01
3.642244224422442889e-01
1.585865653738504077e-01
1.526795256756069419e-02
9.778074866310165758e-02
2.093412338794005123e-01
8.923556942277688364e-02
3.822824228414223313e-02
2.691929824561403728e-01
2.349599552989384277e-01
0.000000000000000000e+00
4.310344827586206629e-01
3.684210526315789269e-01
4.516129032258064946e-01
3.166666666666666519e-01
1.000000000000000000e+00
4.376509556060433903e-01
0.000000000000000000e+00
0.000000000000000000e+00
0.000000000000000000e+00
0.000000000000000000e+00
0.000000000000000000e+00
0.000000000000000000e+00
0.000000000000000000e+00
1.000000000000000000e+00
0.000000000000000000e+00
0.000000000000000000e+00
7.458193979933109841e-01
0.000000000000000000e+00
0.000000000000000000e+00
0.000000000000000000e+00
0.000000000000000000e+00
0.000000000000000000e+00
0.000000000000000000e+00
0.000000000000000000e+00
0.000000000000000000e+00
0.000000000000000000e+00
0.000000000000000000e+00
2.563604741698245482e-01
2.370275739321767716e-01
2.120101286311075750e-01
2.332868735055253495e-01
4.505372810210280798e-01
2.382742351906814715e-01
1.064386542275718162e-01
6.011257086584471665e-01
5.098967206461870738e-01
5.446712817192469469e-01
5.500733768261738543e-01
8.940246091958203856e-02
5.093732045885344117e-01
5.591469013382172060e-01
4.903938896061785790e-01
2.467485629966259530e-02
6.225574949074199615e-01
5.287812161319409565e-01
1.347475736923631207e-01
2.098978396519837197e-01
3.227026669198673758e-01
6.010749733989650956e-01
2.184321577638341783e-01
3.201416224743380834e-01
5.928613108593107084e-01
7.600942543338891078e-01
0.000000000000000000e+00
1.853571738867521579e-01
1.684735817038591210e-01
1.471410348982381544e-01
1.664658382795903835e-01
3.299048064087538590e-01
1.702355041850625583e-01
7.227523829405735345e-02
4.778307010128435284e-01
4.388176658025794707e-01
4.864355741098536079e-01
4.722397511435997286e-01
5.964372480688839850e-02
4.386957795773051560e-01
4.709749012063241813e-01
3.874083380351023287e-01
1.752211254598406986e-02
5.643664468981557381e-01
4.142129436819000921e-01
9.795106139079762242e-02
1.480551929678759482e-01
2.384986660166851513e-01
5.238708862446717074e-01
1.795691074975054313e-01
2.744175204721868155e-01
5.091067108394613516e-01
7.010034181758697525e-01
0.000000000000000000e+00
5.829081632653061451e-01
5.922490891023519666e-01
5.516304347826086474e-01
5.230769230769232170e-01
5.000000000000000000e-01
5.619016132114553752e-01
1.124080948703757299e-01
7.800316229036313720e-01
3.602362571790856949e-01
4.780663670442961699e-01
6.404050606855129502e-01
3.368192894171896379e-01
5.416357795898195659e-01
8.962418981323889700e-01
7.129279625538489373e-01
1.028093972877663909e-01
5.458957761523692831e-01
6.011289970078945721e-01
2.104075916047239980e-01
3.323196761370387220e-01
3.036581461472644405e-01
6.527165932452276831e-01
4.288526305524027471e-01
2.171783795868080791e-01
2.714946394786630357e-01
8.253962162784449497e-01
0.000000000000000000e+00
