4.886834778337572072e-01
4.943664937671619075e-01
5.016331947765333421e-01
5.547237702125744629e-01
6.630381191102565630e-01
5.009547695190093020e-01
5.087318970740635216e-01
5.625762931833578895e-01
4.715114104167044129e-01
2.253803555877760267e-01
3.589865446760253098e-01
5.398554798939503296e-01
7.053450061792383430e-01
4.055122172336276809e-01
2.998504101069008332e-01
3.733686214187081909e-01
7.300220109274219160e-01
3.324639788225308146e-01
4.687843160558611277e-01
6.681809022168297973e-01
4.929791390807584106e-01
6.430517511181615964e-01
4.489917660362616747e-01
4.261393635984018768e-01
6.367535924433209704e-01
3.621614661294173532e-01
0.000000000000000000e+00
1.525717741422114859e-01
1.501358858081021375e-01
1.449714303556374206e-01
1.506338553318419260e-01
2.107969151670951169e-01
1.510502314647718114e-01
4.713889459626053324e-01
7.978601756008307788e-02
1.853403392021448770e-01
1.943469101123594944e-01
5.877361275088548442e-01
5.288894624766083963e-01
9.006622516556291869e-01
2.365874206341052055e-01
2.061780921930465027e-01
1.354082371024991627e-01
2.129437985399298683e-01
1.604453903334258358e-01
1.926241551572142052e-01
2.645413493293792273e-01
3.393611032929919058e-01
2.952052980132451321e-01
1.973478939157566336e-01
8.211800414569142559e-02
1.847953216374268459e-01
9.158266289312178010e-02
0.000000000000000000e+00
3.333333333333333148e-01
2.354570637119113852e-01
2.365591397849462485e-01
1.499999999999999944e-01
1.000000000000000000e+00
2.928629532587784801e-01
0.000000000000000000e+00
0.000000000000000000e+00
0.000000000000000000e+00
0.000000000000000000e+00
0.000000000000000000e+00
0.000000000000000000e+00
0.000000000000000000e+00
0.000000000000000000e+00
0.000000000000000000e+00
0.000000000000000000e+00
7.935943060498220625e-01
0.000000000000000000e+00
0.000000000000000000e+00
0.000000000000000000e+00
0.000000000000000000e+00
0.000000000000000000e+00
0.000000000000000000e+00
0.000000000000000000e+00
0.000000000000000000e+00
0.000000000000000000e+00
0.000000000000000000e+00
2.360171626572106218e-01
2.233133987550657285e-01
2.259875002544627920e-01
2.742461887702254408e-01
4.132326614384888019e-01
2.339884374886000984e-01
3.849601915704445876e-01
4.074214070652306119e-01
4.289984921729321776e-01
2.831184491480853715e-01
3.589906005153822299e-01
1.494820252798330085e-01
7.139260413633363722e-01
3.125627233887394718e-01
4.036779582269367506e-01
3.968606059412513876e-01
6.677784045453138972e-01
3.401657032675290404e-01
3.351398562598157937e-01
7.310389167282644873e-01
4.104365205410649420e-01
5.663357575414409428e-01
1.988065582740663473e-01
2.831086807507434688e-01
5.483155145703136890e-01
2.959708469392068331e-01
0.000000000000000000e+00
1.688600228444759876e-01
1.575649317371650149e-01
1.580682351127988272e-01
1.998895200988088927e-01
2.950766440335238494e-01
1.667975778245157636e-01
2.999136635976253351e-01
2.832750595089326695e-01
3.593254397365405750e-01
2.354593958472354087e-01
2.866216259629720264e-01
1.030079233467293687e-01
6.561663439784113372e-01
2.357061296081062740e-01
3.044777642439709942e-01
3.257188958044219262e-01
6.128387231342555808e-01
2.369629791734866042e-01
2.648165541641364085e-01
6.577181846925261866e-01
3.172125969130056289e-01
4.872591624485786421e-01
1.625470659636952808e-01
2.404712430918442001e-01
4.623787709663507717e-01
2.284478647451246847e-01
0.000000000000000000e+00
6.294642857142855874e-01
6.452467704537927506e-01
6.345108695652175168e-01
6.564102564102565207e-01
6.250000000000000000e-01
6.280709404349977820e-01
5.427922791359943711e-01
5.976361687918368970e-01
4.865033313351568856e-01
2.304876194631584330e-01
3.631166437653547963e-01
5.697865471738957632e-01
7.407854018019149889e-01
4.104922054282352795e-01
2.903087427320664160e-01
3.727582037713286223e-01
6.997508349676173633e-01
3.170822019254504465e-01
4.918252724265462783e-01
6.505367389237413089e-01
5.139907942027686083e-01
6.190955854970463523e-01
4.517663747583804401e-01
4.424345485394196587e-01
6.824881195796741462e-01
3.436637792816270576e-01
0.000000000000000000e+00
