5.673164737776292821e-01
5.531912026242979952e-01
5.349816716414279583e-01
4.933105616607984523e-01
5.835096799911450027e-01
5.502500375819983081e-01
2.190347466149824562e-01
6.697351342183643919e-01
4.713055454418595414e-01
6.116844157298331197e-01
9.999999999999998890e-01
2.067146538692983260e-01
2.472038675739567370e-01
7.729900291784872479e-01
8.637168032551987285e-01
3.508358285649113562e-01
4.468634285758431579e-01
6.996415450541073611e-01
6.253579643684126221e-02
2.886583963976386835e-01
5.889937517952592572e-02
6.268441419973126427e-01
1.165950038419143464e-01
5.482288472266594326e-02
2.566632709951499614e-02
7.030109152709083098e-01
0.000000000000000000e+00
4.806162072697170440e-03
8.575550118352162632e-03
3.715614949886023033e-03
7.571846498020992633e-03
3.598971722365038040e-02
4.553069081599428469e-03
1.330405145929340338e-01
2.348385832759745107e-01
5.905260714682167844e-01
2.927261975162624985e-01
1.724031276290394765e-01
5.766707534791676304e-02
6.181015452538632382e-02
3.820963665516210472e-01
3.349029042790856447e-01
1.256925767529356031e-01
7.777902663819266649e-02
2.725895645864855332e-01
3.741107723577236088e-02
9.746759860911102802e-02
2.351118133203695115e-01
1.769619857120509065e-01
5.597023880955243058e-02
7.076930761244559775e-02
1.080701754385964830e-01
4.187437686939183834e-01
0.000000000000000000e+00
7.873563218390804419e-01
7.285318559556785978e-01
6.774193548387097419e-01
4.333333333333333481e-01
1.000000000000000000e+00
7.263076473031893077e-01
0.000000000000000000e+00
0.000000000000000000e+00
0.000000000000000000e+00
0.000000000000000000e+00
0.000000000000000000e+00
0.000000000000000000e+00
0.000000000000000000e+00
0.000000000000000000e+00
6.617647058823529216e-01
0.000000000000000000e+00
5.688775510204081565e-01
0.000000000000000000e+00
0.000000000000000000e+00
0.000000000000000000e+00
0.000000000000000000e+00
0.000000000000000000e+00
0.000000000000000000e+00
0.000000000000000000e+00
0.000000000000000000e+00
0.000000000000000000e+00
0.000000000000000000e+00
1.359715822596921919e-01
1.189777257758235507e-01
1.123461550662088193e-01
9.740724090405783464e-02
3.159742090263893965e-01
1.191466774217023739e-01
2.008224372336646635e-01
5.406414314930780840e-01
3.838838982043417669e-01
4.707918033848328410e-01
1.000000000000000000e+00
8.229344906655688963e-02
2.360584211917757802e-01
4.688535096145950432e-01
5.583005687995596933e-01
2.559217404991984690e-01
3.946307891818507940e-01
6.514705086703513892e-01
8.812996978466935971e-03
2.043055495724328541e-01
1.326097033797080105e-01
4.068693281140425277e-01
1.361755317547226340e-01
3.170603104935525440e-01
0.000000000000000000e+00
5.454895596888940101e-01
0.000000000000000000e+00
9.221522274702542710e-02
7.924232584144597080e-02
7.362373979646802402e-02
6.456195206606285542e-02
2.106521394158862581e-01
7.980381012796000650e-02
1.431732676326962217e-01
4.129371992904320443e-01
3.166119086323090914e-01
4.122878395539371077e-01
1.000000000000000000e+00
5.468718530061650318e-02
1.850580888888318509e-01
3.797771705153011879e-01
4.566776808289680911e-01
1.993246103109774792e-01
3.354695582101024920e-01
5.470706179676377845e-01
6.056090099964439588e-03
1.436845151840352441e-01
8.829573227183654116e-02
3.291684908947680177e-01
1.093975274055545288e-01
2.715710556050239255e-01
0.000000000000000000e+00
4.651476143852396605e-01
0.000000000000000000e+00
7.404336734693877098e-01
7.313680026498841080e-01
7.160326086956521063e-01
6.410256410256411908e-01
5.000000000000000000e-01
7.106430537843004824e-01
2.416385285613396050e-01
7.021914288813382310e-01
4.765725288831835771e-01
6.047459651231179567e-01
1.000000000000000222e+00
2.335513231019454850e-01
2.777155655095185915e-01
7.752315327730878725e-01
8.947633386541395950e-01
3.793528083515380622e-01
4.395773059374934455e-01
6.814901056308190208e-01
5.053110446089537078e-02
2.791854527252893847e-01
7.999830573327454397e-02
6.405960846968403732e-01
9.914351155814959959e-02
6.090488756596590392e-02
3.078254082402259728e-02
6.797294549200731950e-01
0.000000000000000000e+00
