5.537563348691150189e-01
5.500436246689242026e-01
5.751042693851249332e-01
5.752655576692791151e-01
7.064801272726504155e-01
5.634765761575641907e-01
4.186393121030727027e-01
6.089304021040264914e-01
4.360999586645397663e-01
4.622304553687259787e-01
4.882736172562064381e-01
4.331270486208782522e-01
8.180092233469062890e-01
4.479769685082768960e-01
3.873319618344934767e-01
3.038123629969451400e-01
7.191507442559749164e-01
3.656908651700016555e-01
3.426380773718068484e-01
6.942784736229820064e-01
3.103603447463226805e-01
6.606016988076418572e-01
4.569789681806470938e-01
4.779857426474838356e-01
5.679754174424231916e-01
5.042769940788538463e-01
0.000000000000000000e+00
2.711980393405054590e-01
2.738995640496361128e-01
2.966871702001435684e-01
2.837721562553777166e-01
1.542416452442159358e-01
2.800125575096485964e-01
4.809639909977495020e-01
4.018182694315498571e-01
2.548383651035648345e-01
2.298263534218589754e-01
1.151503277286976545e-01
2.673655311585233507e-01
2.194891201513718137e-01
2.833980140041708617e-01
2.611445265509537705e-01
7.617963002862504496e-02
2.501302788478241279e-01
2.061176849392256372e-01
7.120172764227641893e-02
1.749472472664492795e-01
2.064054870960241872e-01
1.978938226034090420e-01
2.602038965279542260e-01
1.321728830580267688e-01
4.421052631578947234e-01
2.524594050017778812e-01
0.000000000000000000e+00
2.931034482758620996e-01
2.603878116343490423e-01
2.365591397849462485e-01
1.666666666666666574e-01
1.000000000000000000e+00
2.657990501922963822e-01
0.000000000000000000e+00
0.000000000000000000e+00
0.000000000000000000e+00
0.000000000000000000e+00
0.000000000000000000e+00
0.000000000000000000e+00
0.000000000000000000e+00
0.000000000000000000e+00
0.000000000000000000e+00
0.000000000000000000e+00
5.056689342403628551e-01
0.000000000000000000e+00
0.000000000000000000e+00
0.000000000000000000e+00
0.000000000000000000e+00
0.000000000000000000e+00
0.000000000000000000e+00
0.000000000000000000e+00
0.000000000000000000e+00
0.000000000000000000e+00
0.000000000000000000e+00
2.951457899002928320e-01
2.816481473591572193e-01
3.132265108733215397e-01
3.026267749927686879e-01
4.148368627948658682e-01
2.961475870065364280e-01
2.840544307245245204e-01
6.049852354564060342e-01
4.214763264083991601e-01
3.747215892114310609e-01
3.399048202612693359e-01
1.133156345030379430e-01
7.519247063478351478e-01
2.002407655880661386e-01
2.604809738032024535e-01
1.852001455501302019e-01
5.683046927076178534e-01
2.740453325155048914e-01
1.536138140415790332e-01
7.139686889692227201e-01
2.283726918180162269e-01
5.664207071532687543e-01
9.555933620118994831e-02
3.473774158806335333e-01
5.476986838483360875e-01
3.713847427623842012e-01
0.000000000000000000e+00
2.176637769862715954e-01
2.049527765054935391e-01
2.296984074003001752e-01
2.237838701137220276e-01
2.965464429922294309e-01
2.180081500717057641e-01
2.110046168599197247e-01
4.820992805050938745e-01
3.521231848845312595e-01
3.197026787374287471e-01
2.693431539252769680e-01
7.658762245110739553e-02
6.991712124157611896e-01
1.429581773369977271e-01
1.810989839336047957e-01
1.403503073462558648e-01
5.075493497371603713e-01
1.825713341697551562e-01
1.125800160727789545e-01
6.378152372569696471e-01
1.604831985391797222e-01
4.873477431539822713e-01
7.588469455877910885e-02
2.997509595844347619e-01
4.617413901111516172e-01
2.957326385342035069e-01
0.000000000000000000e+00
7.206632653061224580e-01
7.307055316329911232e-01
7.309782608695651884e-01
7.025641025641027326e-01
6.250000000000000000e-01
7.288085871208958011e-01
4.442777218049406285e-01
5.971414368640290959e-01
4.443640403480285661e-01
4.552111931116487042e-01
4.982803422764363610e-01
4.551908933248750566e-01
8.230746357418970982e-01
4.717027720157981330e-01
3.999633071325089384e-01
3.238050396162501787e-01
7.052283972709874060e-01
3.728676128724962568e-01
3.614413841878985068e-01
6.899580225903123587e-01
3.313628878994975824e-01
6.647572682814972822e-01
4.764258159634435774e-01
4.783258312708911220e-01
5.999034205231388306e-01
4.964229935097852486e-01
0.000000000000000000e+00
