4.481446908738693224e-01
4.451034248308651797e-01
4.570675389623841678e-01
4.151999064352185353e-01
4.385576652333784686e-01
4.459775292270857783e-01
3.068069738716249217e-01
3.096875845368344260e-01
5.994332218199824869e-01
4.677754671545437670e-01
5.257795424705803411e-01
3.731776369429515849e-01
5.289365859717443108e-01
6.163782294368855830e-01
6.043298271496938545e-01
2.524348925134791699e-01
6.593248974857742750e-01
4.196378996591568211e-01
2.051874088826168840e-01
5.566189767022110546e-01
2.170088350409008493e-01
5.712177359724001091e-01
6.503276506317163808e-01
3.935933050440398873e-01
1.894247047460947964e-01
7.242753124357439454e-01
0.000000000000000000e+00
3.994525431281431560e-02
4.818566544196759005e-02
5.167514909295281567e-02
4.806975276773933770e-02
5.141388174807198785e-02
4.366082778546136189e-02
1.328534612992091080e-01
2.821954400217479009e-01
1.699778773581092639e-01
1.985410906523912278e-01
1.139026156598790251e-01
2.773511719114093443e-01
9.577177789098320626e-02
6.486209296362771548e-01
2.980237154150197076e-01
9.499272972047156927e-02
6.928374460246775057e-02
1.273737900105799958e-01
5.836901880469186343e-02
5.913052420495154560e-02
3.671609139523577814e-01
1.651757514009170036e-01
1.581767618530827701e-01
7.406721942552557669e-02
1.191059841384282114e-01
2.007591928095903144e-01
0.000000000000000000e+00
5.114942528735632044e-01
5.124653739612188286e-01
4.086021505376343788e-01
2.833333333333333259e-01
1.000000000000000000e+00
4.620331107762959411e-01
0.000000000000000000e+00
0.000000000000000000e+00
0.000000000000000000e+00
0.000000000000000000e+00
0.000000000000000000e+00
0.000000000000000000e+00
0.000000000000000000e+00
0.000000000000000000e+00
0.000000000000000000e+00
0.000000000000000000e+00
5.271867612293144045e-01
0.000000000000000000e+00
0.000000000000000000e+00
0.000000000000000000e+00
0.000000000000000000e+00
0.000000000000000000e+00
0.000000000000000000e+00
0.000000000000000000e+00
0.000000000000000000e+00
0.000000000000000000e+00
0.000000000000000000e+00
1.528486456043230968e-01
1.436922463420570173e-01
1.532164145205776595e-01
1.452723446369837967e-01
2.465724546256417016e-01
1.468733639488007947e-01
3.207706715226281702e-01
3.861966430575469178e-01
5.604778114390622790e-01
4.957875457190314972e-01
4.435319170113700693e-01
1.700694285057471333e-01
4.213298864590091508e-01
4.828377435350096336e-01
5.010132858248375065e-01
3.361626389925898017e-01
5.598043270729222698e-01
2.965717174442867865e-01
1.040127627353211182e-01
4.562142724978974773e-01
2.514509000468831967e-01
5.211457966260257813e-01
2.884580257500088951e-01
3.184673609314112586e-01
2.220399680984929125e-01
6.054675205344459687e-01
0.000000000000000000e+00
1.046219386327262302e-01
9.704905606632907578e-02
1.028387173241875896e-01
9.888487316277538852e-02
1.560447883460454321e-01
9.990158388344339002e-02
2.425090893687553151e-01
2.643027639982116761e-01
4.904112111257337703e-01
4.370874217404561168e-01
3.659125528480059453e-01
1.184745550646133516e-01
3.523779163964913530e-01
3.935197608206572606e-01
3.979901303967356974e-01
2.698372585615604891e-01
4.987793075285962274e-01
2.006503615368613047e-01
7.460030388715038763e-02
3.637032411946835020e-01
1.789364939957213407e-01
4.407963468656502237e-01
2.417343740652235784e-01
2.728703705465143070e-01
1.621020537595714295e-01
5.280595557104841298e-01
0.000000000000000000e+00
6.071428571428572063e-01
6.250414044385559365e-01
6.222826086956521063e-01
5.435897435897436569e-01
3.750000000000000000e-01
6.061292219362326428e-01
3.297705734610885120e-01
2.767854145787078668e-01
6.303269895479289842e-01
4.567333029300550962e-01
5.289558806116667622e-01
3.907931310182067852e-01
5.748987854251011997e-01
6.272610299675991374e-01
5.858395044550952502e-01
2.383460580948455476e-01
6.482771042514339221e-01
4.208888751748539603e-01
2.269732729174563923e-01
5.662422370464368360e-01
2.280792717539830705e-01
5.696254415379433667e-01
6.859304154260521535e-01
4.037544715721814725e-01
1.843445287107259301e-01
7.020614926914814369e-01
0.000000000000000000e+00
