5.401242580946741256e-01
5.369911321682414584e-01
5.683969259535142093e-01
5.521468927633226276e-01
7.153294883509286883e-01
5.507766805693545820e-01
3.937847205584619203e-01
5.832398647343646214e-01
5.136946654372724907e-01
5.090512916555158807e-01
4.819494943772996143e-01
4.293857947831749566e-01
7.127083810847378853e-01
4.585112660522664974e-01
4.150651051278647641e-01
2.603405257303712528e-01
7.614192936092879505e-01
3.941215991854650214e-01
3.480650412028684082e-01
6.330058967392951930e-01
2.807395144467169645e-01
6.645575112500440307e-01
4.869196186335120746e-01
5.004918076263906723e-01
5.080215941304933036e-01
4.833395751000313378e-01
0.000000000000000000e+00
3.269304220510534931e-01
3.292022985024666282e-01
3.898273331876229153e-01
2.988584867779498500e-01
9.768637532133675472e-02
3.385374152098684086e-01
3.417712066905616575e-01
2.247549282420863159e-01
2.097272259392691796e-01
3.307238902191931285e-01
1.081342076895436821e-01
2.435278582636765110e-01
3.816731990809568709e-01
4.781029458477772387e-01
2.666081100863708642e-01
6.693596416271779814e-02
1.624578056394507530e-01
1.342509860742171768e-01
7.232482729451569781e-02
1.349780887586858324e-01
2.351118133203695115e-01
2.190397350993378289e-01
1.809672386895476159e-01
9.864329909761077042e-02
4.421052631578947234e-01
1.175540214162054120e-01
0.000000000000000000e+00
5.344827586206896131e-01
4.847645429362880676e-01
4.731182795698924970e-01
2.833333333333333259e-01
1.000000000000000000e+00
4.984178075665982588e-01
0.000000000000000000e+00
0.000000000000000000e+00
0.000000000000000000e+00
0.000000000000000000e+00
0.000000000000000000e+00
0.000000000000000000e+00
0.000000000000000000e+00
0.000000000000000000e+00
0.000000000000000000e+00
0.000000000000000000e+00
5.045248868778281492e-01
0.000000000000000000e+00
0.000000000000000000e+00
0.000000000000000000e+00
0.000000000000000000e+00
0.000000000000000000e+00
0.000000000000000000e+00
0.000000000000000000e+00
0.000000000000000000e+00
0.000000000000000000e+00
0.000000000000000000e+00
2.625883577350064391e-01
2.493606865490043401e-01
2.941291472698842613e-01
2.558417877411047758e-01
3.903781150574181513e-01
2.644764492097926301e-01
2.632222181836112451e-01
5.287450009353968916e-01
4.321001427598127886e-01
4.263173082181783702e-01
3.787298110389487604e-01
8.820781025777757467e-02
6.583463597666434630e-01
2.180916335971406772e-01
2.673722093035192371e-01
1.535859760229005833e-01
6.502262095690460875e-01
2.712941734126647075e-01
1.636409054732024249e-01
6.144697746406972971e-01
2.005565201810393106e-01
5.520422645688798369e-01
1.480191631069964764e-01
2.919146615510481713e-01
4.217713545606042169e-01
3.536594051048544962e-01
0.000000000000000000e+00
1.904692307187784150e-01
1.784054703192257119e-01
2.135126547618015902e-01
1.847160542371821812e-01
2.744092827140204305e-01
1.915535269808558150e-01
1.935601112564413473e-01
4.006163100944870603e-01
3.623045522065248547e-01
3.688878724964501643e-01
3.047326684828072230e-01
5.880820865733804581e-02
5.947351213494018740e-01
1.570950181010009050e-01
1.866493985049925142e-01
1.149490090523127561e-01
5.939042649038617228e-01
1.803953085836920989e-01
1.204464966237688284e-01
5.261300976100953264e-01
1.387868393104610132e-01
4.724208786124130532e-01
1.193112649164247419e-01
2.484910341000169387e-01
3.371480719002046267e-01
2.795866186435669309e-01
0.000000000000000000e+00
7.181122448979591066e-01
7.263994700231866108e-01
7.309782608695651884e-01
6.923076923076925127e-01
6.250000000000000000e-01
7.142374550063972372e-01
4.132468055072066049e-01
5.859749752544352042e-01
5.212751855779428345e-01
4.905434944134798858e-01
4.847841270334389829e-01
4.642204719439936289e-01
7.346300795898884628e-01
4.761420014054436045e-01
4.279916502632319375e-01
2.799372023488655437e-01
7.518765296695200107e-01
4.003396402990094805e-01
3.665082674428357112e-01
6.265222635147860153e-01
3.034118368607250926e-01
6.656924663425669575e-01
5.092929651395587953e-01
5.110104291431194490e-01
5.536129822412737544e-01
4.738142292490119534e-01
0.000000000000000000e+00
