8.312227719132017079e-01
8.175210719391290404e-01
7.983342813551863593e-01
7.843103269632589747e-01
2.854548502801089738e-01
8.161630479301227314e-01
0.000000000000000000e+00
2.856066435766099199e-01
5.700616070693300674e-01
3.642480137672277074e-01
7.562903245552002884e-01
0.000000000000000000e+00
2.576652258642597726e-02
9.452311961736115098e-01
1.000000000000000000e+00
2.106235461262282449e-01
1.712115093819711609e-01
1.000000000000000000e+00
0.000000000000000000e+00
4.387736887753399539e-01
0.000000000000000000e+00
6.766552781442555231e-01
4.588702566200650868e-01
1.131648281943486989e-01
3.038918722969066732e-01
8.403973239058517564e-01
0.000000000000000000e+00
4.903240180788082103e-02
4.521291433216709232e-02
4.436881381334498164e-02
4.273504273504272200e-02
0.000000000000000000e+00
4.613442560718465646e-02
3.091397849462362846e-02
2.411554848655828032e-02
3.963121372921363239e-01
7.460948204987660759e-02
1.096551440103237240e-01
2.661115204593237360e-01
2.065327197216298982e-02
3.179269674345641672e-01
3.160709780506264499e-01
7.440416981657577145e-02
3.816933714652046006e-02
3.857844321017468436e-01
1.026884700665188221e-01
2.770850651149903143e-02
1.690872630043754321e-01
1.352799518362432507e-01
9.906396255850236088e-02
5.403843792657647693e-02
0.000000000000000000e+00
1.088964448513592975e-01
0.000000000000000000e+00
8.505747126436781214e-01
8.088642659279778879e-01
7.741935483870968637e-01
5.333333333333333259e-01
1.000000000000000000e+00
8.328408875476219775e-01
0.000000000000000000e+00
0.000000000000000000e+00
0.000000000000000000e+00
0.000000000000000000e+00
0.000000000000000000e+00
0.000000000000000000e+00
0.000000000000000000e+00
0.000000000000000000e+00
8.910891089108911034e-01
0.000000000000000000e+00
2.953642384105960028e-01
0.000000000000000000e+00
0.000000000000000000e+00
0.000000000000000000e+00
0.000000000000000000e+00
1.000000000000000000e+00
1.000000000000000000e+00
0.000000000000000000e+00
0.000000000000000000e+00
0.000000000000000000e+00
0.000000000000000000e+00
4.384903010777277954e-01
4.020791182832672561e-01
3.835799732491965708e-01
3.799875725090906542e-01
1.448044150005930453e-01
4.088148957662465222e-01
1.927326195662846242e-01
2.538062184471558402e-01
6.232156817137299853e-01
4.662606741263746191e-01
6.166738797916806458e-01
1.401947547905062486e-01
0.000000000000000000e+00
7.795110975197349079e-01
5.831537628080436519e-01
2.183420469374897088e-01
3.524232465592884722e-01
1.000000000000000000e+00
2.497436651250017903e-03
2.485190567836761399e-01
1.367596205079877336e-01
5.032019776629454988e-01
2.498380020461166140e-02
2.115302454008289867e-01
2.710128322140540336e-01
6.386599868650075784e-01
0.000000000000000000e+00
3.467875725406868170e-01
3.109451509970356242e-01
2.917692834568441085e-01
2.919719457241673477e-01
8.445924351354125448e-02
3.182143800829563829e-01
1.368457005060315645e-01
1.564198820866552486e-01
5.564269788448905629e-01
4.078236856359123141e-01
5.423327921877960645e-01
9.613212718400460099e-02
0.000000000000000000e+00
7.180330720474261685e-01
4.829796302897011451e-01
1.676169666933695623e-01
2.959059077004956295e-01
1.000000000000000000e+00
1.711203451809362175e-03
1.788765302497808962e-01
9.127752758734511418e-02
4.227118601626509986e-01
1.943851412553077029e-02
1.764920200372862569e-01
2.024603912559406749e-01
5.638778621441116190e-01
0.000000000000000000e+00
8.928571428571427937e-01
8.956608148393507829e-01
8.668478260869565410e-01
8.000000000000000444e-01
2.500000000000000000e-01
8.687532873265546574e-01
0.000000000000000000e+00
2.973387869484139245e-01
6.001765960282555712e-01
3.320259871774069449e-01
7.896853638756022864e-01
0.000000000000000000e+00
4.210526315789475671e-02
9.708892097427770373e-01
9.999999999999997780e-01
2.535929276821662359e-01
1.543837541459081031e-01
9.999999999999998890e-01
0.000000000000000000e+00
4.490076221855967553e-01
0.000000000000000000e+00
6.958299780525161182e-01
4.833564974201463027e-01
1.125301778561751398e-01
3.259795431521845810e-01
8.462181421508208068e-01
0.000000000000000000e+00
