5.609539276509600825e-01
5.723751284431235486e-01
5.747063632317754855e-01
6.861367207398305634e-01
5.010136108411289424e-01
5.770008923770602038e-01
7.055282950854365742e-01
5.621637678332866983e-01
4.931892009543783484e-01
3.854654451194849951e-01
2.873834163931142660e-01
7.370077897738025463e-01
6.584032767760514826e-01
1.991808183170003521e-01
1.309523225665348567e-01
6.267008897054080485e-01
3.340148237305368140e-01
1.557973807968532354e-01
6.640815918745892610e-01
5.562831963939952606e-01
7.610155227298481817e-01
4.592002278927190817e-01
1.482374508892327913e-01
4.187144610753856799e-01
6.965549677820344066e-01
2.935191902447674694e-01
0.000000000000000000e+00
2.886561843529187321e-01
2.982314920341427866e-01
3.197926749305273209e-01
3.206562266964951280e-01
2.210796915167095034e-01
2.921570976939038000e-01
4.385920698924731798e-01
2.520121269470384506e-01
1.890675290556994015e-01
2.022471910112358939e-01
1.203799357208448217e-01
3.871932201931556072e-01
4.431065623118602970e-01
2.031624651675199011e-01
1.389822134387351804e-01
1.564395365374158242e-01
9.562861463764613656e-01
1.908988545913415102e-01
2.842705510388436885e-01
2.671891699323120650e-01
3.011363636363637020e-01
2.122148638704930423e-01
6.864274570982836776e-02
4.265596100914087474e-02
3.766081871345028920e-01
2.362347496481519427e-01
0.000000000000000000e+00
6.091954022988506079e-01
5.013850415512466352e-01
4.946236559139784994e-01
3.833333333333333037e-01
1.000000000000000000e+00
5.536159119849816124e-01
0.000000000000000000e+00
0.000000000000000000e+00
0.000000000000000000e+00
0.000000000000000000e+00
0.000000000000000000e+00
0.000000000000000000e+00
0.000000000000000000e+00
0.000000000000000000e+00
0.000000000000000000e+00
0.000000000000000000e+00
2.534090909090909172e-01
0.000000000000000000e+00
0.000000000000000000e+00
0.000000000000000000e+00
0.000000000000000000e+00
0.000000000000000000e+00
0.000000000000000000e+00
0.000000000000000000e+00
0.000000000000000000e+00
0.000000000000000000e+00
0.000000000000000000e+00
3.089797881604944285e-01
3.073105427858386918e-01
3.125670103871468486e-01
3.806685735802819437e-01
3.022532881311401631e-01
3.117340749537216293e-01
4.536908004354189838e-01
4.634144368755035992e-01
3.057082635660455239e-01
1.856088579562209517e-01
1.276163163662851208e-01
8.813758531257154250e-02
5.052980664036239578e-01
1.247283338508234918e-01
2.169337309753107679e-01
5.634779592597494169e-01
4.597361123884871059e-01
1.626419389645590297e-01
4.487780587754548467e-01
4.526990341711822907e-01
5.569909577049263483e-01
3.393289124698273262e-01
6.854008654195853367e-02
2.532928292967839834e-01
5.399400936426600461e-01
1.689840438869798511e-01
0.000000000000000000e+00
2.294580570843351985e-01
2.266165743384663256e-01
2.291347337190715594e-01
2.925920548185856895e-01
1.994838209478707880e-01
2.313035282530784276e-01
3.646608714365134341e-01
3.355491411737241969e-01
2.453382892004254967e-01
1.501143159625405454e-01
9.260417427644096477e-02
5.875912712430680918e-02
4.346037329563657292e-01
8.567852940456271993e-02
1.469298327122626757e-01
4.903721777438982965e-01
3.982268576115053360e-01
1.000224527768865113e-01
3.707050369877644691e-01
3.603074034822228433e-01
4.619279517885320763e-01
2.671473081552447337e-01
5.400684658780130487e-02
2.135592392285768915e-01
4.537468649390860587e-01
1.234782078198810584e-01
0.000000000000000000e+00
7.487244897959182133e-01
7.764160317986088522e-01
7.581521739130434590e-01
8.435897435897434793e-01
5.000000000000000000e-01
7.552940055113230855e-01
7.271056515701601608e-01
5.666267449394303268e-01
4.924392125865705294e-01
4.041699348316503126e-01
3.209148766481304538e-01
7.462588144689660252e-01
6.929824561403506999e-01
2.150773451670677794e-01
1.336053332605574295e-01
6.405893885446209968e-01
3.408382490714430002e-01
1.580094406643928473e-01
6.639987442633191739e-01
5.484938497437139571e-01
7.730549781666791187e-01
4.451832191728763988e-01
1.323620850336753030e-01
4.426879521654347727e-01
7.576338028169014027e-01
2.932243903201111612e-01
0.000000000000000000e+00
