4.350013102865326609e-01
4.355923716294989312e-01
4.481484271546247733e-01
4.781824229020266159e-01
6.910366973164199234e-01
4.453352895363742459e-01
4.717875944282056144e-01
6.718175772910672805e-01
4.646956588424469015e-01
3.495042149979508128e-01
3.547907150947499089e-01
5.065464229821747821e-01
6.651297106984628282e-01
4.266857384789637941e-01
3.273094842036802232e-01
2.705295778334517731e-01
7.908430319991158752e-01
3.626384375137725047e-01
4.679369936251955853e-01
5.963371098960154049e-01
4.755492879065501555e-01
5.628044831865898212e-01
5.320637398075835911e-01
4.561379023392255760e-01
7.259866280128468574e-01
4.058925535500617077e-01
0.000000000000000000e+00
2.446845757209243077e-01
2.583743116048871080e-01
3.058981484372560455e-01
2.470601732346698887e-01
1.156812339331619310e-01
2.584801135283272266e-01
3.376291376765760410e-01
1.864463812372568752e-01
2.404872190770286355e-01
2.148876404494381998e-01
8.440082644628099651e-01
2.559412811446283298e-01
8.344370860927152744e-01
4.412668776611490262e-01
1.900682716492991808e-01
1.598507434700268126e-01
1.418044449074366276e-01
2.203778488085028908e-01
2.250599760095961521e-01
1.662510390689941886e-01
2.695594047895839007e-01
4.703190848886212860e-01
9.381175247009880813e-01
2.391083061889250905e-01
5.684210526315789380e-01
2.398956975228161426e-01
0.000000000000000000e+00
3.333333333333333148e-01
2.354570637119113852e-01
2.150537634408602461e-01
1.499999999999999944e-01
1.000000000000000000e+00
2.830219971889886277e-01
0.000000000000000000e+00
0.000000000000000000e+00
0.000000000000000000e+00
0.000000000000000000e+00
0.000000000000000000e+00
0.000000000000000000e+00
0.000000000000000000e+00
0.000000000000000000e+00
0.000000000000000000e+00
0.000000000000000000e+00
4.579055441478439570e-01
0.000000000000000000e+00
0.000000000000000000e+00
0.000000000000000000e+00
0.000000000000000000e+00
0.000000000000000000e+00
0.000000000000000000e+00
0.000000000000000000e+00
0.000000000000000000e+00
0.000000000000000000e+00
0.000000000000000000e+00
2.549252272234853178e-01
2.439162954676423745e-01
2.640552792801186266e-01
2.844877073203717632e-01
4.322440625714076834e-01
2.558307783094457832e-01
3.562767918113485255e-01
5.844837051088676017e-01
4.469014278039404875e-01
3.470206208740589382e-01
4.365426617291199296e-01
1.325204689438632677e-01
7.010487014632196257e-01
3.699219006231694307e-01
3.166036324120475864e-01
3.436588746247735138e-01
6.840607830593428140e-01
3.893242835072316943e-01
4.499066908573818857e-01
5.960233933841612153e-01
4.921065975622556099e-01
5.904567599096208763e-01
4.627260394695851264e-01
4.425748296335607623e-01
6.295588553982239821e-01
3.968829535790796559e-01
0.000000000000000000e+00
1.841831711548049255e-01
1.740068704384391540e-01
1.885980881181251179e-01
2.084427180379012645e-01
3.126565057699022265e-01
1.844625408721650150e-01
2.738963266142412922e-01
4.596003344936641088e-01
3.765964465966563091e-01
2.938116834943478306e-01
3.591868985936605974e-01
9.049808014879484608e-02
6.417777371332420433e-01
2.865508449663842216e-01
2.274405278410060460e-01
2.766201420168383773e-01
6.305397931351361951e-01
2.800072356984980582e-01
3.717975804650760496e-01
5.062357914595845276e-01
3.958162917397365366e-01
5.125978668978281583e-01
4.061316526646551184e-01
3.907476141793009283e-01
5.486364582075833329e-01
3.193161159070321276e-01
0.000000000000000000e+00
5.395408163265305035e-01
5.525008280887713230e-01
5.570652173913044347e-01
5.743589743589745389e-01
6.250000000000000000e-01
5.473218655462928073e-01
5.016237085854643452e-01
6.546314437447369183e-01
4.717792370231396193e-01
3.480086463500393634e-01
3.537560188957180607e-01
5.399044131535882807e-01
7.058823529411765163e-01
4.313011580589067862e-01
3.330153034168725767e-01
2.666625461258920193e-01
7.710836349637777420e-01
3.529500329937268477e-01
4.798136993307270393e-01
5.965197889239370888e-01
4.760154479263203897e-01
5.499077525509243891e-01
5.239083570072355922e-01
4.691059252987634931e-01
7.827272727272727160e-01
3.929483367728846543e-01
0.000000000000000000e+00
