4.111906958686846192e-01
4.048764272687987997e-01
4.110575363784243486e-01
3.745219625070621561e-01
5.532322073885573843e-01
4.076578130068051475e-01
2.615290497980659046e-01
3.531724796974159974e-01
4.590777250349029615e-01
6.854338807896340757e-01
5.789084988489235917e-01
4.252267198106536306e-01
8.565021669829921969e-01
6.048179031805773764e-01
5.890247927874865397e-01
1.828474350000295345e-01
8.976791552994597412e-01
3.259296784597998653e-01
2.637163320254982679e-01
5.916865327118013829e-01
2.143635461777423368e-01
5.700664677835706184e-01
5.541933898928268487e-01
4.243972930573118862e-01
2.715405402080117159e-01
6.184684734204348722e-01
0.000000000000000000e+00
1.747565090075752503e-01
1.700365815753190069e-01
1.672963437099946882e-01
1.659496357482934670e-01
2.339331619537275142e-01
1.723576131642559073e-01
1.353819058212828996e-01
4.018182694315498571e-01
2.663903711930366569e-01
3.551657988489996809e-01
1.793478260869565410e-01
6.250366876419368722e-01
4.184071998641535339e-01
4.481887110362258175e-01
3.922705314009661270e-01
1.036795359796990890e-01
3.127365029410662522e-01
2.046204620462046819e-01
3.893970189701896900e-01
1.147923841190673921e-01
2.351118133203695115e-01
2.475888443242234560e-01
5.223042004386941883e-01
9.016878886585727448e-02
2.545454545454545747e-01
4.187437686939183834e-01
0.000000000000000000e+00
6.609195402298850830e-01
6.149584487534625055e-01
5.053763440860215006e-01
3.333333333333333703e-01
1.000000000000000000e+00
5.964347330396271296e-01
0.000000000000000000e+00
0.000000000000000000e+00
0.000000000000000000e+00
0.000000000000000000e+00
0.000000000000000000e+00
0.000000000000000000e+00
0.000000000000000000e+00
0.000000000000000000e+00
0.000000000000000000e+00
0.000000000000000000e+00
1.197636949516648758e-01
0.000000000000000000e+00
0.000000000000000000e+00
0.000000000000000000e+00
0.000000000000000000e+00
0.000000000000000000e+00
0.000000000000000000e+00
0.000000000000000000e+00
0.000000000000000000e+00
0.000000000000000000e+00
0.000000000000000000e+00
2.585462406900939092e-01
2.404585388034072846e-01
2.443405442546296991e-01
2.422261960894098731e-01
4.179948749893319659e-01
2.486779741208346994e-01
2.262378301952774340e-01
3.779084793469663084e-01
5.594162167237310967e-01
7.989083338731679529e-01
6.427069104054952131e-01
2.233800569406629855e-01
8.173733437106136535e-01
5.181785334027261269e-01
5.315158990852031362e-01
2.194428332544349214e-01
8.664985343399438378e-01
3.643295180535536248e-01
2.531266049504345972e-01
6.066890225365924039e-01
2.023939175620530495e-01
4.916626620532753567e-01
3.207731234563955258e-01
3.989694481976615581e-01
2.496506808615189810e-01
5.778904688008821289e-01
0.000000000000000000e+00
1.871480341303199402e-01
1.712249688336692777e-01
1.726466379588764699e-01
1.736535836841230918e-01
2.994472007326935969e-01
1.786383322499561777e-01
1.633581593465461279e-01
2.570199588369128096e-01
4.893134147811308288e-01
7.611840624638213093e-01
5.704893972029398963e-01
1.599651334873624653e-01
7.751572546043830059e-01
4.288733976135446491e-01
4.289016339985612936e-01
1.685338138676931719e-01
8.378514931135405686e-01
2.578436059148788706e-01
1.934605037183374510e-01
5.177076593821243744e-01
1.402016028352902344e-01
4.111916242438344304e-01
2.711748610736223197e-01
3.485937847708864279e-01
1.846512681597585748e-01
4.988439539393805244e-01
0.000000000000000000e+00
5.982142857142855874e-01
6.081483935077840464e-01
6.195652173913044347e-01
5.589743589743589869e-01
5.000000000000000000e-01
5.999211422325620990e-01
2.868253512483505130e-01
3.623684561283194716e-01
4.765725288831835771e-01
7.149717763250351688e-01
5.584157341758742010e-01
4.555760691939819695e-01
8.957298907646474850e-01
6.024520555039538650e-01
5.891447532165735579e-01
1.756571990778292847e-01
8.802159037722214752e-01
3.135144547283923444e-01
2.797402117035280300e-01
5.744621500077873311e-01
2.407921546358137710e-01
5.618854815638529843e-01
5.902989303075814043e-01
4.426879521654347727e-01
2.954471012119227469e-01
5.891941797031292616e-01
0.000000000000000000e+00
