4.241209334162867606e-01
4.250833022910134318e-01
4.283500956146870653e-01
4.626995971655181172e-01
7.109112565709301279e-01
4.316678258566040149e-01
4.743047879250658072e-01
6.527507301775123949e-01
4.369297501167839215e-01
3.184479032192599757e-01
3.794543827448332296e-01
5.038662048760744749e-01
7.285140631238042896e-01
4.355008763568976593e-01
3.248942554681365502e-01
3.153300782369643507e-01
8.484588041451518459e-01
3.481480875065832703e-01
4.631770156425842888e-01
5.977443847360187634e-01
4.670760298192832005e-01
5.386462423858141557e-01
4.971634294267908150e-01
4.808299488263720889e-01
7.102108944243830102e-01
3.983415757303643279e-01
0.000000000000000000e+00
1.390922401171301725e-02
1.514270002311254859e-02
1.542448559028319899e-02
1.709401709401708880e-02
3.856041131105397701e-02
1.360592602975889409e-02
3.524193548387097308e-01
1.756019516556427407e-01
2.645789619541549786e-01
1.722846441947564200e-01
8.440082644628099651e-01
2.549491752223690400e-01
1.000000000000000222e+00
4.641954507160910293e-01
4.522457779374774445e-01
1.894145368859887490e-01
2.933621982984004894e-01
3.273927392739274245e-01
3.953252032520325199e-01
1.662510390689941886e-01
5.432263814616755671e-01
4.703190848886212860e-01
7.550702028081122119e-01
2.391083061889250905e-01
5.684210526315789380e-01
2.793816353138387498e-01
0.000000000000000000e+00
2.701149425287356354e-01
2.354570637119113852e-01
2.150537634408602461e-01
1.166666666666666685e-01
1.000000000000000000e+00
2.412402624687676189e-01
0.000000000000000000e+00
0.000000000000000000e+00
0.000000000000000000e+00
0.000000000000000000e+00
0.000000000000000000e+00
0.000000000000000000e+00
0.000000000000000000e+00
0.000000000000000000e+00
0.000000000000000000e+00
0.000000000000000000e+00
6.968750000000000222e-01
0.000000000000000000e+00
0.000000000000000000e+00
0.000000000000000000e+00
0.000000000000000000e+00
0.000000000000000000e+00
0.000000000000000000e+00
0.000000000000000000e+00
0.000000000000000000e+00
0.000000000000000000e+00
0.000000000000000000e+00
1.224402922169868235e-01
1.135226396816042538e-01
1.152604720377700120e-01
1.452168348290533428e-01
4.200181171767380928e-01
1.190875257182524294e-01
3.796096543847005123e-01
5.831106240278371988e-01
4.976242907360233225e-01
4.016850019167266250e-01
5.228218166372928799e-01
1.526431698349060007e-01
8.711558941579724547e-01
4.478866248472631595e-01
3.481754581883902411e-01
3.780317121285803328e-01
9.167110089167511688e-01
3.813732200160253605e-01
4.321486289748754928e-01
6.407175139134977382e-01
4.736537266263003421e-01
6.043421720104871220e-01
4.147338785368679392e-01
4.791031221161399234e-01
7.178217065694975085e-01
4.225891117596942692e-01
0.000000000000000000e+00
8.242131027085375372e-02
7.537434169013934593e-02
7.566400750662777286e-02
9.884407694809493883e-02
3.013107361496251135e-01
7.976154996272938336e-02
2.950156039382502704e-01
4.581089221096068531e-01
4.265189829114714448e-01
3.452504160178880843e-01
4.443634568607367497e-01
1.053626495324476720e-01
8.394124683278563204e-01
3.594347110404956802e-01
2.546509385467698450e-01
3.081497501620865664e-01
8.978029931778721551e-01
2.728944727658529912e-01
3.547005419300697238e-01
5.548755801140379251e-01
3.776068341548634022e-01
5.273541738211819929e-01
3.594782497912166752e-01
4.266748741046975102e-01
6.475382075184903385e-01
3.435184618117765876e-01
0.000000000000000000e+00
5.982142857142855874e-01
6.141106326598211318e-01
6.168478260869565410e-01
6.358974358974360808e-01
6.250000000000000000e-01
6.041007910451792196e-01
5.013588517769291819e-01
6.493236212278877817e-01
4.452380952380953216e-01
3.346633896811417319e-01
3.681095712067583570e-01
5.443434322516514934e-01
7.482014388489209855e-01
4.363093249832309395e-01
3.297558740695746282e-01
3.183225383236709671e-01
8.118452349615838948e-01
3.407023208047730289e-01
4.778308720399585541e-01
5.991296864866813010e-01
4.770378673984194129e-01
5.175633981751885937e-01
5.119455584290442118e-01
4.958598848467581366e-01
7.431060044477391102e-01
3.786974605388927495e-01
0.000000000000000000e+00
