4.191044410183630831e-01
4.331740480339856258e-01
4.551777099629052969e-01
4.886532992282390797e-01
5.869037378777484104e-01
4.338818237611445916e-01
8.540436321874095293e-01
4.489464646878916776e-01
6.529167603986549828e-01
2.967513784727791037e-01
3.349269694064275216e-01
7.945087667844297208e-01
4.584489495955488270e-01
2.912995294350026465e-01
1.144436225363854864e-01
2.835102492025751708e-01
6.944946814126701229e-01
1.163436819903631569e-01
7.348572867670941644e-01
2.656003726480683502e-01
6.627389519239893501e-01
3.330172418203870555e-01
6.039737450529323315e-01
5.406958875416651988e-01
6.447816438051698906e-01
1.438199125334904682e-01
0.000000000000000000e+00
7.331784327455598271e-02
7.756250348680593376e-02
8.258656758360133354e-02
8.053691275167784713e-02
8.740359897172236825e-02
7.433278316202877878e-02
4.489247311827957998e-01
1.844464994183098172e-01
7.822258697194363064e-01
1.327247191011236005e-01
1.065927873779113910e-01
4.836437094576302442e-01
9.741508224738301691e-02
2.945240101095198959e-01
1.052461372619474256e-01
9.622431850958695909e-02
3.059180032873467514e-01
3.113789639833544620e-02
2.317073170731707710e-01
4.714165369573827813e-02
3.011363636363637020e-01
9.864900662251657737e-02
1.372854914196567910e-01
9.224641072912587170e-02
1.700404858299595090e-01
3.157137762290929128e-03
0.000000000000000000e+00
8.103448275862068506e-01
7.257617728531855494e-01
7.956989247311828661e-01
5.333333333333333259e-01
1.000000000000000000e+00
8.089955917847579947e-01
9.634146341463415419e-01
0.000000000000000000e+00
0.000000000000000000e+00
0.000000000000000000e+00
0.000000000000000000e+00
0.000000000000000000e+00
0.000000000000000000e+00
0.000000000000000000e+00
0.000000000000000000e+00
0.000000000000000000e+00
4.114391143911438897e-01
0.000000000000000000e+00
0.000000000000000000e+00
0.000000000000000000e+00
0.000000000000000000e+00
0.000000000000000000e+00
0.000000000000000000e+00
0.000000000000000000e+00
0.000000000000000000e+00
0.000000000000000000e+00
0.000000000000000000e+00
9.184651720205216918e-02
9.216330572073971883e-02
1.093981691380742083e-01
1.235002565231717586e-01
3.448366036029525405e-01
9.364773278120674949e-02
6.499723270719879320e-01
3.413810843213643254e-01
6.181838496863460986e-01
1.921217896509124223e-01
2.462875050995911863e-01
1.322117822339128335e-01
4.642520736791166946e-01
1.637354916657157711e-01
1.637959646043002371e-01
2.671238138991678390e-01
5.618099028435459275e-01
1.094976441395906219e-01
5.704902625339554056e-01
1.281571340572300599e-01
5.325441781145918707e-01
2.457231452908406055e-01
2.281711440660203483e-01
3.044080270501783314e-01
5.251497322635537701e-01
6.403853362963585205e-02
0.000000000000000000e+00
6.078040192452927037e-02
6.044639986044236801e-02
7.156661146684123453e-02
8.306039579457297206e-02
2.347439710392366929e-01
6.182959426117062840e-02
5.682511172376614184e-01
2.257651222842105843e-01
5.510496576979686534e-01
1.556755811783927523e-01
1.879089908675217746e-01
9.027235978905145952e-02
3.939112076784984651e-01
1.147579067685242649e-01
1.073527058959152791e-01
2.089387077293466399e-01
5.008452850288922509e-01
6.466383907653810992e-02
4.931573926879541103e-01
8.649151345898575816e-02
4.366379035367425887e-01
1.860474880401347675e-01
1.880812085503205111e-01
2.599249059052939348e-01
4.386224584793945724e-01
4.461575392230587855e-02
0.000000000000000000e+00
6.135204081632652517e-01
6.459092414706857355e-01
6.630434782608696231e-01
6.717948717948718507e-01
5.000000000000000000e-01
6.243226142641389309e-01
8.679832076487385972e-01
4.680189737421788232e-01
6.622696207041752769e-01
2.993402340406348117e-01
3.394580453400675157e-01
8.156168215777456210e-01
5.051900910654013588e-01
3.066279274383008069e-01
1.252746153111397032e-01
2.731052171835708364e-01
7.066037677183401033e-01
1.239552658984619804e-01
7.363823283036520229e-01
2.765019500449826806e-01
6.666621948682862620e-01
3.284733264401173969e-01
6.220246988491318074e-01
5.501776943478982052e-01
6.784841724054069267e-01
1.554807654678511675e-01
0.000000000000000000e+00
