3.368056790335889339e-01
3.533118896594797942e-01
3.650587137618117595e-01
4.263352834870204333e-01
4.264197640419671309e-01
3.533540038998723709e-01
6.032207334626521478e-01
6.841076456359272973e-01
5.100534711425033230e-01
2.564450060582790236e-01
1.607001027622835254e-01
7.070846223649143170e-01
5.771258147038029751e-01
2.038759485965319640e-01
9.224953919335485142e-02
6.366855050564450558e-01
3.762807774752611190e-01
1.541527423184643197e-01
7.770668148452670732e-01
6.825718375556911743e-01
7.151979166715137781e-01
6.734044266067603646e-01
3.725713648818460566e-01
4.676994084223637937e-01
9.384289788598354498e-01
1.753062247165138032e-02
0.000000000000000000e+00
3.786046215545227356e-02
4.274226327576449713e-02
7.456208823804913455e-02
3.413067171456432569e-02
4.627249357326476686e-02
4.604317118171645518e-02
2.009408602150538070e-01
5.204617306473533489e-01
1.687925143703997710e-01
2.010288344388790893e-01
1.120470438652257372e-01
5.555380985380059533e-01
1.353936718175128562e-01
1.631654754463679469e-01
0.000000000000000000e+00
1.208265361609570654e-01
9.313015031678331668e-02
2.282305153592282532e-01
2.368400740969434648e-01
1.407770895342289608e-01
5.432263814616755671e-01
1.927152317880794774e-01
1.565054602184087762e-01
1.079038508581066091e-01
4.821052631578947589e-01
5.837825215513048338e-02
0.000000000000000000e+00
7.758620689655172376e-01
7.119113573407203077e-01
6.451612903225807383e-01
4.499999999999999556e-01
1.000000000000000000e+00
6.923923133666938234e-01
0.000000000000000000e+00
0.000000000000000000e+00
0.000000000000000000e+00
0.000000000000000000e+00
0.000000000000000000e+00
0.000000000000000000e+00
0.000000000000000000e+00
0.000000000000000000e+00
0.000000000000000000e+00
0.000000000000000000e+00
4.073059360730593714e-01
0.000000000000000000e+00
0.000000000000000000e+00
0.000000000000000000e+00
0.000000000000000000e+00
0.000000000000000000e+00
0.000000000000000000e+00
0.000000000000000000e+00
0.000000000000000000e+00
0.000000000000000000e+00
0.000000000000000000e+00
1.149922986716820361e-01
1.162520895525023246e-01
1.330453836708621607e-01
1.610960707642774548e-01
2.203256379309957991e-01
1.190558016063976154e-01
3.971810239657425079e-01
5.416776894848276402e-01
5.159990531057878638e-01
2.296338333017353683e-01
2.768353572830621889e-01
1.754065114662652913e-01
8.086893385848443749e-01
1.621072072666213115e-01
1.591344091830882990e-01
6.259693432689625858e-01
3.649757134918165669e-01
2.265205065874619228e-01
6.259431868428477763e-01
6.012645149434565628e-01
5.940634181809723025e-01
6.023599521447484673e-01
2.690060988430320599e-01
4.859071613788656929e-01
8.905357615530916648e-01
1.188980398454599907e-01
0.000000000000000000e+00
7.708866819211884769e-02
7.730686569554306997e-02
8.825789002611328371e-02
1.106081861508219077e-01
1.366163664925022225e-01
7.973888616433622012e-02
3.111781536077528609e-01
4.140173217395661798e-01
4.449649448340975977e-01
1.880941756161055300e-01
2.138755072477408481e-01
1.225347050394534620e-01
7.649356923947292497e-01
1.135222694534580024e-01
1.039918015545759911e-01
5.563822207755105831e-01
3.075799009641876358e-01
1.459600202420869575e-01
5.520481341451126678e-01
5.118624992797753404e-01
5.011578363794995106e-01
5.252400319855408117e-01
2.242420350133730311e-01
4.334288993403800916e-01
8.567108391287889813e-01
8.495014105014664363e-02
0.000000000000000000e+00
4.617346938775510612e-01
5.008280887711162865e-01
4.945652173913044347e-01
5.435897435897436569e-01
3.750000000000000000e-01
4.733788757127734836e-01
6.327328261086699879e-01
7.066168819244660337e-01
4.967696776415279070e-01
2.548048058911955849e-01
1.490967388084704082e-01
7.239651693268579491e-01
5.914396887159533156e-01
2.152591986682384495e-01
8.907908215160065257e-02
6.747125752196485582e-01
3.733492349851861292e-01
1.453613322789797102e-01
7.851742256938022413e-01
6.795556833309754907e-01
7.193974331648518294e-01
6.618582822262533139e-01
3.636333538449776359e-01
4.902389203032981868e-01
9.653381676195789129e-01
1.092716992502529294e-02
0.000000000000000000e+00
