4.436178733139628516e-01
4.556461426445510554e-01
4.770168817001003703e-01
5.250773701076567601e-01
6.697033790431783373e-01
4.606033997429264115e-01
8.012575073495408207e-01
4.725404751676792747e-01
6.393699002108843565e-01
2.870077974185085701e-01
3.228762244758119904e-01
8.158600461250338221e-01
5.930514964371405018e-01
3.006032338243875279e-01
1.290084709885134517e-01
2.938082411934228588e-01
7.591379387885274221e-01
1.392742816500161518e-01
6.826761552572728764e-01
3.278830333438426115e-01
6.667040195975283412e-01
3.602493821705002874e-01
4.847877355718765990e-01
4.921630546930948480e-01
6.791533530554847431e-01
2.004565367982096280e-01
0.000000000000000000e+00
4.439652428544146323e-01
4.512126114781666031e-01
5.179379898210882960e-01
4.353238111627373286e-01
8.740359897172236825e-02
4.606296781843671750e-01
5.811827956989250588e-01
3.095609333148193754e-01
4.955336399115687351e-01
5.987581312832643832e-01
1.888429752066116407e-01
4.358732188634750759e-01
7.757805108798487836e-02
1.379042187803771746e-01
3.600886917960088862e-01
1.541118894539871831e-01
1.154140395276407050e-01
1.971623330557354670e-01
1.948447893569844602e-01
6.849074496856452643e-02
3.011363636363637020e-01
1.030169242089771786e-01
4.623290813985500569e-01
1.129004163110313153e-01
2.617728531855955665e-01
5.291816857120951179e-02
0.000000000000000000e+00
7.701149425287355799e-01
7.368421052631579649e-01
7.204301075268817467e-01
5.999999999999999778e-01
1.000000000000000000e+00
7.867705369421964523e-01
5.410958904109588463e-01
0.000000000000000000e+00
0.000000000000000000e+00
0.000000000000000000e+00
0.000000000000000000e+00
0.000000000000000000e+00
0.000000000000000000e+00
0.000000000000000000e+00
0.000000000000000000e+00
0.000000000000000000e+00
2.257085020242914908e-01
0.000000000000000000e+00
0.000000000000000000e+00
0.000000000000000000e+00
0.000000000000000000e+00
0.000000000000000000e+00
0.000000000000000000e+00
0.000000000000000000e+00
0.000000000000000000e+00
0.000000000000000000e+00
0.000000000000000000e+00
1.697623327717819874e-01
1.695502716554423417e-01
2.147498661157446476e-01
2.047170935360111965e-01
3.651207763396636663e-01
1.787764080629050678e-01
6.126824433867117392e-01
3.275351699289064666e-01
4.948242355775780421e-01
1.371981184456372294e-01
1.839218500069694784e-01
1.174126064646208167e-01
4.523691402325040745e-01
9.379126640466495246e-02
1.782291897321759411e-01
3.283205085439304671e-01
4.968858012145607184e-01
1.123350704404645350e-01
4.552662038726067451e-01
1.787277556584063731e-01
4.959723014584287437e-01
2.535518151779458940e-01
9.953236659903019756e-02
1.918305171518028818e-01
5.161751226385403735e-01
9.001475998155505920e-02
0.000000000000000000e+00
1.172684409985902398e-01
1.161753962697554265e-01
1.492709462533577391e-01
1.438943853952374674e-01
2.521612315803167803e-01
1.237397443111516449e-01
5.274430875239848326e-01
2.142764470464024740e-01
4.237249418457124661e-01
1.094016849713933537e-01
1.367188044734723995e-01
7.953251791394833070e-02
3.823084771104311996e-01
6.338931113276957685e-02
1.178723953311103245e-01
2.627771465917708715e-01
4.349774742361878221e-01
6.648603802526587003e-02
3.769966948334209089e-01
1.239913850461463185e-01
3.996642416545773679e-01
1.926140175696225421e-01
7.912974081535650850e-02
1.592614938789957968e-01
4.295191602505332162e-01
6.347114236032647128e-02
0.000000000000000000e+00
6.696428571428572063e-01
6.965882742630011837e-01
6.983695652173913526e-01
7.230769230769231726e-01
6.250000000000000000e-01
6.873814316894772958e-01
8.219146197289042277e-01
5.111696592645073034e-01
6.487625512802838168e-01
2.916143063610132646e-01
3.420537962863321457e-01
8.450083321063052155e-01
6.232057416267943184e-01
3.226940970439868828e-01
1.402271859895817541e-01
2.713079407731342485e-01
7.840204127781538190e-01
1.485794194558794079e-01
6.914655996592896647e-01
3.317809722512263804e-01
6.758807399655137882e-01
3.530132455242587231e-01
5.058642436049740621e-01
5.187452404879866474e-01
7.220172648796001624e-01
2.073837355983516595e-01
0.000000000000000000e+00
