3.858536031810539946e-01
3.897858062227457232e-01
3.964693898124649341e-01
4.422307920707193585e-01
2.327048884778109006e-01
3.911948401541009979e-01
5.952585906603214960e-01
5.957168541570421194e-01
4.344120855091231359e-01
2.774027303056738614e-01
2.668325042230503819e-01
5.033183501714606489e-01
2.954328545573818854e-01
3.502735877100892625e-01
9.852877851419741817e-02
5.939104316502392678e-01
6.620553614025037614e-02
1.789142008647751081e-01
7.643265360982018919e-01
9.999999999999998890e-01
6.388050171733216098e-01
5.923198701442357050e-01
4.711231781677944763e-01
3.583600325943316900e-01
9.192632414402064356e-01
2.781512938708078364e-01
0.000000000000000000e+00
3.066713349035585234e-02
3.018976194081596232e-02
2.682111968026976156e-02
3.235243503699880563e-02
4.627249357326476686e-02
2.927997111051412749e-02
2.103996148290804835e-01
4.877845061599498377e-01
2.066580470230847677e-01
2.045585874799357162e-01
1.294654758731005328e-01
2.414412715116077690e-01
1.033374860664874884e-01
1.990838247683235362e-01
9.328063241106709924e-02
1.036795359796990890e-01
5.523629179898766894e-01
1.568756875687568886e-01
2.051179528188724621e-01
1.839152119700748211e-01
4.141117052881759242e-01
2.497516556291390355e-01
1.664871014730092136e-01
1.732736633966012740e-01
3.094736842105264008e-01
9.429130191842055586e-02
0.000000000000000000e+00
7.183908045977011048e-01
6.731301939058171868e-01
5.483870967741936164e-01
4.166666666666666297e-01
1.000000000000000000e+00
6.225355472150049252e-01
0.000000000000000000e+00
0.000000000000000000e+00
0.000000000000000000e+00
0.000000000000000000e+00
0.000000000000000000e+00
0.000000000000000000e+00
0.000000000000000000e+00
0.000000000000000000e+00
0.000000000000000000e+00
0.000000000000000000e+00
1.555090655509065445e-01
0.000000000000000000e+00
0.000000000000000000e+00
0.000000000000000000e+00
0.000000000000000000e+00
0.000000000000000000e+00
0.000000000000000000e+00
0.000000000000000000e+00
0.000000000000000000e+00
0.000000000000000000e+00
0.000000000000000000e+00
1.338338569559421876e-01
1.275348835148196747e-01
1.258519519462457659e-01
1.643875741917502076e-01
1.515839122439167630e-01
1.284649771912655947e-01
3.907427499999953646e-01
5.886051210303797632e-01
4.246524992563709411e-01
2.568281732260908612e-01
2.457014625136491048e-01
1.211475339452022792e-01
4.559833976229104024e-01
2.030301370111519121e-01
1.346428811130183645e-01
4.681907536625182775e-01
3.924316829450888999e-01
2.401986926889635443e-01
6.876613625238654492e-01
1.000000000000000000e+00
4.568348060357358964e-01
5.513660989347293206e-01
2.640321609589040275e-01
3.564122946875130094e-01
8.956423255781457149e-01
2.532151662546238136e-01
0.000000000000000000e+00
9.065887129602789862e-02
8.535531834055559708e-02
8.313448089851882550e-02
1.130702652028747757e-01
8.891426085026329917e-02
8.649390504730519735e-02
3.052303344310726696e-01
4.640885760022877005e-01
3.551603518388733449e-01
2.120092171303489259e-01
1.874165766085964524e-01
8.222786921991165343e-02
3.858290575209583628e-01
1.451521684952431501e-01
8.662805179441129821e-02
3.941880936360002696e-01
3.333864162771154049e-01
1.562843055845447304e-01
6.198748623377347000e-01
1.000000000000000000e+00
3.612383208256325640e-01
4.717222001984807123e-01
2.197968287481181227e-01
3.082236173934223000e-01
8.632104409536565104e-01
1.919382022308003810e-01
0.000000000000000000e+00
5.197704081632652517e-01
5.346141106326598447e-01
5.271739130434782705e-01
5.538461538461538769e-01
1.250000000000000000e-01
5.184406443813966980e-01
6.222811430096910623e-01
5.946775738968278491e-01
4.340856261203670519e-01
2.557578265610009893e-01
2.887995609066420499e-01
5.388397948963635775e-01
3.274853801169589351e-01
3.621995019302738372e-01
1.049106381014519584e-01
6.338985380497190736e-01
3.324078659508411526e-02
1.757979933267951045e-01
7.498257476350339568e-01
1.000000000000000222e+00
6.415239155173642072e-01
5.740980680084075694e-01
4.716798141734470651e-01
3.710306722582370487e-01
9.081946222791292822e-01
2.847334335393122418e-01
0.000000000000000000e+00
