3.901038240523102552e-01
3.800116782804270343e-01
3.921278655598734453e-01
3.411846766019184241e-01
4.257452132291297264e-01
3.853113774425915850e-01
1.464141258965219183e-01
3.276184658338115452e-01
5.792657656833566371e-01
4.806698017758794794e-01
6.177601527584283270e-01
2.687747289433140008e-01
7.407008686473077752e-01
8.059597534936504548e-01
6.512616761832908940e-01
1.071929933883846164e-01
7.620816256383998732e-01
6.216418028105104021e-01
1.429893621902441625e-01
5.021430609613377616e-01
1.374746081411563070e-01
5.592545521478803350e-01
5.780818777647029894e-01
3.813102074123912999e-01
1.079895293069683126e-01
8.697011447789773086e-01
0.000000000000000000e+00
7.949264752689541580e-02
7.677348911718059887e-02
9.245324257657600020e-02
7.669362702919749197e-02
1.799485861182519020e-01
7.888694816887949213e-02
5.335837384003533357e-02
8.481777149557478968e-02
2.821784494455621406e-01
3.598810310641109567e-01
2.838561232156273095e-01
2.105195642219131469e-01
1.438032166508987630e-01
9.732097725358047624e-01
3.821983525933078107e-01
1.179687027974140601e-01
3.329914577947622467e-01
5.503213479242661244e-01
9.491625036732298515e-02
1.566596329688598743e-01
2.204396910279263211e-01
7.243055980823573936e-01
1.083397552769581051e-01
1.030500444181225994e-01
4.605263157894737280e-01
4.126466753585397162e-01
0.000000000000000000e+00
4.540229885057470716e-01
4.404432132963988500e-01
3.548387096774193727e-01
2.333333333333333093e-01
1.000000000000000000e+00
3.964767864985782042e-01
0.000000000000000000e+00
0.000000000000000000e+00
0.000000000000000000e+00
0.000000000000000000e+00
0.000000000000000000e+00
0.000000000000000000e+00
0.000000000000000000e+00
0.000000000000000000e+00
0.000000000000000000e+00
0.000000000000000000e+00
4.684873949579831942e-01
0.000000000000000000e+00
0.000000000000000000e+00
0.000000000000000000e+00
0.000000000000000000e+00
0.000000000000000000e+00
0.000000000000000000e+00
0.000000000000000000e+00
0.000000000000000000e+00
0.000000000000000000e+00
0.000000000000000000e+00
1.621167112339009231e-01
1.537567313324299523e-01
1.817755144707656756e-01
1.574362898403939282e-01
2.989663226348390213e-01
1.624917903981731859e-01
2.170764658398101066e-01
3.992954034539572539e-01
8.218233884214334317e-01
7.513042322748166857e-01
7.431662453440133209e-01
1.549686299299624093e-01
6.790681344852196322e-01
9.896811577705407759e-01
6.666593647059588790e-01
3.052872068891807622e-01
8.628437394411276884e-01
7.056931810891398094e-01
1.184551516039225039e-01
5.820533393975446668e-01
1.944981714852332955e-01
6.658543502516369728e-01
2.991194976452549170e-01
4.496568741228965660e-01
1.534047992714334674e-01
8.564314737574370007e-01
0.000000000000000000e+00
1.115253555089898985e-01
1.044331728161630446e-01
1.240233268089668828e-01
1.078801357539263539e-01
1.968355955934160406e-01
1.114764284816386342e-01
1.560287203069042894e-01
2.759566910972006681e-01
7.801747306939723625e-01
7.074295416987510521e-01
6.831397455503440685e-01
1.070995410315310759e-01
6.174342483172152729e-01
9.860282631251926500e-01
5.750818474333843078e-01
2.422520967185880503e-01
8.335365821474147729e-01
6.101978812605091118e-01
8.549863956685632704e-02
4.913380491004400441e-01
1.341404466889520586e-01
5.942176757973780532e-01
2.513948942669229636e-01
3.976693214825646194e-01
1.083409864948822188e-01
8.165873850814617807e-01
0.000000000000000000e+00
5.982142857142855874e-01
6.028486253726399458e-01
6.019021739130434590e-01
5.307692307692308820e-01
3.750000000000000000e-01
5.892363099422810446e-01
1.652686951412057903e-01
2.967267771605647253e-01
6.156474608224343781e-01
4.886759166400822529e-01
5.877289208607956450e-01
3.169438449455347362e-01
7.862750799651060385e-01
7.610494118657165075e-01
6.344331915806633582e-01
8.504696305170322823e-02
7.329810054576320066e-01
5.938067269917304269e-01
1.746776976822341787e-01
4.897000793225478876e-01
1.567592876552025838e-01
5.558676853447970245e-01
6.165626717912755517e-01
4.060985397037746303e-01
9.753426726579317307e-02
8.227471887734778555e-01
0.000000000000000000e+00
