5.151765880070311443e-01
5.148928499211438137e-01
4.919332488580401286e-01
4.663479791296012422e-01
4.623517803414662897e-01
5.027866695697911226e-01
9.150792447200672974e-02
4.791280500390308061e-01
4.661100858442113193e-01
3.602629032520707764e-01
7.901655803822890123e-01
3.284507288365459132e-01
1.781657433913039768e-01
8.992452896660125816e-01
9.757589771524157740e-01
1.235773641440174320e-01
4.349819284777215467e-01
7.510566524251658382e-01
1.821393418408504550e-01
1.654396527707779896e-01
6.944162613354737390e-02
7.395637234948603256e-01
3.726480350365735106e-01
1.307326638335337687e-01
2.567530084969393278e-01
5.963842660645723992e-01
0.000000000000000000e+00
3.958081354637468241e-01
3.988348090824320735e-01
5.046679364286383862e-01
3.733723398152928308e-01
3.341902313624678378e-02
4.211852630567449740e-01
1.543952372273859619e-01
1.059511380246398460e-01
2.041872614804959851e-01
2.860137514673821713e-01
1.315054724145633402e-01
9.885784345357162550e-02
2.587401817341752897e-02
3.699335392679958812e-01
4.676679841897232182e-01
5.981511691136487396e-02
4.346475018016651704e-02
2.478181151448478337e-01
5.530866749345458855e-02
1.631435430116298657e-02
0.000000000000000000e+00
1.248565121412803514e-01
1.496059842393696049e-01
2.862501233836739489e-02
1.584210526315789069e-01
2.540701367298500157e-01
0.000000000000000000e+00
6.494252873563218786e-01
6.204986149584488242e-01
6.666666666666667407e-01
4.000000000000000222e-01
1.000000000000000000e+00
6.348764107902041820e-01
0.000000000000000000e+00
0.000000000000000000e+00
0.000000000000000000e+00
0.000000000000000000e+00
0.000000000000000000e+00
0.000000000000000000e+00
0.000000000000000000e+00
0.000000000000000000e+00
8.487084870848708995e-01
0.000000000000000000e+00
5.162037037037037202e-01
0.000000000000000000e+00
0.000000000000000000e+00
0.000000000000000000e+00
0.000000000000000000e+00
0.000000000000000000e+00
0.000000000000000000e+00
0.000000000000000000e+00
0.000000000000000000e+00
0.000000000000000000e+00
0.000000000000000000e+00
3.636001712943185415e-01
3.531694705104513332e-01
4.661455171015421728e-01
3.381041523895793599e-01
2.879436507197410400e-01
3.795397936231328373e-01
2.222573360597108749e-01
3.287637464618002325e-01
3.866846503206953223e-01
4.218593012829046085e-01
7.738433705880227720e-01
1.116402340967028728e-01
1.914077853983640054e-01
7.083954447355761408e-01
1.000000000000000000e+00
1.222120796633894280e-01
4.346030899060420172e-01
7.317998042942019943e-01
6.313263025843074416e-02
3.148335395125878566e-02
3.870716937476004205e-02
4.426405557774493182e-01
1.109634489210429287e-01
1.799202212920996136e-01
3.160204287008120394e-01
4.148050989948650624e-01
0.000000000000000000e+00
2.774176615274345226e-01
2.665732972244526100e-01
3.695170718603378313e-01
2.544995550882914181e-01
1.880317681566731902e-01
2.912619481217693651e-01
1.601662054346263409e-01
2.152878898651688910e-01
3.192298930504224308e-01
3.645887967977022859e-01
7.188047763710974092e-01
7.538688308330943055e-02
1.476371839993964596e-01
6.345062495345741294e-01
1.000000000000000000e+00
9.032811282593788960e-02
3.737514695128689723e-01
6.415560549670735746e-01
4.446561538029897287e-02
2.011271338924258689e-02
2.437216191370203400e-02
3.632064646570266064e-01
8.850637389963667001e-02
1.489231494611041873e-01
2.410186654493041147e-01
3.361446074180173271e-01
0.000000000000000000e+00
7.053571428571427937e-01
7.247432924809540378e-01
6.684782608695651884e-01
6.153846153846154188e-01
3.750000000000000000e-01
6.836668237827230321e-01
1.091243431577388900e-01
5.057889260090914219e-01
4.543899807930119605e-01
3.616235041637632097e-01
7.426845539402529006e-01
3.655333217590649442e-01
2.257818459191457405e-01
9.141046049409202734e-01
9.661079487151018608e-01
1.210666321929474432e-01
4.195148349827011458e-01
7.258834891628092034e-01
1.819289488701265611e-01
1.800460444140976612e-01
8.697471146795932029e-02
7.509269554420221482e-01
3.987712085357193459e-01
1.346873630906375574e-01
2.305835010060361956e-01
5.723470255666183171e-01
0.000000000000000000e+00
