2.708052726836611690e-01
2.669080685058671243e-01
2.502232744733250414e-01
2.201004436783582374e-01
2.536533168068041411e-01
2.582771844553111151e-01
6.062144910699274192e-02
6.132314246629706478e-01
4.089622648236128644e-01
5.121655598562520062e-01
7.244395337313590533e-01
2.886382388100952046e-01
1.254964935099525114e-01
8.306476409879957057e-01
7.871147759858269088e-01
3.295656343116803999e-01
2.886594054169585588e-01
7.489611357478433984e-01
2.795879025820205976e-01
2.529675230137039543e-01
2.008423447355855984e-01
9.193430654128332824e-01
2.382958818460885198e-01
0.000000000000000000e+00
5.817158173068153193e-01
4.640178246676782692e-01
0.000000000000000000e+00
5.299509835126350876e-03
7.340224590150878914e-03
3.934180535173442683e-03
7.629208971490844537e-03
4.113110539845757363e-02
4.820337556175280369e-03
5.261953786318918080e-02
1.953993405430078933e-01
1.957454108766512046e-01
2.960606470827128467e-01
2.200413223140496588e-01
5.296910125586643536e-01
1.022292696576811710e-01
3.119262091460912600e-01
4.442687747035571899e-01
7.510120234426920227e-02
9.313015031678331668e-02
3.742126755048387210e-01
1.001977587343441112e-01
1.558603491271820518e-01
4.786690433749258289e-01
1.865212310089598979e-01
6.220748829953198777e-02
1.030500444181225994e-01
2.306636155606406891e-01
2.147682825648926652e-01
0.000000000000000000e+00
7.643678160919540332e-01
7.146814404432133561e-01
5.806451612903226200e-01
4.499999999999999556e-01
1.000000000000000000e+00
7.096025789260094196e-01
0.000000000000000000e+00
0.000000000000000000e+00
0.000000000000000000e+00
0.000000000000000000e+00
0.000000000000000000e+00
0.000000000000000000e+00
0.000000000000000000e+00
0.000000000000000000e+00
0.000000000000000000e+00
0.000000000000000000e+00
4.597938144329897225e-01
0.000000000000000000e+00
0.000000000000000000e+00
0.000000000000000000e+00
0.000000000000000000e+00
0.000000000000000000e+00
0.000000000000000000e+00
0.000000000000000000e+00
0.000000000000000000e+00
0.000000000000000000e+00
0.000000000000000000e+00
1.106136793155394482e-01
1.047608532085135824e-01
9.362587518917586671e-02
1.011710870211207647e-01
1.715323913141787449e-01
9.974662265132872019e-02
2.293792931785101352e-01
5.405563711593266429e-01
5.793152968881305487e-01
5.652287275670164757e-01
8.328808791974808834e-01
2.297391566711193267e-01
4.147857720087149147e-01
7.115011205486129198e-01
7.909812355895460279e-01
3.428445063854888009e-01
5.088784597492184147e-01
8.589755031921775252e-01
2.576746003340786295e-01
2.803592633083524799e-01
3.288628099756971679e-01
7.730533402664798714e-01
2.021986486613647216e-01
4.114370061675816093e-01
6.274215707028413247e-01
5.129957049636453270e-01
0.000000000000000000e+00
7.397293495096346483e-02
6.920892762225228090e-02
6.067522603158020944e-02
6.719890451169990842e-02
1.022828426172480709e-01
6.608434992606437852e-02
1.658853316262615674e-01
4.128485874265517275e-01
5.099976943167630061e-01
5.075235338007622055e-01
7.891071065920001182e-01
1.650529953003424533e-01
3.461371084384552987e-01
6.380783798768476789e-01
7.228497153732110769e-01
2.758816529006523632e-01
4.469872520316973130e-01
8.032773124148759880e-01
1.973063194008266574e-01
2.051229511845863440e-01
2.438318904289321354e-01
7.165656756631140212e-01
1.654766218958426682e-01
3.605647623859251638e-01
5.463085942655969696e-01
4.320379312356226187e-01
0.000000000000000000e+00
4.158163265306122902e-01
4.263000993706527186e-01
4.008152173913044347e-01
3.589743589743590313e-01
1.250000000000000000e-01
4.061941768522405738e-01
7.129039624414895693e-02
6.256503642039542568e-01
3.660175714660373059e-01
4.799530844624915193e-01
7.016915245852137772e-01
3.301208890149937014e-01
1.274238227146814451e-01
8.433738608161120975e-01
8.048824786988973967e-01
3.470520881333416519e-01
2.449230881544437466e-01
7.382148925697797903e-01
2.985069026162867623e-01
2.547463165800687435e-01
2.003932457620246077e-01
9.470055235573169305e-01
2.316300081454429893e-01
0.000000000000000000e+00
5.892098352828837315e-01
4.477998007337780084e-01
0.000000000000000000e+00
