3.478941530830308437e-01
3.378410980883754799e-01
3.513169972843455113e-01
2.977050717988454220e-01
3.911405822318356762e-01
3.431858388227897461e-01
1.393792459239525661e-01
3.390731213768966024e-01
5.782493937343893275e-01
4.928523802585287328e-01
6.295131459981634370e-01
2.565832529946119323e-01
7.185611851457893717e-01
7.985860684423702338e-01
6.535627946523324683e-01
1.037858551901240656e-01
7.972214942391394610e-01
6.276982190515256743e-01
1.501306339048947835e-01
4.953175620785114086e-01
1.443739839397646385e-01
5.563472441547397951e-01
5.763514062915522373e-01
3.681817978572061723e-01
1.250803045926933144e-01
8.798516098408566410e-01
0.000000000000000000e+00
5.813546374689667617e-01
6.057637898193235504e-01
6.595060417772504735e-01
6.516950610910342556e-01
1.773778920308483331e-01
6.170278099132472382e-01
5.783905653832810412e-02
8.481777149557478968e-02
2.821784494455621406e-01
3.598810310641109567e-01
3.193087903831705598e-01
2.105195642219131469e-01
2.194891201513718137e-01
4.641954507160910293e-01
4.040513833992094295e-01
1.179687027974140601e-01
2.773436344598712022e-01
5.503213479242661244e-01
1.020286396181384059e-01
1.566596329688598743e-01
2.204396910279263211e-01
7.256038562817677118e-01
1.510140405616224868e-01
8.494665823656050163e-02
4.605263157894737280e-01
4.126466753585397162e-01
0.000000000000000000e+00
6.321839080459770166e-01
6.121883656509694571e-01
6.129032258064516236e-01
4.000000000000000222e-01
1.000000000000000000e+00
6.501033818753506610e-01
0.000000000000000000e+00
0.000000000000000000e+00
0.000000000000000000e+00
0.000000000000000000e+00
0.000000000000000000e+00
0.000000000000000000e+00
0.000000000000000000e+00
0.000000000000000000e+00
0.000000000000000000e+00
0.000000000000000000e+00
3.818493150684931225e-01
0.000000000000000000e+00
0.000000000000000000e+00
0.000000000000000000e+00
0.000000000000000000e+00
0.000000000000000000e+00
0.000000000000000000e+00
0.000000000000000000e+00
0.000000000000000000e+00
0.000000000000000000e+00
0.000000000000000000e+00
4.435812447701538153e-01
4.452086255990550523e-01
4.978711125111704439e-01
5.022700316226975659e-01
3.185929403363434442e-01
4.632652078006975760e-01
2.262217713211842618e-01
4.208336205999030910e-01
8.644232694680993312e-01
8.456214000964237254e-01
8.274061107514465441e-01
1.709514809421490700e-01
7.515870725241695638e-01
9.560668871222087750e-01
6.926554087884815303e-01
3.558454479758526023e-01
9.593195825735238991e-01
7.372880188559272074e-01
2.056197435679534280e-01
5.942991105984769540e-01
2.128054039361031435e-01
7.089585473176909236e-01
3.935034345590471272e-01
4.880338215227226772e-01
2.160463035027345713e-01
9.051738702236165057e-01
0.000000000000000000e+00
3.516549110308621051e-01
3.515779176916406512e-01
4.007993933233255368e-01
4.088755845922673049e-01
2.128045402498992267e-01
3.700536195185904487e-01
1.633452588845972775e-01
2.955027905788596976e-01
8.310895771283490774e-01
8.149669944728734627e-01
7.824954874313427844e-01
1.191441340973348195e-01
6.987855003099707751e-01
9.410426951006980456e-01
6.049271667110874828e-01
2.877183155756749544e-01
9.496551887890658517e-01
6.482279949986086143e-01
1.540688578036122358e-01
5.043891328904388516e-01
1.482673949227530097e-01
6.425236824438871341e-01
3.391745861461609168e-01
4.355439171325912184e-01
1.572770144091067412e-01
8.773593181270378238e-01
0.000000000000000000e+00
5.000000000000000000e-01
4.928784365684002466e-01
4.918478260869565410e-01
4.205128205128205732e-01
2.500000000000000000e-01
4.845491743634950943e-01
1.652686951412057903e-01
3.003121748178980699e-01
6.156474608224343781e-01
4.977720823010018947e-01
5.804903231809870334e-01
3.046676616541038607e-01
7.702407002188181862e-01
7.650154561554891597e-01
6.374089154802615731e-01
7.904394789947355449e-02
7.563029646943033590e-01
5.975466987525812623e-01
1.753802119593924624e-01
4.717966639778575777e-01
1.613150621127705797e-01
5.469492247611602576e-01
6.152025199552995094e-01
3.904667996568882415e-01
9.872785097682873490e-02
8.298341974231302487e-01
0.000000000000000000e+00
