5.441859064067173790e-01
5.491569636958293366e-01
5.628969866853357207e-01
6.023060584346351387e-01
6.720479169249775619e-01
5.566757072869934486e-01
4.785153007239640877e-01
5.501409770763183715e-01
4.875539242226700765e-01
2.823807923689121147e-01
3.628860290751837470e-01
5.026512374613425482e-01
7.177270799594019923e-01
4.372155298779042965e-01
2.847617142572591575e-01
3.589119082645562120e-01
6.706925022949560278e-01
3.371165855188227867e-01
4.777959671354192750e-01
6.653618985284316389e-01
4.552440329783619122e-01
6.403977412192526364e-01
5.325177359852786285e-01
4.390914517615505108e-01
6.159731689449050585e-01
4.234426033353106966e-01
0.000000000000000000e+00
4.761283340760072980e-01
4.732412550907365567e-01
4.647641052861647970e-01
4.765100671140939381e-01
3.984575835475577810e-01
4.751275452921516207e-01
4.018817204301076695e-01
2.891069812765364455e-01
3.635271916280665705e-01
2.043987568730575299e-01
5.877361275088548442e-01
3.857604978242633598e-01
9.006622516556291869e-01
2.391210907277823150e-01
1.900682716492991808e-01
2.485421237179126219e-01
2.722265932336742633e-01
1.958510136727958650e-01
4.664634146341462562e-01
3.231716626800346104e-01
3.261801585838098316e-01
4.204527953180349220e-01
1.795271810872434703e-01
8.211800414569142559e-02
2.231578947368421662e-01
2.793816353138387498e-01
0.000000000000000000e+00
3.390804597701149170e-01
2.299168975069252330e-01
2.258064516129032473e-01
1.499999999999999944e-01
1.000000000000000000e+00
2.852697867080731808e-01
0.000000000000000000e+00
0.000000000000000000e+00
0.000000000000000000e+00
0.000000000000000000e+00
0.000000000000000000e+00
0.000000000000000000e+00
0.000000000000000000e+00
0.000000000000000000e+00
0.000000000000000000e+00
0.000000000000000000e+00
2.937431394072447799e-01
0.000000000000000000e+00
0.000000000000000000e+00
0.000000000000000000e+00
0.000000000000000000e+00
0.000000000000000000e+00
0.000000000000000000e+00
0.000000000000000000e+00
0.000000000000000000e+00
0.000000000000000000e+00
0.000000000000000000e+00
4.616404274685118603e-01
4.532215641177832488e-01
4.686404040979016417e-01
5.023995391144222555e-01
4.831842397453811611e-01
4.629651348023631208e-01
3.261082894769122831e-01
4.628752408556124354e-01
3.802279447818781577e-01
2.313406533083322003e-01
3.182294747505307608e-01
9.032910350811562683e-02
6.925274793803317674e-01
2.918496696059650342e-01
3.158791051527025662e-01
3.454925310949743533e-01
5.636285559612255192e-01
3.185381824366986248e-01
3.946432433957480779e-01
6.973500663514486941e-01
3.232520395978282224e-01
5.276710020710695392e-01
2.217652768284059661e-01
2.857534473645737538e-01
4.925857470561633145e-01
3.385614878953386864e-01
0.000000000000000000e+00
3.690766055480012575e-01
3.592823375133268882e-01
3.719487827542631853e-01
4.090053180077216077e-01
3.614973526537893500e-01
3.697618447443631884e-01
2.471696762224707133e-01
3.350303822473381099e-01
3.132012445123732447e-01
1.895849592466680722e-01
2.499981871469389993e-01
6.029251970379229109e-02
6.323080440624031517e-01
2.179239534328725747e-01
2.268257315205545188e-01
2.782843898699559615e-01
5.027204326880030383e-01
2.187293957912677944e-01
3.192453967115560509e-01
6.186476113925858389e-01
2.389731050788318212e-01
4.474241136892255777e-01
1.824774707418853614e-01
2.428764641501542920e-01
4.058580751422907196e-01
2.659945046186915629e-01
0.000000000000000000e+00
7.276785714285713969e-01
7.512421331566745408e-01
7.513586956521740579e-01
7.487179487179487225e-01
6.250000000000000000e-01
7.358556546924583941e-01
5.137949719820800176e-01
5.659601252395015658e-01
5.033214356533809442e-01
2.747201564165895338e-01
3.687669993434736782e-01
5.385788727284720467e-01
7.425014148273910708e-01
4.448183464565970135e-01
2.859633590216654753e-01
3.625038058231491167e-01
6.823203750739257334e-01
3.288062497277360885e-01
4.840194773845437615e-01
6.501908823586781683e-01
4.707235032851905809e-01
6.254407783671471766e-01
5.435439942809840996e-01
4.532266819989847484e-01
6.752173910246885846e-01
4.046708317395554255e-01
0.000000000000000000e+00
