2.922969975079487970e-01
2.986816836711800871e-01
2.920633970118171607e-01
2.850821951521018693e-01
3.292642078698845287e-01
2.905591940115073157e-01
2.357828884702504180e-01
6.519515088028430272e-01
3.979884365271044722e-01
4.681121282308495779e-01
4.694213500327372168e-01
4.453655679392973799e-01
3.317405516860767456e-01
6.490810036866903054e-01
5.350339602009948070e-01
4.372264769437101961e-01
3.735201940012237154e-01
5.033589589417220012e-01
4.345241797876393530e-01
4.161644099741417246e-01
3.458914740902667706e-01
9.509482620890680193e-01
3.131753219126920396e-01
1.338209870328075368e-01
6.841138171706548921e-01
2.695915811399900441e-01
0.000000000000000000e+00
3.851295435737464579e-03
6.025200640775316141e-03
3.059918194023791838e-03
7.801296391900414129e-03
2.827763496143959054e-02
3.522216490723872884e-03
6.362346584120779358e-01
1.670030857752720088e-01
3.134870114039601807e-01
5.002956830277940359e-01
1.294654758731005328e-01
6.637598060454097393e-01
3.178807947019867131e-01
4.262093072967093610e-01
2.122485233379224345e-01
1.057706335627793814e-01
1.506968641114982688e-01
2.602290817317025606e-01
1.243723098995695997e-01
1.194929343308395731e-01
4.141117052881759242e-01
2.668138337012508909e-01
8.923556942277688364e-02
4.306569020458855812e-02
2.158636026686434062e-01
2.147682825648926652e-01
0.000000000000000000e+00
7.413793103448276245e-01
7.091412742382272594e-01
6.559139784946237395e-01
4.333333333333333481e-01
1.000000000000000000e+00
6.820027151665616350e-01
0.000000000000000000e+00
0.000000000000000000e+00
0.000000000000000000e+00
0.000000000000000000e+00
0.000000000000000000e+00
0.000000000000000000e+00
0.000000000000000000e+00
0.000000000000000000e+00
0.000000000000000000e+00
0.000000000000000000e+00
4.966592427616926542e-01
0.000000000000000000e+00
0.000000000000000000e+00
0.000000000000000000e+00
0.000000000000000000e+00
0.000000000000000000e+00
0.000000000000000000e+00
0.000000000000000000e+00
0.000000000000000000e+00
0.000000000000000000e+00
0.000000000000000000e+00
1.198993003879307295e-01
1.188055097565458018e-01
1.086467240405474266e-01
1.299639302998415458e-01
1.950080642622524785e-01
1.132757036611116153e-01
3.679263491337183556e-01
5.436373449380660361e-01
5.379936723228793127e-01
5.392649124539501404e-01
5.494083975943171438e-01
2.453593310089936530e-01
6.114486775865255463e-01
6.323219677644719150e-01
5.165277651485635779e-01
3.781591870757248230e-01
6.388740633276048797e-01
5.653906583755261561e-01
3.497868427144461556e-01
3.643830770232183713e-01
3.782981288110560669e-01
7.819562005939248994e-01
2.451253436642357730e-01
4.130539013260456915e-01
6.864033068125375836e-01
3.624757462944434572e-01
0.000000000000000000e+00
8.059735758705904862e-02
7.911986944499282970e-02
7.104332644989963530e-02
8.772138361928882855e-02
1.185119503193674817e-01
7.562216023342432925e-02
2.843918029699560868e-01
4.160629476893084044e-01
4.672973359496189194e-01
4.809226471499610245e-01
4.715539674469215736e-01
1.776760627119896574e-01
5.442591231234559235e-01
5.491615188131091507e-01
4.136167571794776565e-01
3.082679878449831046e-01
5.817393772567600596e-01
4.524075713798678677e-01
2.780070665391247697e-01
2.780155468563924592e-01
2.876899972717447129e-01
7.270594634310802995e-01
2.030025965379338437e-01
3.621220410999244077e-01
6.117130372940235983e-01
2.875919762890170039e-01
0.000000000000000000e+00
4.119897959183673741e-01
4.471679364027825176e-01
4.347826086956521063e-01
4.000000000000001332e-01
2.500000000000000000e-01
4.204946121016275296e-01
2.480803200174820367e-01
6.818233071200988649e-01
3.660175714660373059e-01
4.203082361194696581e-01
4.510590594586612045e-01
4.764463512187405714e-01
3.546220539748442535e-01
6.439747900779818623e-01
5.549642779653165547e-01
4.670565758603340001e-01
3.029108901613912774e-01
5.004087041168499006e-01
4.492463797237654655e-01
4.226577926132951690e-01
3.440757816314871653e-01
9.423795246310782137e-01
3.335103845459219674e-01
1.576651848152652580e-01
6.973251272339922036e-01
2.494559666030110590e-01
0.000000000000000000e+00
