4.277283035954959622e-01
4.477476406873295289e-01
4.625222177882455377e-01
5.238029731643709663e-01
4.183611377553251298e-01
4.430682583910308114e-01
9.349218847275327926e-01
3.807802455683143572e-01
5.963486396762616160e-01
2.114744202562350850e-01
2.799028989500454978e-01
8.092424314218176207e-01
3.671208507619474481e-01
2.312460637159522991e-01
1.975578673604180546e-01
2.270593942325622727e-01
5.197059162199363369e-01
1.055861169138417877e-01
7.924496719200297967e-01
2.735832227523788962e-01
7.297844298850760802e-01
3.787866482447473926e-01
4.421561949640850919e-01
5.794775494449524444e-01
6.636757749541013496e-01
1.150701744760003198e-01
0.000000000000000000e+00
5.420459609141256574e-02
6.960860105361313388e-02
8.227433103319073404e-02
5.598577410657948339e-02
5.912596401028277771e-02
6.034288901172903119e-02
3.715622415219190233e-01
9.694347360241539757e-02
3.334125130316587526e-01
1.412243316543974059e-01
8.633412042502952577e-02
3.747401972774926371e-01
2.722932388726321262e-01
3.989372043289483027e-01
4.191981931112365167e-01
1.179687027974140601e-01
3.694503765314151034e-01
9.346177861029350553e-02
4.344512195121950637e-01
7.125044531528321179e-02
8.199006875477463652e-01
2.980132450331125504e-01
2.333853354134166058e-01
1.668429290579127589e-01
1.970624235006120384e-01
2.053455019556714722e-01
0.000000000000000000e+00
2.471264367816091712e-01
2.077562326869806242e-01
2.258064516129032473e-01
1.166666666666666685e-01
1.000000000000000000e+00
2.184560498792800232e-01
0.000000000000000000e+00
0.000000000000000000e+00
0.000000000000000000e+00
0.000000000000000000e+00
0.000000000000000000e+00
0.000000000000000000e+00
0.000000000000000000e+00
0.000000000000000000e+00
0.000000000000000000e+00
0.000000000000000000e+00
3.383915022761760372e-01
0.000000000000000000e+00
0.000000000000000000e+00
0.000000000000000000e+00
0.000000000000000000e+00
0.000000000000000000e+00
0.000000000000000000e+00
0.000000000000000000e+00
0.000000000000000000e+00
0.000000000000000000e+00
0.000000000000000000e+00
1.446634094200419662e-01
1.463547570772004702e-01
1.577550260317805986e-01
1.872805292582999659e-01
2.221898256327372589e-01
1.452996581072121263e-01
7.126938661470070269e-01
3.288402038091142177e-01
4.926084317195762452e-01
1.534514085611340395e-01
1.586301851298557164e-01
1.349190492642386996e-01
4.719371520507062989e-01
1.019691729847543860e-01
2.123102175821045545e-01
2.297349550022547149e-01
6.014621466637697367e-01
1.232368437432972419e-01
9.200402019313445034e-01
1.918088939198578924e-01
7.264024016327987887e-01
5.400285587661246556e-01
2.997891063091207009e-01
3.707401528061045060e-01
5.551938511851989277e-01
1.483088762216548950e-01
0.000000000000000000e+00
9.857828635919207994e-02
9.899501762552631590e-02
1.061630433064407186e-01
1.304183774122223971e-01
1.379741261631242388e-01
9.874544982424965367e-02
6.391433949821454519e-01
2.153508857540089583e-01
4.215170583718191311e-01
1.229477024931183715e-01
1.166564418816075643e-01
9.225436288366989368e-02
4.014575990753045942e-01
6.921466994824931884e-02
1.433937942827993028e-01
1.771409935457488594e-01
5.421007946149138945e-01
7.355604044495939187e-02
8.968223856522462567e-01
1.340019969137140055e-01
6.498356258578996680e-01
4.600510339341412069e-01
2.520033639722492058e-01
3.217302055769799551e-01
4.695041526891153283e-01
1.073770330247031946e-01
0.000000000000000000e+00
5.542091836734692745e-01
5.942365021530309210e-01
5.951086956521740579e-01
6.410256410256411908e-01
3.750000000000000000e-01
5.660417533568282700e-01
9.526868433037523065e-01
3.944998154963328396e-01
6.192070965903698765e-01
2.097654747029971123e-01
3.130050811802334021e-01
8.336911919995889653e-01
3.822240003797422458e-01
2.535645106169385210e-01
2.085817948053168280e-01
2.252029490951112933e-01
4.976412349784959943e-01
1.129020496795042627e-01
7.707658801557711881e-01
2.800063231085047066e-01
7.098268423366906887e-01
3.538841725109820313e-01
4.414607545072370964e-01
6.031857258848707382e-01
7.017293635229095994e-01
1.257516437817283173e-01
0.000000000000000000e+00
