4.767516786249541560e-01
4.921981294180144406e-01
5.037392263098041667e-01
6.178400501780221266e-01
4.896443635638667580e-01
4.983459584908236373e-01
8.224649330585079854e-01
5.758786124786805516e-01
5.604691719380880954e-01
6.788574296795002461e-02
1.692857120230705226e-01
6.743539093470509727e-01
8.826882792993742122e-01
1.947911084795533321e-01
1.370808834586078884e-01
3.347273995047257422e-01
4.571304107106574088e-01
1.573946174693852673e-01
7.231785575686495715e-01
6.044129610467291469e-01
7.671272741213152058e-01
4.863966987224893623e-01
4.375484869825168044e-01
5.067712858215811522e-01
7.838744877618117890e-01
1.983021625855364567e-01
0.000000000000000000e+00
9.816029027945763485e-02
1.037035856319686311e-01
9.982202516626595412e-02
1.165605460907474245e-01
1.516709511568123392e-01
1.015879740214259280e-01
6.567864553857765131e-01
6.554186677803299776e-01
2.610986138659665556e-01
1.420850519129569500e-01
2.205181182453913591e-02
5.225343153974502108e-01
1.759914744614448356e-01
3.897781522044369007e-01
8.507356878745376827e-01
1.041666666666666297e-01
1.154140395276407050e-01
1.165446979480556922e-01
2.317073170731707710e-01
1.375238374651606144e-01
2.695594047895839007e-01
3.664569536423840646e-01
1.999593027199349504e-01
7.571023671535537236e-02
5.684210526315789380e-01
2.755604155276107914e-01
0.000000000000000000e+00
2.126436781609195581e-01
2.271468144044321291e-01
2.688172043010753076e-01
1.999999999999999833e-01
1.000000000000000000e+00
2.556381958130150012e-01
4.937500000000000222e-01
0.000000000000000000e+00
0.000000000000000000e+00
0.000000000000000000e+00
0.000000000000000000e+00
0.000000000000000000e+00
0.000000000000000000e+00
0.000000000000000000e+00
0.000000000000000000e+00
0.000000000000000000e+00
3.568000000000000060e-01
0.000000000000000000e+00
0.000000000000000000e+00
0.000000000000000000e+00
0.000000000000000000e+00
0.000000000000000000e+00
0.000000000000000000e+00
0.000000000000000000e+00
0.000000000000000000e+00
0.000000000000000000e+00
0.000000000000000000e+00
2.244703418443395604e-01
2.228435136949491469e-01
2.292730582594691979e-01
2.916063916850182292e-01
2.815886593840803975e-01
2.271836694186670780e-01
6.586392249410084609e-01
6.028037305674698310e-01
4.577818898239041090e-01
1.823860780935571135e-02
1.025003870557907870e-01
1.114149656312543035e-01
7.456826541162202560e-01
1.164129894555857581e-01
3.370215091670092367e-01
3.194142688399430607e-01
4.194194507706940911e-01
1.987438808928104761e-01
6.959164702236961819e-01
4.797417534092751623e-01
5.956866306258332688e-01
5.052438404026691199e-01
3.329061634877523712e-01
3.737025715637678491e-01
6.942679197386208978e-01
2.251248801139771327e-01
0.000000000000000000e+00
1.596334208138013300e-01
1.571936981135197420e-01
1.606588351382279289e-01
2.144340512902898066e-01
1.830098401899513394e-01
1.613673069947288430e-01
5.778787717531022050e-01
4.796846860589749628e-01
3.871819316726057836e-01
1.403398084744578167e-02
7.356930222489327376e-02
7.522559238835024864e-02
6.920507293860471698e-01
7.962029133361375743e-02
2.449439750453788478e-01
2.548033723684607343e-01
3.591167232369574247e-01
1.255236867026232328e-01
6.291293235004450368e-01
3.866688330766760440e-01
5.028997098416064793e-01
4.247592754031747631e-01
2.823513642146371350e-01
3.245335796027197794e-01
6.206164709061989804e-01
1.685964079526174331e-01
0.000000000000000000e+00
6.065051020408163129e-01
6.319973501159326101e-01
6.290760869565217295e-01
7.153846153846155076e-01
5.000000000000000000e-01
6.163734677527157313e-01
8.293177949456591591e-01
5.424062919974431685e-01
5.634131929959133034e-01
7.738802154676038825e-02
2.138905661474295172e-01
6.901379512493158730e-01
9.263157894736840925e-01
2.154634348345857986e-01
1.352295612884313047e-01
3.404262550204797400e-01
4.539538391232293968e-01
1.548540986147548815e-01
7.068076999623077450e-01
6.128086860730461716e-01
7.595383351606435074e-01
4.566944036547562202e-01
4.436361797608212587e-01
5.317441224922045961e-01
8.198373338623288209e-01
2.054540648294581606e-01
0.000000000000000000e+00
