4.654000622776581775e-01
4.891300440172274833e-01
5.042114444485892299e-01
5.682800514051844498e-01
6.470215413001951799e-01
4.866240261586152194e-01
7.961864746358503497e-01
5.516019165043107852e-01
6.157111404659181275e-01
3.045655082855700524e-01
2.331434065446571502e-01
7.761160276886798215e-01
6.215741760301742858e-01
2.849231028149507572e-01
2.152966800201453201e-01
2.533427286342244678e-01
7.164425493383125287e-01
1.400958584781666350e-01
6.898702003038659214e-01
2.647270134067996050e-01
6.783120236155383287e-01
4.317841673239825040e-01
4.274170684983600310e-01
5.802112123481759642e-01
5.971841790472229849e-01
1.205250984808976522e-01
0.000000000000000000e+00
5.502578139919790390e-01
5.591960023271937974e-01
6.280013738408216639e-01
5.491883210004014915e-01
2.262210796915166966e-01
5.670941328345129318e-01
4.524236217784605718e-01
3.732596660138944866e-01
4.521923603178389373e-01
1.565784704603115918e-01
3.858154832180804572e-02
3.060231771614241314e-01
8.896247240618101459e-01
2.707104745857904504e-01
2.094035750103238058e-01
8.224578575312668782e-02
1.396487069185732011e-01
1.884662150425568672e-01
3.055501441595885326e-01
6.065916290355194418e-02
3.897058823529412908e-01
2.692956050571945203e-01
4.167829871089580585e-01
1.030500444181225994e-01
1.700404858299595090e-01
8.984913391693055695e-02
0.000000000000000000e+00
5.919540229885057459e-01
5.900277008310248483e-01
5.591397849462366176e-01
5.166666666666666075e-01
1.000000000000000000e+00
6.078011366585281960e-01
0.000000000000000000e+00
0.000000000000000000e+00
0.000000000000000000e+00
0.000000000000000000e+00
0.000000000000000000e+00
0.000000000000000000e+00
0.000000000000000000e+00
0.000000000000000000e+00
0.000000000000000000e+00
0.000000000000000000e+00
5.080884028252449225e-01
0.000000000000000000e+00
0.000000000000000000e+00
0.000000000000000000e+00
0.000000000000000000e+00
0.000000000000000000e+00
0.000000000000000000e+00
0.000000000000000000e+00
0.000000000000000000e+00
0.000000000000000000e+00
0.000000000000000000e+00
4.183264390765834007e-01
4.244103965973826664e-01
4.814705632001811120e-01
4.672188843722373530e-01
4.233470048235655758e-01
4.322893365469853144e-01
6.801186224835151783e-01
5.784213039691217251e-01
4.218152649749318250e-01
9.309999235468469081e-02
1.243079781681124540e-01
1.357687462202046280e-01
6.626408885623447098e-01
1.541361063676484067e-01
2.654955683473300132e-01
2.350713677966151938e-01
5.493116690384454159e-01
1.620946137661101183e-01
7.452922022647199274e-01
2.147657516728291860e-01
5.157309291420917319e-01
4.276378041695936272e-01
3.106697323343257100e-01
3.840105215534024286e-01
4.840656316286374716e-01
1.195098959640379377e-01
0.000000000000000000e+00
3.276990138090695170e-01
3.318076236254371980e-01
3.845304010454644872e-01
3.742239677814778731e-01
3.043855365405757629e-01
3.402905604583151278e-01
6.019718287496282905e-01
4.530300976253990308e-01
3.524470162118639727e-01
7.327381952873479598e-02
9.007416002669599298e-02
9.287753487037070377e-02
5.994194993553096928e-01
1.075007023368023118e-01
1.851340156860272201e-01
1.816285601475166045e-01
4.880031189524240975e-01
9.964506320448554555e-02
6.853804950429119858e-01
1.518787180580388196e-01
4.195119561357858462e-01
3.488303322718032118e-01
2.619191376347009825e-01
3.343168588604845670e-01
3.974069868587935539e-01
8.541099480211694628e-02
0.000000000000000000e+00
5.395408163265305035e-01
5.693938390195429911e-01
5.706521739130434590e-01
6.051282051282051988e-01
6.250000000000000000e-01
5.442694485496115675e-01
8.130381436888762803e-01
5.295735552308361571e-01
6.062184165968572680e-01
3.038430858169127724e-01
2.681994264798813754e-01
7.971634861552742146e-01
6.449640719589785354e-01
3.098058632862720208e-01
2.225830014429936721e-01
2.724536746630212836e-01
7.049340422873950907e-01
1.435267751893692656e-01
6.853069269142156861e-01
2.595210045181088887e-01
6.875486058548105905e-01
4.128292982918533305e-01
4.166486883993840706e-01
6.042642010420522514e-01
6.456636360695549026e-01
1.196588433093602744e-01
0.000000000000000000e+00
