5.108318505378079966e-01
5.360770063211406367e-01
5.771014246875856291e-01
6.683624459071630941e-01
2.887362971420823765e-01
5.402716456118670241e-01
8.733992587483830894e-01
3.989169270301777814e-01
6.701055040387735584e-01
2.908285469591938011e-01
5.344298231018196343e-02
9.202276118291963236e-01
7.488156509341707956e-01
8.889045384949123552e-02
6.918277929431124185e-02
2.401081973657857027e-01
1.419735190009731030e-01
4.811441007519295932e-02
8.774658820592682318e-01
2.296109970243039866e-01
8.144701004914022269e-01
4.061380632353334130e-01
7.506670538299218265e-01
7.727676569041306287e-01
7.379354867688878716e-01
1.471893625310508602e-01
0.000000000000000000e+00
4.507766248647271379e-01
4.595092171224087751e-01
4.695725481624878905e-01
4.754201801181666687e-01
2.827763496143959054e-01
4.579911708232453638e-01
5.870102583117045025e-01
3.257381499269158542e-01
2.764273600904465500e-01
3.363458720078162933e-01
1.057683067461079873e-01
4.989384722817639117e-01
2.046487469159849748e-01
2.789220385594903817e-01
5.100790513833991513e-01
3.956126403314955686e-01
1.461957630328991342e-01
3.772878765709083426e-01
5.358231707317071546e-01
3.054862842892768771e-01
4.948083778966131940e-01
6.316122604465803647e-01
3.775351014040561615e-01
1.575707074532921026e-01
5.841148325358851423e-01
2.901505274386629862e-01
0.000000000000000000e+00
6.321839080459770166e-01
5.789473684210526550e-01
5.591397849462366176e-01
4.000000000000000222e-01
1.000000000000000000e+00
6.260276458163531732e-01
0.000000000000000000e+00
0.000000000000000000e+00
0.000000000000000000e+00
0.000000000000000000e+00
0.000000000000000000e+00
0.000000000000000000e+00
0.000000000000000000e+00
0.000000000000000000e+00
0.000000000000000000e+00
0.000000000000000000e+00
3.550955414012739175e-01
0.000000000000000000e+00
0.000000000000000000e+00
0.000000000000000000e+00
0.000000000000000000e+00
0.000000000000000000e+00
0.000000000000000000e+00
0.000000000000000000e+00
0.000000000000000000e+00
0.000000000000000000e+00
0.000000000000000000e+00
5.380349832548870781e-01
5.379254479629038688e-01
5.553946062179774268e-01
6.414751906331701559e-01
2.792281055856246086e-01
5.454841112702022432e-01
6.070400919141343277e-01
3.472119516883198087e-01
5.039110809266889035e-01
3.589653724518997446e-01
5.413721540502192120e-02
2.052240183114983907e-01
5.551673698982253491e-01
3.731394005981825135e-02
1.802637732967918849e-01
2.436945171643043473e-01
1.522645381647216301e-01
1.007875084077471950e-01
8.355070892404719007e-01
2.714170680304481831e-01
6.801995384710251003e-01
5.401476131017362015e-01
5.974571175941469914e-01
5.731961394354974093e-01
5.706012072903045018e-01
1.027650591016291415e-01
0.000000000000000000e+00
4.454619258095099399e-01
4.437019597347232058e-01
4.595126313292367537e-01
5.555562178154251907e-01
1.811544766043995669e-01
4.525421891228970650e-01
5.213554159725650727e-01
2.306622933735026915e-01
4.328085185569788274e-01
3.049317749783312381e-01
3.803339214923717737e-02
1.456013432273242647e-01
4.853258102597631241e-01
2.446501887652619001e-02
1.193691135311976126e-01
1.889158297981761159e-01
1.202987787030054267e-01
5.911642503557967832e-02
7.921320179186811528e-01
1.976753931007709797e-01
5.963952532590842681e-01
4.601731616117871737e-01
5.427085806686745562e-01
5.218016938383851500e-01
4.855840283024357995e-01
7.288622198415700693e-02
0.000000000000000000e+00
6.479591836734692745e-01
6.916197416363034645e-01
7.228260869565217295e-01
7.743589743589744945e-01
2.500000000000000000e-01
6.762382653747243122e-01
8.914707360446749718e-01
4.087867225180764064e-01
6.665448676958681817e-01
3.045289391384695676e-01
7.702116782033796571e-02
9.253581894908283756e-01
7.953216374269006517e-01
1.071465981249862254e-01
7.026044017347551907e-02
2.833512229276478056e-01
1.386526092994946335e-01
4.341984260267087170e-02
8.599051284897448744e-01
2.159349633411647984e-01
8.231204799728506494e-01
3.731904502631622211e-01
7.491970963445038212e-01
7.824018094414644242e-01
7.957066537153958397e-01
1.486476013330233492e-01
0.000000000000000000e+00
