3.776159331623236692e-01
3.702351344227445828e-01
3.852699490500943735e-01
3.203698899862543747e-01
3.164555737240231092e-01
3.706132670075779068e-01
2.537945156595949880e-01
1.751198877733637915e-01
4.720020544489238468e-01
6.324024813801665257e-01
6.596669021163622526e-01
3.820895625961471254e-01
3.354599742389474670e-01
6.708331773299927026e-01
6.511884933505482920e-01
2.156435275178356648e-01
6.252159178441191179e-01
5.441030810588962652e-01
1.683560475997589734e-01
4.151235334066988303e-01
1.630924026813700412e-01
6.542249267286458503e-01
5.754597144650819285e-01
3.463368611882513548e-01
3.391549285365620947e-01
6.596613282802772371e-01
0.000000000000000000e+00
3.832198102998279898e-02
3.976951216596399941e-02
4.680425890654760224e-02
3.235243503699880563e-02
5.398457583547558447e-02
3.863653189286868350e-02
1.268677559000139232e-01
1.005108654528013012e-01
2.404872190770286355e-01
2.201884740848133459e-01
1.873918892946377368e-01
2.164022304867818658e-01
1.792306608426095516e-01
4.822456039721091381e-01
2.666081100863708642e-01
1.221713989202714012e-01
1.584540808639775811e-01
2.379443658651579641e-01
4.190451478982876177e-02
1.106700703861647483e-01
2.351118133203695115e-01
5.759683016328897009e-01
2.032363647487075986e-01
1.206770257001698599e-01
1.886315789473684279e-01
1.691883205481944374e-01
0.000000000000000000e+00
5.747126436781608838e-01
5.401662049861495341e-01
5.268817204301076140e-01
3.833333333333333037e-01
1.000000000000000000e+00
5.465526365156776478e-01
0.000000000000000000e+00
0.000000000000000000e+00
0.000000000000000000e+00
0.000000000000000000e+00
0.000000000000000000e+00
0.000000000000000000e+00
0.000000000000000000e+00
0.000000000000000000e+00
0.000000000000000000e+00
0.000000000000000000e+00
5.234741784037558743e-01
0.000000000000000000e+00
0.000000000000000000e+00
0.000000000000000000e+00
0.000000000000000000e+00
0.000000000000000000e+00
0.000000000000000000e+00
0.000000000000000000e+00
0.000000000000000000e+00
0.000000000000000000e+00
0.000000000000000000e+00
1.344550364777136187e-01
1.247775970371999277e-01
1.460182284743587466e-01
1.154414452327109375e-01
2.264087324145543922e-01
1.288490763096197256e-01
2.741323500794725643e-01
2.517926127676931025e-01
5.635492390330021362e-01
7.901338618579238915e-01
6.352620625820240008e-01
1.158782778495874854e-01
3.188218946952250388e-01
6.287458209134416665e-01
5.164652699668983438e-01
3.095416223818128199e-01
5.786349529063006258e-01
4.492215569654951501e-01
5.594127398124437711e-02
3.668749451595907374e-01
2.330023322163348176e-01
7.971398969312353255e-01
5.855915247375544919e-01
4.201492854005974831e-01
4.006208831697283257e-01
5.251243674252839000e-01
0.000000000000000000e+00
9.111076453014949061e-02
8.337952840209433836e-02
9.759917875342866145e-02
7.729286843918570238e-02
1.410594244302445233e-01
8.677106692059249893e-02
2.026571679451030783e-01
1.549181916489929534e-01
4.935909886195545826e-01
7.511959298961390363e-01
5.623937350734892204e-01
7.842820820290752337e-02
2.574029742747771521e-01
5.452514234541436799e-01
4.135534122981876504e-01
2.460194748369687323e-01
5.182555132508623874e-01
3.354579708010156924e-01
3.927362904000769595e-02
2.802576926413111180e-01
1.641521460976246571e-01
7.450742161046695067e-01
5.303485523852650152e-01
3.689687981985263487e-01
3.173010529171366723e-01
4.443164167573213641e-01
0.000000000000000000e+00
5.076530612244898322e-01
5.167273931765485884e-01
5.353260869565217295e-01
4.358974358974359031e-01
2.500000000000000000e-01
5.036320489755545804e-01
2.772020551082441386e-01
1.436900357980373522e-01
4.831633051907443521e-01
6.745115408766719778e-01
6.410093324474561705e-01
4.042806980785472737e-01
3.658326143226920957e-01
6.613107425043974752e-01
6.538526324495566033e-01
1.885499308490230508e-01
6.290103595265852388e-01
5.373129341230798994e-01
1.936663004101347729e-01
4.159816424034219473e-01
1.730972374340671860e-01
6.310901380829956331e-01
5.732078320195399534e-01
3.651514854630231177e-01
3.159887323943662008e-01
6.416115853456005880e-01
0.000000000000000000e+00
