4.088340195985253889e-01
4.214534781178571610e-01
4.333375038965461279e-01
4.751855509039732972e-01
5.106514912915351978e-01
4.207565543150935117e-01
7.275558570035648431e-01
4.117185451104279359e-01
5.875613849055336679e-01
3.233935065668920306e-01
3.952020884845733883e-01
6.977963393347876853e-01
5.586295939179406478e-01
3.983291964989294498e-01
2.219259273703747259e-01
1.958121476593255306e-01
6.533045218110781205e-01
1.968163776807759224e-01
6.089657602645379697e-01
2.764845971500067279e-01
6.473176101164456187e-01
5.444551959003179897e-01
4.683978034479998609e-01
4.791704677500070453e-01
5.464246876057226032e-01
2.299656242098635506e-01
0.000000000000000000e+00
1.104780698962378183e-01
1.079355717963227101e-01
1.050988228682049330e-01
1.176504330866746939e-01
8.483290488431877163e-02
1.098313695397920980e-01
3.762296957218029259e-01
3.557091060954079564e-01
3.824631931301948340e-01
1.820224719101123378e-01
1.450223960633398868e-01
5.232767391216509578e-01
2.528222900868133394e-01
2.622056404701729182e-01
1.900682716492991808e-01
2.639667115871101588e-01
2.846911808359487983e-01
1.800660066006601057e-01
4.528824833702881913e-01
5.818786367414796601e-02
3.011363636363637020e-01
3.127919135587312605e-01
2.333853354134166058e-01
1.402625604580001739e-01
2.383900928792569984e-01
4.215310113615198251e-01
0.000000000000000000e+00
7.183908045977011048e-01
6.481994459833795297e-01
5.591397849462366176e-01
4.333333333333333481e-01
1.000000000000000000e+00
6.733780281372486742e-01
0.000000000000000000e+00
0.000000000000000000e+00
0.000000000000000000e+00
0.000000000000000000e+00
0.000000000000000000e+00
0.000000000000000000e+00
0.000000000000000000e+00
0.000000000000000000e+00
0.000000000000000000e+00
0.000000000000000000e+00
4.560327198364008683e-01
0.000000000000000000e+00
0.000000000000000000e+00
0.000000000000000000e+00
0.000000000000000000e+00
0.000000000000000000e+00
0.000000000000000000e+00
0.000000000000000000e+00
0.000000000000000000e+00
0.000000000000000000e+00
0.000000000000000000e+00
1.016042396527108149e-01
1.034031375620685367e-01
1.101930927380111447e-01
1.399312676311267323e-01
2.621481399245760846e-01
1.024317506713466885e-01
4.632045153429606987e-01
3.379697681714321500e-01
4.605749798088778491e-01
1.799204424083438170e-01
2.578294959406974840e-01
9.002392804797465509e-02
4.876376216251023799e-01
1.699549541051671442e-01
2.070269927312867742e-01
2.113445065076635654e-01
5.186431517860730089e-01
1.384539900311549943e-01
4.483876453530308837e-01
1.978476183718569370e-01
5.241667577786524035e-01
4.777072824528167949e-01
2.036140063552338564e-01
2.826285205816654322e-01
4.246390769899385242e-01
2.226437744855565004e-01
0.000000000000000000e+00
6.760693179345328430e-02
6.825875091186711652e-02
7.212065098595654700e-02
9.497006431610843791e-02
1.678916572895556569e-01
6.796641187737789691e-02
3.738905897205312967e-01
2.229162720420891364e-01
3.899101617399713393e-01
1.452733867849246296e-01
1.976510132794579988e-01
6.007877977258468949e-02
4.169785711260398098e-01
1.194950567367800143e-01
1.393747808635238949e-01
1.618055435678927845e-01
4.568184956405567654e-01
8.360739102575373560e-02
3.703272944108577658e-01
1.386663111387462788e-01
4.280774508202613848e-01
3.973738735949849388e-01
1.667005349396483149e-01
2.400348878887806903e-01
3.398629631312643506e-01
1.665592975953253951e-01
0.000000000000000000e+00
6.479591836734692745e-01
6.757204372308711626e-01
6.739130434782609758e-01
6.871794871794871806e-01
5.000000000000000000e-01
6.607409552031062727e-01
7.426814350737356296e-01
4.290173925969972268e-01
5.887799091514046568e-01
3.313682645777102920e-01
4.199924260259140230e-01
7.212763667798381961e-01
5.970394736842105088e-01
4.199408374381826681e-01
2.331051203707023289e-01
1.988285593448531063e-01
6.512605608129240498e-01
2.093477086071507676e-01
6.236240199809602869e-01
2.735571045927932543e-01
6.548572950159716743e-01
5.312152360610511437e-01
4.804614026344349309e-01
5.023325106846812105e-01
6.053423992229237660e-01
2.215902396178112133e-01
0.000000000000000000e+00
