3.000352856858112816e-01
3.096611965346152129e-01
3.193517813179009845e-01
3.519775995827501003e-01
4.247242160852198190e-01
3.105271314343749367e-01
4.841379668395061620e-01
7.313909415534339820e-01
4.358136916335249023e-01
3.218747040754428301e-01
2.363711707875699730e-01
6.014748362301154394e-01
5.577570807582941104e-01
3.138207200119396689e-01
2.299070369400571801e-01
5.850139435976182689e-01
4.522460649150522594e-01
2.787283070598953194e-01
6.275743535489790581e-01
6.855789474542109962e-01
5.626082676613909372e-01
7.650124193546622431e-01
3.555430681454523345e-01
3.832725810071266892e-01
8.911734301161515770e-01
1.249731191031836497e-01
0.000000000000000000e+00
7.828314978674644209e-02
7.938759733169686861e-02
7.609204733506103047e-02
7.852922618023289170e-02
1.105398457583547378e-01
7.767796676572173709e-02
4.680529636541367888e-01
1.756019516556427407e-01
2.477707692491831204e-01
1.733547351524878932e-01
1.160468319559229133e-01
5.760182264596724888e-01
1.059602649006622654e-01
2.167579331648413765e-01
2.595271832351397912e-02
1.219825137012665595e-01
1.154140395276407050e-01
2.987458745874588262e-01
1.771224202626641708e-01
1.090521285211408786e-01
5.432263814616755671e-01
3.760117733627666992e-01
1.510140405616224868e-01
6.440627776132662463e-02
4.160990712074303377e-01
1.393860376911224552e-01
0.000000000000000000e+00
7.528735632183908288e-01
7.036011080332409406e-01
6.451612903225807383e-01
4.333333333333333481e-01
1.000000000000000000e+00
6.744095488688726103e-01
0.000000000000000000e+00
0.000000000000000000e+00
0.000000000000000000e+00
0.000000000000000000e+00
0.000000000000000000e+00
0.000000000000000000e+00
0.000000000000000000e+00
0.000000000000000000e+00
0.000000000000000000e+00
0.000000000000000000e+00
4.826839826839826597e-01
0.000000000000000000e+00
0.000000000000000000e+00
0.000000000000000000e+00
0.000000000000000000e+00
0.000000000000000000e+00
0.000000000000000000e+00
0.000000000000000000e+00
0.000000000000000000e+00
0.000000000000000000e+00
0.000000000000000000e+00
1.765189628094040453e-01
1.714425277259672420e-01
1.800679837249592463e-01
2.128818298272108223e-01
2.796483845362369713e-01
1.766329030110995735e-01
4.725877111701983768e-01
6.163336666052992019e-01
6.007466870516839919e-01
4.890612842255033232e-01
3.146005185053304398e-01
2.217743684014512606e-01
6.904193455517086964e-01
3.715853502588891688e-01
3.761382385647384918e-01
6.555023873869216811e-01
5.789165276879337796e-01
4.869849531682817201e-01
6.095892096772528301e-01
6.426435372206911190e-01
5.485413578577067462e-01
7.871004528009364343e-01
3.980040677084801803e-01
6.391439387626400848e-01
9.191443989043349694e-01
3.504179112828067488e-01
0.000000000000000000e+00
1.223799947011935396e-01
1.175949419983653432e-01
1.227389090119629933e-01
1.502826661999370206e-01
1.814844128446303773e-01
1.221141906631320606e-01
3.830573762426721651e-01
4.947392237510426227e-01
5.325266847136218562e-01
4.303850906358337447e-01
2.467882693499353630e-01
1.586851106111973331e-01
6.299715975652127042e-01
2.880604901545618657e-01
2.794369021725017221e-01
5.883859170871073019e-01
5.185480740971797342e-01
3.721136899545415266e-01
5.344784835766848152e-01
5.570051194141272255e-01
4.531348158129674397e-01
7.331462520174809594e-01
3.434616112171269275e-01
5.906913184106292736e-01
8.933570295867903077e-01
2.766559638132021215e-01
0.000000000000000000e+00
4.158163265306122902e-01
4.418681682676384170e-01
4.483695652173913526e-01
4.666666666666667851e-01
3.750000000000000000e-01
4.298155951385804752e-01
5.126174550389197559e-01
7.324687190680441162e-01
4.018562401263824357e-01
2.838243166567697706e-01
2.392536564105111063e-01
6.357637594915025447e-01
5.886561062851302095e-01
3.152786243120663245e-01
2.189259235229973621e-01
6.094369263565957429e-01
4.103723839193633705e-01
2.611537085829147564e-01
6.411670722316112903e-01
6.862976019215540902e-01
5.713347632938914344e-01
7.418175885136237824e-01
3.560962414116661812e-01
3.978878664818279454e-01
8.931685923926795390e-01
9.845490477901541748e-02
0.000000000000000000e+00
