5.482494172847123259e-01
5.562052174583986819e-01
5.591841572092466350e-01
6.151795789281602200e-01
7.176871240753381898e-01
5.589611064243560357e-01
5.931964520722056156e-01
6.326976154251794382e-01
4.210178373078938829e-01
3.322325081136001668e-01
3.091443453909635819e-01
6.428992830082882470e-01
7.683585475814398436e-01
3.122770748380879202e-01
2.354923783721744879e-01
5.765402449125693884e-01
6.648072669811656565e-01
2.144459404185004581e-01
5.742984317272508132e-01
7.262204165418476576e-01
4.974380669794087328e-01
4.677140398164055801e-01
3.287694873014381791e-01
4.006223428136104214e-01
7.133491891599168522e-01
3.260389552995341944e-01
0.000000000000000000e+00
2.366955248583614557e-01
2.448096403210252292e-01
2.956255659287475579e-01
2.518212585326679021e-01
9.254498714652956148e-02
2.483140718991629359e-01
4.121863799283154717e-01
1.987183833080680140e-01
1.694267001705468956e-01
3.590919513872964375e-01
2.335609054976645060e-02
2.414412715116077690e-01
1.646023962388150352e-01
1.952041424373806011e-01
3.828458498023715739e-01
1.358301613195577184e-01
5.152860514780263079e-01
1.918799427112522771e-01
2.486026422764227584e-01
1.496259351620947697e-01
2.351118133203695115e-01
2.368724631488998700e-01
1.613104524180966615e-01
1.213655796564998557e-01
3.584637268847796210e-01
3.746074884771471991e-02
0.000000000000000000e+00
6.551724137931034253e-01
6.121883656509694571e-01
6.021505376344086224e-01
3.833333333333333037e-01
1.000000000000000000e+00
6.174451763524602121e-01
0.000000000000000000e+00
0.000000000000000000e+00
0.000000000000000000e+00
0.000000000000000000e+00
0.000000000000000000e+00
0.000000000000000000e+00
0.000000000000000000e+00
0.000000000000000000e+00
0.000000000000000000e+00
0.000000000000000000e+00
6.281690140845070935e-01
0.000000000000000000e+00
0.000000000000000000e+00
0.000000000000000000e+00
0.000000000000000000e+00
0.000000000000000000e+00
0.000000000000000000e+00
0.000000000000000000e+00
0.000000000000000000e+00
0.000000000000000000e+00
0.000000000000000000e+00
2.773143403224428427e-01
2.741394832740855492e-01
3.005250675043106279e-01
3.076260490373325940e-01
3.963016070488920573e-01
2.801507716815043736e-01
4.085505901694148623e-01
5.142199142958487901e-01
3.169762814995242817e-01
2.202002070741941875e-01
1.762462833079549984e-01
6.557217534864479003e-02
5.999001823919476450e-01
2.070635134859423188e-01
2.924569898523372569e-01
6.182056934536976911e-01
6.802935885084622214e-01
2.115387921438089958e-01
4.635143813874273988e-01
7.059382504461955143e-01
3.292646923322657404e-01
3.284259417423949223e-01
8.546685500335349239e-02
2.661045892298858906e-01
7.050361490113202789e-01
2.055389182784990165e-01
0.000000000000000000e+00
2.026717385001543525e-01
1.987084945822487625e-01
2.189018999894286055e-01
2.280552304145294085e-01
2.797170235739298016e-01
2.045521562290943396e-01
3.217543355762254031e-01
3.857703181954557081e-01
2.553970352907246055e-01
1.798792645598302764e-01
1.305877141142028908e-01
4.317445127331265287e-02
5.320203584556930654e-01
1.483344800218868165e-01
2.071840034429024424e-01
5.480551463486644792e-01
6.264326854541291123e-01
1.348492575232439761e-01
3.850334452098171933e-01
6.285273532557742460e-01
2.441808413207442185e-01
2.574106738940492023e-01
6.767378859655459600e-02
2.250774602983541817e-01
6.328766740392868240e-01
1.526239268217929324e-01
0.000000000000000000e+00
7.123724489795917325e-01
7.343491222259026507e-01
7.255434782608696231e-01
7.538461538461540545e-01
6.250000000000000000e-01
7.209726534411948773e-01
6.155392754128168331e-01
6.389620740806341015e-01
4.245137388082741436e-01
3.215798047116342762e-01
3.270861243792508866e-01
6.631174867037684661e-01
7.953216374269006517e-01
3.313752900737615414e-01
2.456809637168450855e-01
5.710506061424063251e-01
6.540427103378505524e-01
2.141505130198178841e-01
5.845853142009623804e-01
7.056937094751667416e-01
5.190773503982584192e-01
4.573559423667257207e-01
3.277510419632767569e-01
4.171914748300338260e-01
7.359845346589339865e-01
3.247800443890319633e-01
0.000000000000000000e+00
