4.439725723162131210e-01
4.386578910694287625e-01
4.584949572018972574e-01
4.171463320425654597e-01
3.125215884502137165e-01
4.417196173036941342e-01
3.203369802120630272e-01
2.349518806494635403e-02
6.034331467292504136e-01
2.784806953493963455e-01
5.532835454000913922e-01
3.741399194491585867e-01
5.277144941148188551e-01
6.600682373505142309e-01
5.282174040316847119e-01
1.527065227036139561e-01
6.562397314826166062e-01
5.615290562445935940e-01
2.048118523188148243e-01
5.868318113091098853e-01
1.911022205758539094e-01
6.427138021596775497e-01
7.486495377163759901e-01
4.915010478712631414e-01
3.555331385946426948e-01
6.312687171476414338e-01
0.000000000000000000e+00
1.193583296199629551e-02
1.841033529125787882e-02
2.251225528460359948e-02
2.179773991854527804e-02
4.884318766066836348e-02
1.559938723159186302e-02
1.538034301963921435e-01
1.549135911711864155e-01
2.920252513078431811e-01
1.820224719101123378e-01
1.089963580333380699e-01
1.883412362348218516e-01
1.059602649006622654e-01
4.368290893279344056e-01
2.773353899546899815e-01
3.528419817805228398e-02
1.974390676200275252e-01
2.401598054542296301e-01
1.316518847006648008e-03
1.896300914380714686e-01
3.011363636363637020e-01
6.891201513718070437e-01
1.864704509440219815e-01
8.034410242768880162e-02
4.538425710293432780e-01
1.424910271824905150e-01
0.000000000000000000e+00
8.218390804597700550e-01
8.116343490304709363e-01
7.419354838709677491e-01
5.166666666666666075e-01
1.000000000000000000e+00
7.819915835308320906e-01
0.000000000000000000e+00
0.000000000000000000e+00
0.000000000000000000e+00
0.000000000000000000e+00
0.000000000000000000e+00
0.000000000000000000e+00
0.000000000000000000e+00
0.000000000000000000e+00
3.913043478260869734e-01
0.000000000000000000e+00
4.199623352165725021e-01
0.000000000000000000e+00
0.000000000000000000e+00
0.000000000000000000e+00
0.000000000000000000e+00
0.000000000000000000e+00
0.000000000000000000e+00
0.000000000000000000e+00
0.000000000000000000e+00
0.000000000000000000e+00
0.000000000000000000e+00
9.640289518465772201e-02
8.504741065718601778e-02
1.073751709494334960e-01
8.947460315044997170e-02
1.885840767977794430e-01
9.209632100434828050e-02
2.862239587832489107e-01
7.206585297992690320e-02
7.341010154903246931e-01
3.865494258229198454e-01
4.948512385861745244e-01
1.057035416594611643e-01
3.968488001601848669e-01
5.451458770337106463e-01
4.331913071924686776e-01
1.529712981614386180e-01
6.914106448403893879e-01
4.320467103411942400e-01
7.712903300057138978e-03
4.768426563248537864e-01
2.244124524646675667e-01
8.701332881953058873e-01
4.587295741983441477e-01
3.115302489969653532e-01
3.786058548964371662e-01
4.489409193353122163e-01
0.000000000000000000e+00
6.395922994141478579e-02
5.554994372132232572e-02
7.015885183048276019e-02
5.903900488874075370e-02
1.140175665591460774e-01
6.075173538134914786e-02
2.128392643055981304e-01
3.767912665909582681e-02
6.785816721901987147e-01
3.308674744703605786e-01
4.162374190400287555e-01
7.114864597865289131e-02
3.291556651727452487e-01
4.564515710168127183e-01
3.320070710004126013e-01
1.144610166537608498e-01
6.385730659293362699e-01
3.192207410712614157e-01
5.297452991313400528e-03
3.838166719105277624e-01
1.573578508429357703e-01
8.337498286611444431e-01
4.022066444002528884e-01
2.664724808833831560e-01
2.969724957578182001e-01
3.687732253379932823e-01
0.000000000000000000e+00
6.524234693877550839e-01
6.734017886717458268e-01
6.807065217391303769e-01
6.282051282051281937e-01
2.500000000000000000e-01
6.568234409582889288e-01
3.432878324108564749e-01
0.000000000000000000e+00
6.439948904697382348e-01
3.128351091892229707e-01
5.514645287279951180e-01
4.167375021394924550e-01
5.540904177721338586e-01
6.618141577531762021e-01
5.237106411960035235e-01
1.550137907297710615e-01
6.428705112893795537e-01
5.535502847173119356e-01
2.288284299067325778e-01
5.836670497312095307e-01
2.006319142584112591e-01
6.022172664323124369e-01
7.806887446496348915e-01
4.990740009404761590e-01
3.922233265905594735e-01
6.274229540714379993e-01
0.000000000000000000e+00
