5.132563112537238403e-01
5.338759541823963062e-01
5.459669167152967351e-01
6.465796580100253710e-01
6.337116721139686160e-01
5.356220600411680799e-01
8.679116656740334390e-01
5.105857573031667984e-01
4.336003268469266203e-01
1.533384995545463703e-01
1.941429284565310276e-01
7.320474283459916798e-01
7.666004059442603769e-01
1.969962861408887655e-01
1.388763260024112045e-01
3.484819090781849926e-01
6.256718544329679110e-01
1.359483369581829804e-01
7.387795357709709965e-01
6.713782220891241215e-01
6.634346548030086721e-01
4.737368120184629605e-01
3.940713446855419466e-01
5.062555272326361155e-01
7.533738667047487070e-01
1.580415304922253572e-01
0.000000000000000000e+00
3.582182188554331459e-01
3.608983606034764646e-01
3.499859493552314738e-01
3.870246085011185277e-01
3.444730077120822243e-01
3.611607546816831826e-01
9.303357679042405515e-01
4.564735276963730604e-01
1.355160536838354579e-01
5.056179775280889022e-02
8.633412042502952577e-02
5.641200093718075070e-01
2.089771891096394996e-01
1.920808761583824298e-01
2.374364765669113586e-01
8.224578575312668782e-02
2.628781525319684453e-01
4.484111268269684869e-01
4.597942073170731558e-01
3.847524047025294713e-01
2.351118133203695115e-01
1.998621557639866930e-01
2.370372647418212408e-01
1.455037599002364512e-01
4.114832535885167286e-01
2.010624198605709401e-01
0.000000000000000000e+00
8.275862068965517127e-01
7.313019390581716461e-01
6.881720430107527431e-01
4.666666666666666741e-01
1.000000000000000000e+00
7.397039996050897015e-01
0.000000000000000000e+00
0.000000000000000000e+00
0.000000000000000000e+00
0.000000000000000000e+00
0.000000000000000000e+00
0.000000000000000000e+00
0.000000000000000000e+00
0.000000000000000000e+00
0.000000000000000000e+00
0.000000000000000000e+00
5.114678899082568675e-01
0.000000000000000000e+00
0.000000000000000000e+00
0.000000000000000000e+00
0.000000000000000000e+00
0.000000000000000000e+00
0.000000000000000000e+00
0.000000000000000000e+00
0.000000000000000000e+00
0.000000000000000000e+00
0.000000000000000000e+00
2.998121450262188903e-01
3.023902676665375377e-01
3.107811979671374347e-01
3.740238951365868481e-01
3.997820255968757008e-01
3.053315195982848618e-01
6.781164008132101184e-01
4.213080390051615054e-01
2.711128509759579419e-01
3.283734557535344933e-02
1.108370713461883650e-01
1.343445226704256257e-01
6.241476532944583155e-01
1.197719449362156796e-01
2.793853325733062221e-01
3.194387901591793089e-01
4.735970613529196793e-01
1.671341791960451184e-01
6.278828509226994647e-01
5.615649534407087806e-01
4.121084309880456154e-01
3.884030079331886043e-01
2.334150285696026117e-01
3.396057362527840073e-01
6.523656197478259200e-01
1.104455591009041449e-01
0.000000000000000000e+00
2.216261803188207535e-01
2.224242668578256255e-01
2.276100992212609642e-01
2.865563168602621169e-01
2.828515992471820617e-01
2.258200632456134893e-01
5.997119644393984483e-01
2.959386990118251237e-01
2.149069111362549855e-01
2.537977454181772341e-02
7.984352065034505674e-02
9.183330132059330797e-02
5.578042161312728453e-01
8.206154130177817363e-02
1.964187269490429433e-01
2.548252616240542778e-01
4.118589683079820762e-01
1.031303343450208632e-01
5.541431819650788348e-01
4.697523909931450858e-01
3.187702057946930623e-01
3.119194136307992804e-01
1.926823713747626288e-01
2.924903344285045836e-01
5.736742742908520487e-01
7.860850857412593484e-02
0.000000000000000000e+00
7.270408163265305035e-01
7.651540245114276662e-01
7.635869565217392463e-01
8.358974358974358143e-01
6.250000000000000000e-01
7.456096831069753961e-01
8.864923328235594369e-01
5.334141648630515986e-01
4.414217219095267764e-01
1.592404826084083957e-01
2.205979948245996303e-01
7.628476884635982946e-01
8.137196924896509254e-01
2.160488257127949341e-01
1.285415635265976519e-01
3.600386653566076678e-01
6.343624349711369792e-01
1.350002997882036870e-01
7.354256244332569858e-01
6.702104496410647982e-01
6.783380373182827938e-01
4.580784967851390110e-01
3.943366667337571130e-01
5.304348825781108889e-01
7.703981112106161877e-01
1.554807654678511675e-01
0.000000000000000000e+00
