4.642621478443791361e-01
4.906922498564911805e-01
5.311937000795818875e-01
6.316073246665820928e-01
2.612164241442483936e-01
4.953430243814436196e-01
9.000067181685401652e-01
4.045545515715801566e-01
7.112478826903398943e-01
2.901823239559382372e-01
1.967051972543532035e-02
9.609316338697129201e-01
7.835358451344696107e-01
4.464094885623626219e-02
3.352783498380135230e-02
2.264607856122007323e-01
1.296689817474555584e-01
2.674675738023871152e-02
9.344732299252231922e-01
1.758796156082478301e-01
8.937318932919041670e-01
3.625376993609471521e-01
7.411132479304809451e-01
8.202667245529589035e-01
7.142408142164293761e-01
1.045501768076770865e-01
0.000000000000000000e+00
4.476892227385574907e-01
4.522566607955496032e-01
4.535860367814656402e-01
4.762232547467446508e-01
1.568123393316195047e-01
4.525053881688441137e-01
3.976177233963664182e-01
2.837200447103042089e-01
3.568159203980099115e-01
2.622357646162635225e-01
1.736654009381282115e-01
3.836469951244569909e-01
1.844493500122638963e-01
2.812164461403769966e-01
5.100790513833991513e-01
8.854982993741267183e-02
6.388991473851537983e-02
7.712617415587710856e-02
4.753994953742640139e-01
1.039068994181213679e-01
4.764429282684861655e-01
6.311378687537628762e-01
3.173293518852925987e-01
1.334966484507497109e-01
2.545454545454545747e-01
7.665182048073643228e-02
0.000000000000000000e+00
3.505747126436781769e-01
3.407202216066482214e-01
4.516129032258064946e-01
3.166666666666666519e-01
0.000000000000000000e+00
3.763942744293717890e-01
0.000000000000000000e+00
0.000000000000000000e+00
0.000000000000000000e+00
0.000000000000000000e+00
0.000000000000000000e+00
0.000000000000000000e+00
0.000000000000000000e+00
0.000000000000000000e+00
0.000000000000000000e+00
0.000000000000000000e+00
0.000000000000000000e+00
0.000000000000000000e+00
0.000000000000000000e+00
0.000000000000000000e+00
0.000000000000000000e+00
0.000000000000000000e+00
0.000000000000000000e+00
0.000000000000000000e+00
0.000000000000000000e+00
0.000000000000000000e+00
0.000000000000000000e+00
2.684157549033011625e-01
2.702712567567966406e-01
2.877164071696002301e-01
3.574140026516303692e-01
1.329508659975736640e-01
2.756070073408583010e-01
6.081060670977591620e-01
3.438710037843134004e-01
5.176052201949579157e-01
2.160382904654958303e-01
1.791292389030907373e-02
2.218486991401977804e-01
6.084746781766263712e-01
2.489578925096447293e-02
9.569635576235491214e-02
2.354378552163940430e-01
1.604494908260456487e-01
5.458451030341859855e-02
9.153256340033311123e-01
2.246721113590064434e-01
6.962156906543675028e-01
4.364063129819153453e-01
4.213723007800977971e-01
5.755989090765301075e-01
4.984576890107809133e-01
5.047755840784273751e-02
0.000000000000000000e+00
1.952787195837769052e-01
1.955083202857255675e-01
2.081411309249857067e-01
2.716129099062499219e-01
7.677753837983747331e-02
2.007650785975175212e-01
5.225037704816175577e-01
2.278520535730443330e-01
4.465864636435226687e-01
1.762683061202460211e-01
1.238042392353672083e-02
1.587443239848610466e-01
5.411001518842846192e-01
1.621242931982508351e-02
6.003430588712227456e-02
1.819373727688637921e-01
1.270906401349433112e-01
3.085668790418558127e-02
8.908648453268132039e-01
1.597142942123583875e-01
6.147340148448591224e-01
3.572150064928291680e-01
3.658689976577506053e-01
5.242795713077799125e-01
4.117117682104479148e-01
3.494597940636295919e-02
0.000000000000000000e+00
6.301020408163264808e-01
6.740642596886388116e-01
7.092391304347827052e-01
7.692307692307693845e-01
2.500000000000000000e-01
6.601711166946675480e-01
9.179427550925836066e-01
4.113865408464356666e-01
7.003899120623860997e-01
2.939056249855553915e-01
4.776460336238852467e-02
9.649256950628278817e-01
8.199445983379499703e-01
6.147933174085290498e-02
3.582049830088732123e-02
2.576737074834785091e-01
1.206733173033132100e-01
2.580168064871965483e-02
9.076780186297103148e-01
1.645093754273663222e-01
9.010311685165941498e-01
3.370572883999045644e-01
7.635671616133190565e-01
8.274686880881638729e-01
7.878834651746091655e-01
1.056047683230142420e-01
0.000000000000000000e+00
