3.139520493476521956e-01
3.029334878646965379e-01
2.993812247393221604e-01
2.436977140997200753e-01
4.754539127359265205e-01
3.018404808341248469e-01
1.811055232248517388e-01
4.625858946500260860e-01
3.121399173712142705e-01
7.553960087971332005e-01
6.405017651288614777e-01
4.153526364918633806e-01
5.769014563929233397e-01
7.028436159244952908e-01
6.359605854953096493e-01
1.377297220114859222e-01
8.352213560149540639e-01
4.688976362452665358e-01
1.943347657231088155e-01
4.418064963923370447e-01
1.738997973333126223e-01
5.205147509212763035e-01
5.335855823922985852e-01
4.927190917938344406e-01
3.384879864854665743e-01
7.639342398690318614e-01
0.000000000000000000e+00
2.540581832070787360e-01
2.615383389255058200e-01
2.828238673619133392e-01
2.356450410141684992e-01
9.511568123393315810e-02
2.567978849836256572e-01
1.012002395271942023e-01
3.681970044989464341e-01
2.488289121313362884e-01
4.627689963816414842e-01
2.306771224643126006e-01
5.458988267178848108e-01
5.145358626108429423e-01
5.584573621641861774e-01
5.293568091987063129e-01
1.465470364328438913e-01
3.055224094315306393e-01
3.642244224422442889e-01
3.819642193883867054e-01
2.255000795882633469e-01
2.351118133203695115e-01
4.524503311258278870e-01
3.181185311928606541e-01
2.186544089684022141e-01
4.078335373317014123e-01
6.798024129129405235e-01
0.000000000000000000e+00
2.701149425287356354e-01
2.714681440443213467e-01
3.010752688172043112e-01
1.666666666666666574e-01
1.000000000000000000e+00
2.708666452732657048e-01
0.000000000000000000e+00
0.000000000000000000e+00
0.000000000000000000e+00
0.000000000000000000e+00
0.000000000000000000e+00
0.000000000000000000e+00
0.000000000000000000e+00
0.000000000000000000e+00
0.000000000000000000e+00
0.000000000000000000e+00
2.726161369193154105e-01
0.000000000000000000e+00
0.000000000000000000e+00
0.000000000000000000e+00
0.000000000000000000e+00
0.000000000000000000e+00
0.000000000000000000e+00
0.000000000000000000e+00
0.000000000000000000e+00
0.000000000000000000e+00
0.000000000000000000e+00
1.806100851176565270e-01
1.734348070427841337e-01
1.845425729608252130e-01
1.517211498941397618e-01
2.777436118969939249e-01
1.713365344285329162e-01
2.506952081080489059e-01
5.739111600033282024e-01
4.801380734601716771e-01
9.911549272555275625e-01
7.501040788015165273e-01
2.988890897927962698e-01
6.967615101307378378e-01
7.250377284026533475e-01
5.788660009589190469e-01
2.397437617092903483e-01
8.375478919442502779e-01
5.405577049480867480e-01
2.978948172013569096e-01
6.273944443175694108e-01
2.095308370529160857e-01
5.494994811205564655e-01
5.061931804246244671e-01
6.149744107534924620e-01
3.431156894496379950e-01
7.285891911592623504e-01
0.000000000000000000e+00
1.254915564961093244e-01
1.190924575475718061e-01
1.261095371889845440e-01
1.036400091631933806e-01
1.799904659766193571e-01
1.181123953302641305e-01
1.832203340235843414e-01
4.481666671809327873e-01
4.091433659345257712e-01
9.890963233609293415e-01
6.911538305884756817e-01
2.222879336736837685e-01
6.370082181576359748e-01
6.537286890542737261e-01
4.784055856296151044e-01
1.855716304549138718e-01
8.038532451564830428e-01
4.263648881572272842e-01
2.318850800598575290e-01
5.402204703201056724e-01
1.457215800979707876e-01
4.697949619895163687e-01
4.492912500771216733e-01
5.652314960822824030e-01
2.649092252761404143e-01
6.645092801634928659e-01
0.000000000000000000e+00
4.834183673469387710e-01
4.898973169923817039e-01
4.809782608695651884e-01
4.102564102564103532e-01
5.000000000000000000e-01
4.749171339159641292e-01
2.003119896009227796e-01
4.259747160537560862e-01
3.207561045817711731e-01
7.699202795184361126e-01
5.924806168739897849e-01
4.306609086700802225e-01
5.923705620613258782e-01
6.894247891920946003e-01
6.352205510220173545e-01
1.407724771150027365e-01
8.170832910360683599e-01
4.539701226938946954e-01
2.022736915394740542e-01
4.096524475588979586e-01
1.906021836257077440e-01
5.209475157356278086e-01
5.576746315248373165e-01
5.098662227255428281e-01
3.493904604095159350e-01
7.205643827850654048e-01
0.000000000000000000e+00
