3.843139912667938862e-01
3.787590600402523933e-01
3.648741792874983236e-01
3.933717162512129217e-01
4.905315681041009235e-01
3.799080149354270297e-01
4.445620427323190293e-01
4.284637059129362546e-01
3.694377239371406940e-01
7.163648147823955536e-01
4.742285883292206572e-01
5.224124611420963848e-01
7.302770219498746496e-01
4.821344358360634685e-01
4.354778027171964938e-01
1.973475341598951438e-01
7.475837673578850096e-01
2.459649866983868449e-01
4.367280090981138230e-01
4.437872268195343084e-01
5.236782837791065237e-01
3.248384211153866330e-01
3.765651869142716546e-01
5.872228039172073810e-01
5.325233882888935621e-01
6.016959434751241176e-01
0.000000000000000000e+00
6.701572347062192958e-02
6.253138125333737585e-02
7.243887969525711346e-02
6.252509608214307235e-02
3.598971722365038040e-02
6.683807901249123884e-02
2.914746543778801713e-01
2.731803862111541470e-01
3.424398639926428123e-01
4.311058545239503381e-01
2.200413223140496588e-01
4.051022498043099773e-01
5.338767193071829453e-01
2.546013182020913090e-01
4.914777061230150013e-01
8.734905961659628071e-02
3.277830408323832989e-01
3.545636530866201896e-01
2.878239329268292290e-01
2.616697692388746943e-01
4.331854642683520829e-01
2.105348955680081957e-01
1.335020329947056439e-01
1.621522757755752275e-01
5.549342105263157521e-01
6.588168187744459781e-01
0.000000000000000000e+00
6.494252873563218786e-01
6.204986149584488242e-01
4.838709677419354982e-01
3.333333333333333703e-01
1.000000000000000000e+00
5.979760806483467306e-01
0.000000000000000000e+00
0.000000000000000000e+00
0.000000000000000000e+00
0.000000000000000000e+00
0.000000000000000000e+00
0.000000000000000000e+00
0.000000000000000000e+00
0.000000000000000000e+00
0.000000000000000000e+00
0.000000000000000000e+00
7.193548387096774244e-01
0.000000000000000000e+00
0.000000000000000000e+00
0.000000000000000000e+00
0.000000000000000000e+00
0.000000000000000000e+00
0.000000000000000000e+00
0.000000000000000000e+00
0.000000000000000000e+00
0.000000000000000000e+00
0.000000000000000000e+00
9.059518994974502526e-02
7.998620877072348812e-02
7.570838816601810350e-02
1.003016393128962624e-01
2.501516464101684045e-01
8.243032751812129355e-02
5.106668303936188202e-01
4.866228626583534722e-01
4.565390926521197823e-01
8.234640084809072835e-01
5.256123386458935176e-01
1.732802480387738431e-01
7.561277286663337094e-01
4.054426470974020758e-01
4.680386318522258282e-01
2.581532295655069031e-01
8.252405831688873761e-01
3.781935497073263264e-01
4.681309679820542247e-01
5.986692694372059975e-01
5.060693653085286403e-01
3.929758397702574069e-01
2.378529362337749031e-01
5.730134870288809967e-01
6.127297468147147042e-01
5.608931086834105795e-01
0.000000000000000000e+00
5.991010069297297846e-02
5.209068715201925492e-02
4.853688920233378834e-02
6.658882888021100399e-02
1.587461987277863640e-01
5.407683568371823846e-02
4.209074501177320626e-01
3.581613068801055011e-01
3.859694208239120017e-01
7.893283944056432855e-01
4.471964840753402948e-01
1.209146688542822035e-01
7.039781327368730413e-01
3.192174778425175830e-01
3.654360196219172963e-01
2.012338199022098983e-01
7.895258778575304781e-01
2.700663162202054934e-01
3.895504380897721886e-01
5.090737624550027984e-01
4.097692475208910556e-01
3.161703626656051092e-01
1.965861237745231138e-01
5.216134311334317264e-01
5.303925097790604948e-01
4.810821746151856537e-01
0.000000000000000000e+00
5.918367346938775420e-01
6.018549188473005795e-01
5.815217391304348116e-01
5.948717948717949788e-01
5.000000000000000000e-01
5.887302177180162577e-01
4.678046828292810044e-01
4.129421936146123184e-01
3.646400275296589610e-01
7.163902768767844709e-01
4.634090050948886930e-01
5.432157151001765216e-01
7.640900616664275669e-01
5.025590921711394765e-01
4.427178703171137375e-01
1.948100018222778118e-01
7.124220092262352200e-01
2.348701457830593420e-01
4.593572579975923054e-01
4.072021306643928140e-01
5.333699761474912648e-01
3.108174253548703359e-01
3.956311595298287465e-01
6.103033670824202783e-01
5.134965439064078652e-01
5.818265915398199706e-01
0.000000000000000000e+00
