4.226462720450212540e-01
4.281895532466812870e-01
3.786877031418796058e-01
4.818229452707285532e-01
0.000000000000000000e+00
4.081750027121153757e-01
6.902579369313067703e-01
1.314515047193536845e-01
2.459701236835298843e-02
1.000000000000000000e+00
3.504550936580913545e-01
9.167698417608480810e-01
3.814750465106422350e-01
0.000000000000000000e+00
2.093149307943635018e-01
9.967975552551124885e-01
0.000000000000000000e+00
0.000000000000000000e+00
1.000000000000000000e+00
1.112920712076876928e-01
9.087206402878446054e-01
4.168270215604175100e-03
0.000000000000000000e+00
7.385537685671945685e-01
6.307855499273278266e-01
4.179223628297428217e-01
0.000000000000000000e+00
9.068050162327326302e-02
9.107935571796321739e-02
8.333593530458674459e-02
9.786037973957437131e-02
1.799485861182519020e-02
8.692394959659673070e-02
2.133670672570103233e-01
1.824592750792295437e-01
9.170259271838510085e-03
3.676140118968935777e-01
1.711483902800049473e-01
3.889841231542711109e-01
3.832605326194166162e-02
0.000000000000000000e+00
2.327759197324414941e-01
2.694966805896659157e-01
3.492683779132113586e-02
1.592480987229157596e-01
2.421044402751719726e-01
2.603381655750733326e-02
4.641765797227982993e-01
8.741721854304634887e-02
1.145591769616730593e-01
1.402625604580001739e-01
5.483476132190943098e-01
5.194263363754886287e-02
0.000000000000000000e+00
6.896551724137931494e-01
6.703601108033241385e-01
5.376344086021506152e-01
5.166666666666666075e-01
1.000000000000000000e+00
6.911266641181785797e-01
0.000000000000000000e+00
0.000000000000000000e+00
0.000000000000000000e+00
0.000000000000000000e+00
0.000000000000000000e+00
0.000000000000000000e+00
0.000000000000000000e+00
0.000000000000000000e+00
0.000000000000000000e+00
0.000000000000000000e+00
8.345808383233532801e-02
0.000000000000000000e+00
0.000000000000000000e+00
0.000000000000000000e+00
0.000000000000000000e+00
0.000000000000000000e+00
0.000000000000000000e+00
0.000000000000000000e+00
0.000000000000000000e+00
0.000000000000000000e+00
0.000000000000000000e+00
1.245705926848091893e-01
1.186242787538928090e-01
9.341835762317840519e-02
1.595136182895143806e-01
5.949532360810194653e-03
1.107961550419784835e-01
4.192162535499746046e-01
2.473671099394609274e-01
1.537950933717535662e-02
8.798182720799465617e-01
3.146648126176949667e-01
1.702861395785961740e-01
3.082933696184551042e-01
1.265790870899526910e-01
2.829560028976459973e-01
9.716906207130024953e-01
2.921888488472945689e-02
0.000000000000000000e+00
7.913181515741287697e-01
1.139311709173751463e-01
5.866925966091312006e-01
1.338834469710370456e-02
3.664730762001244813e-02
5.897789699084274861e-01
6.013633363893823303e-01
2.074466937386416632e-01
0.000000000000000000e+00
8.395417036894714524e-02
7.899102711151440026e-02
6.053321465957922642e-02
1.094273765102888873e-01
3.067581727406981651e-03
7.386384298191905895e-02
3.317601535874956098e-01
1.516324294079098300e-01
1.107242707500283307e-02
8.549891560654030442e-01
2.468450672936493007e-01
1.186390109344194199e-01
2.479847368279723407e-01
8.703364655730522204e-02
1.993454031454127140e-01
9.635148825913213422e-01
2.219445853017754100e-02
0.000000000000000000e+00
7.392012390298362545e-01
7.628620835827004676e-02
4.932737287555680750e-01
9.135363225854398195e-03
2.861054731770529269e-02
5.389522839709235402e-01
5.181817169869937789e-01
1.541688013856986617e-01
0.000000000000000000e+00
5.931122448979591066e-01
6.107982775753562077e-01
5.407608695652175168e-01
6.205128205128205288e-01
0.000000000000000000e+00
5.621225498313551228e-01
7.169402549787515788e-01
0.000000000000000000e+00
1.031644511802864983e-02
1.000000000000000000e+00
3.780594365045830685e-01
9.129431712437684476e-01
4.295313702881865536e-01
0.000000000000000000e+00
2.293648359081184307e-01
9.999999999999997780e-01
0.000000000000000000e+00
1.007284730153418240e-02
9.999999999999998890e-01
1.058126489491639788e-01
9.041351355268552048e-01
6.015821135900711880e-03
0.000000000000000000e+00
7.478871671223243922e-01
6.364107493626447454e-01
4.228166116194703728e-01
0.000000000000000000e+00
