3.807164524752095769e-01
3.731075882475021199e-01
3.804838700024282261e-01
3.404007022450359354e-01
5.175001437993269615e-01
3.760082429989131114e-01
2.781942322119833610e-01
4.105022872899369846e-01
4.500191854160702221e-01
6.725875696747827259e-01
5.817618637808757986e-01
4.407403072504039176e-01
6.998956603389605569e-01
6.105605548262842408e-01
6.053498294032314542e-01
1.562562705567054344e-01
8.496902414398698200e-01
3.798442662782258172e-01
2.660894455316791252e-01
4.658152834373826545e-01
2.280143125224468603e-01
6.096606328741615011e-01
4.985499232130661262e-01
3.812453079666706657e-01
3.232272740250112242e-01
6.779961843815878186e-01
0.000000000000000000e+00
3.174294990133044170e-01
3.138603524264184097e-01
3.150466793642863195e-01
3.107325187862100546e-01
3.650385604113109972e-01
3.180469518647057181e-01
1.375672043010753298e-01
5.231394476539600324e-01
3.414164143197405688e-01
3.262051467923160475e-01
2.534681227863046504e-01
5.452312692515866033e-01
4.439369719113953616e-01
3.477542659860912710e-01
4.265421008504012290e-01
6.784998336214520531e-02
3.287520486393374908e-01
2.660066006600659838e-01
3.454417013682332116e-01
3.090564187821045472e-01
3.011363636363637020e-01
3.896615158204562723e-01
2.188796985841698350e-01
7.260344038549543244e-02
4.078335373317014123e-01
9.434633163446722870e-01
0.000000000000000000e+00
3.965517241379310498e-01
4.155124653739611928e-01
4.086021505376343788e-01
3.166666666666666519e-01
1.000000000000000000e+00
4.283061738988465095e-01
0.000000000000000000e+00
0.000000000000000000e+00
0.000000000000000000e+00
0.000000000000000000e+00
0.000000000000000000e+00
0.000000000000000000e+00
0.000000000000000000e+00
0.000000000000000000e+00
0.000000000000000000e+00
0.000000000000000000e+00
7.193548387096774244e-01
0.000000000000000000e+00
0.000000000000000000e+00
0.000000000000000000e+00
0.000000000000000000e+00
0.000000000000000000e+00
0.000000000000000000e+00
0.000000000000000000e+00
0.000000000000000000e+00
0.000000000000000000e+00
0.000000000000000000e+00
4.278275600221822517e-01
4.037516118496902173e-01
4.072802663073650242e-01
4.186220588361733164e-01
5.085397149708348330e-01
4.177882249322475428e-01
2.976015734064194618e-01
4.689882444283549057e-01
6.101747485446697983e-01
8.634322014754112207e-01
6.894125541471882723e-01
2.107657035358183606e-01
7.310555385297221598e-01
5.256536310272955648e-01
5.714326278813093296e-01
2.335048704063613645e-01
9.087968760707547666e-01
4.664588947540826425e-01
2.642038813399834041e-01
5.671512606914153043e-01
2.359659926382116080e-01
6.300726501257438716e-01
2.405482011733819370e-01
4.093633109387562197e-01
3.289505209143043230e-01
7.616451219716091625e-01
0.000000000000000000e+00
3.366557247945092257e-01
3.124945411798256134e-01
3.135449303076574545e-01
3.276997077766291011e-01
3.867505716237621405e-01
3.266044315776125972e-01
2.225160360642071677e-01
3.409292059213915871e-01
5.425203534232481140e-01
8.357432578610679563e-01
6.220733424079770701e-01
1.499599844972128726e-01
6.754514998783285318e-01
4.364656933615809753e-01
4.705118101599073954e-01
1.803094852962843220e-01
8.882709648253543921e-01
3.520270197405549473e-01
2.028503502171530304e-01
4.756068341201294403e-01
1.665094896184571571e-01
5.550266701056771890e-01
1.989613579532186760e-01
3.585691340249212988e-01
2.523558936591819291e-01
7.028164904608413810e-01
0.000000000000000000e+00
5.318877551020408934e-01
5.491884730043061769e-01
5.570652173913044347e-01
4.974358974358974450e-01
5.000000000000000000e-01
5.316542114894220461e-01
3.140615229104739559e-01
3.964517159312185846e-01
4.705861469095039551e-01
7.093943287534489883e-01
5.507519860370577724e-01
4.706282927119970205e-01
7.213051077879198969e-01
6.119271480966016474e-01
6.002716913744304827e-01
1.599617022409458578e-01
8.170832910360683599e-01
3.620390769567710665e-01
2.821994663119107294e-01
4.538577489978697921e-01
2.470070102432164183e-01
6.060446433427344459e-01
5.338860005986636459e-01
4.032338482704100890e-01
3.455137510298560422e-01
6.317523056653491231e-01
0.000000000000000000e+00
