2.943539019565726278e-01
2.830694914999183354e-01
2.775172328463011429e-01
2.231296477785105203e-01
4.814658855167501805e-01
2.817394573990483764e-01
1.833211666952775376e-01
4.640665309343880995e-01
3.148319283746030539e-01
7.574986981889717530e-01
6.327076467044739916e-01
4.007088318717015873e-01
5.909786335061302243e-01
7.028307417401866708e-01
6.427800229986664338e-01
1.380729237147932942e-01
8.641282896470076080e-01
4.602902162461920965e-01
1.913460856661000076e-01
4.327246768517299946e-01
1.795716801485988112e-01
5.147877471203904376e-01
5.300745759071157082e-01
4.987443805106082095e-01
3.408866256931488148e-01
7.673930188607944736e-01
0.000000000000000000e+00
2.546151887453051987e-01
2.618651024523204196e-01
2.820744996409279559e-01
2.347846039121206929e-01
1.079691516709511412e-01
2.567490210513633797e-01
7.419354838709685263e-02
3.748395036497647048e-01
2.623821464942346360e-01
4.627689963816414842e-01
2.838561232156273095e-01
5.419097638095178304e-01
4.132450331125827603e-01
4.319793543983876383e-01
6.064678404599351813e-01
1.465470364328438913e-01
3.055224094315306393e-01
3.642244224422442889e-01
3.720684803001876317e-01
2.125832958587138832e-01
2.351118133203695115e-01
4.524503311258278870e-01
4.005867697394463467e-01
1.723423156647912458e-01
4.123180291153415999e-01
7.570341085923372182e-01
0.000000000000000000e+00
6.494252873563218786e-01
5.927977839335181187e-01
5.053763440860215006e-01
3.166666666666666519e-01
1.000000000000000000e+00
5.723941267962985302e-01
0.000000000000000000e+00
0.000000000000000000e+00
0.000000000000000000e+00
0.000000000000000000e+00
0.000000000000000000e+00
0.000000000000000000e+00
0.000000000000000000e+00
0.000000000000000000e+00
0.000000000000000000e+00
0.000000000000000000e+00
4.665271966527196335e-01
0.000000000000000000e+00
0.000000000000000000e+00
0.000000000000000000e+00
0.000000000000000000e+00
0.000000000000000000e+00
0.000000000000000000e+00
0.000000000000000000e+00
0.000000000000000000e+00
0.000000000000000000e+00
0.000000000000000000e+00
1.093093846528315760e-01
1.005709650587103265e-01
1.068519840328047144e-01
8.560273079068170254e-02
2.812323330814865407e-01
9.968220080486778212e-02
2.437276556800134220e-01
5.829495217475419988e-01
4.877445627247636306e-01
9.965478401091536487e-01
7.383374170951264581e-01
2.856152975857186860e-01
6.640273302503238995e-01
7.116254052782852169e-01
6.002310944163051776e-01
2.517494495571372948e-01
8.173565867398546736e-01
5.142292991088628362e-01
2.634700788808013172e-01
6.080426352952101876e-01
2.096641861677266405e-01
5.329372986296325720e-01
4.750161062635223086e-01
5.834012661791734278e-01
3.370619604708623429e-01
7.274462830556891468e-01
0.000000000000000000e+00
7.304758701384883590e-02
6.628119621198041989e-02
6.979529490042285511e-02
5.636036281215373034e-02
1.827294244924874411e-01
6.603926171808582879e-02
1.775181156918613778e-01
4.579340632249678800e-01
4.166803694146497539e-01
9.957400121292048212e-01
6.775797002723751294e-01
2.110301854072605399e-01
6.009340270991649913e-01
6.382214750440184936e-01
5.013475275596742664e-01
1.957628373363782259e-01
7.803872645254337215e-01
3.993732466603729936e-01
2.022259343090021533e-01
5.191696616789940322e-01
1.458250911053466659e-01
4.527931782190322552e-01
4.182475379618345590e-01
5.323425485759538667e-01
2.595273039848696173e-01
6.631974750443865307e-01
0.000000000000000000e+00
4.719387755102040227e-01
4.670420669095727284e-01
4.619565217391303769e-01
3.897435897435899133e-01
3.750000000000000000e-01
4.609666779924423974e-01
2.057716218549423548e-01
4.249700587045727174e-01
3.218816234854956493e-01
7.863071423900123147e-01
5.946505068997824939e-01
4.193079654392560807e-01
5.933014354066984408e-01
6.913400345670869251e-01
6.412723164366703754e-01
1.295480317349921862e-01
8.379516454405280257e-01
4.470662101681817102e-01
2.013254196353944092e-01
4.061592604854475930e-01
1.958356211469199359e-01
5.175633981751885937e-01
5.561286527155231418e-01
5.091306827925594636e-01
3.643232787281629470e-01
7.285155454137972608e-01
0.000000000000000000e+00
