3.878735169061173771e-01
3.838719648536002005e-01
3.977239665751317599e-01
3.922367006802618405e-01
3.632813744050498173e-01
3.881452481955602885e-01
4.624248841418244771e-01
1.806896389108148537e-01
5.862813746625554767e-01
4.336509852552317135e-02
4.129770288755320040e-01
4.473940015536774784e-01
8.390039926459151864e-01
4.541691001330670496e-01
3.662851101231785478e-01
2.585648806168945324e-01
6.354262964270672720e-01
3.769930725848913977e-01
3.525759266245457324e-01
8.271038431234835064e-01
3.218576502007787221e-01
4.517557213033452923e-01
1.000000000000000222e+00
5.440999412023308501e-01
5.396448310660140191e-01
6.146003918265956489e-01
0.000000000000000000e+00
2.390349481189127379e-02
2.960796346624372521e-02
3.197302276204452842e-02
3.688407044111741140e-02
4.113110539845757363e-02
2.710706468982555795e-02
2.643145161290323952e-01
5.028530518492613233e-03
3.892235003917968728e-01
1.648754274548118737e-01
4.986851990984220162e-02
1.468329733648637836e-01
1.295652744082355368e-01
2.812164461403769966e-01
2.737888198757763014e-01
2.360096460741896163e-01
1.438178228404316805e-01
2.294361351028720020e-01
1.009402472073501200e-01
1.610556940980881202e-01
3.011363636363637020e-01
3.829497640042442974e-01
2.620560071021625359e-01
8.909535090316850203e-02
4.429620563035496228e-01
1.101561876380278693e-01
0.000000000000000000e+00
5.172413793103448620e-01
4.681440443213296665e-01
3.763440860215053752e-01
2.833333333333333259e-01
1.000000000000000000e+00
4.579623759567917896e-01
0.000000000000000000e+00
0.000000000000000000e+00
0.000000000000000000e+00
0.000000000000000000e+00
0.000000000000000000e+00
0.000000000000000000e+00
0.000000000000000000e+00
0.000000000000000000e+00
0.000000000000000000e+00
0.000000000000000000e+00
8.446969696969697239e-01
0.000000000000000000e+00
0.000000000000000000e+00
0.000000000000000000e+00
0.000000000000000000e+00
0.000000000000000000e+00
0.000000000000000000e+00
0.000000000000000000e+00
0.000000000000000000e+00
0.000000000000000000e+00
0.000000000000000000e+00
6.873537794590378613e-02
6.213276940475376264e-02
7.370743700489990058e-02
7.379169330020574069e-02
2.168370369680139298e-01
6.416407158373160780e-02
3.425945432716990258e-01
1.934464059815995118e-01
9.346372806675780076e-01
2.893975499281664643e-01
3.715756359153854493e-01
9.215376568609801033e-02
6.238432762033820911e-01
3.976266749216151863e-01
5.215938034208131846e-01
4.009754885142415848e-01
5.313875782894572630e-01
3.233964866736239729e-01
1.961494147206337413e-01
9.433571864901366677e-01
3.220867783664171924e-01
6.580614022808159991e-01
9.260973993860786013e-01
4.289150547618822973e-01
7.550539056037978147e-01
4.466145714794322874e-01
0.000000000000000000e+00
4.489470918054688786e-02
4.004320712642628344e-02
4.719680550778848627e-02
4.825844044151189616e-02
1.340845837985361333e-01
4.165424732263051100e-02
2.616940283160678615e-01
1.132161753968352474e-01
9.172614718606657558e-01
2.411081968470365489e-01
2.981402828087093004e-01
6.157190401660356249e-02
5.574784918303952175e-01
3.119520689601223418e-01
4.187623813002369078e-01
3.295865321467088549e-01
4.697208224763957940e-01
2.227878423245408246e-01
1.463865669219365229e-01
9.234312918679461468e-01
2.379670602334595653e-01
5.856119830080430688e-01
9.105173075791334059e-01
3.774566176822253816e-01
6.908795284257103209e-01
3.665256132930091448e-01
0.000000000000000000e+00
5.650510204081631294e-01
5.793309042729382075e-01
5.923913043478261642e-01
5.615384615384615419e-01
2.500000000000000000e-01
5.670712932814951923e-01
4.876674849960157543e-01
1.865293011291292158e-01
6.135121478016333230e-01
5.480980695308446116e-02
4.088538367643725913e-01
4.727970867389795773e-01
8.696734476757096433e-01
4.634060975197509258e-01
3.647079488788507184e-01
2.359599285406932534e-01
6.463638492837227023e-01
3.768320896508879914e-01
3.748122933513016175e-01
7.945431124340800455e-01
3.206446645918264449e-01
4.122441181242586516e-01
1.000000000000000000e+00
5.783582779431513110e-01
4.899701237729408021e-01
6.062467777968723048e-01
0.000000000000000000e+00
