6.464737086931071630e-01
6.223076891401349009e-01
6.158188267573747599e-01
5.983852083928149490e-01
4.422164491628997052e-01
6.300328106117707438e-01
9.128117388149104006e-02
4.225842586164276771e-01
3.530075465493249798e-01
6.284185524446825877e-01
9.079158926368594562e-01
3.814484076104684984e-01
4.446539961630131543e-01
6.296171857847474573e-01
6.588733614859563215e-01
2.803034730319722279e-01
3.830957214344116180e-01
4.761024276367248897e-01
4.066580693796477686e-01
3.716001585421125908e-01
2.227270379341056428e-01
8.301799141197850895e-01
4.921598998983505169e-01
2.257035949624948135e-01
4.169575294855402681e-01
6.845165550444090030e-01
0.000000000000000000e+00
1.100006365777579653e-01
1.012249647334486358e-01
9.819839510413086447e-02
9.711466758446624103e-02
5.655526992287918109e-02
1.047174151670180603e-01
1.572348906192065354e-01
4.585944780170976287e-01
2.033287681987490658e-01
2.136137967076038313e-01
2.952516233766234177e-01
1.419644612385593252e-01
1.283012846086332426e-01
2.945240101095198959e-01
1.000000000000000000e+00
3.963652325451888503e-02
3.375316250336660162e-02
2.175893645702598744e-01
9.819303985722788175e-02
4.917284254153347911e-02
1.778074866310161428e-01
3.012531839021905800e-01
2.835243844536389779e-01
2.757677244992007282e-02
1.135135135135135198e-01
1.947689114759332263e-01
0.000000000000000000e+00
9.367816091954023205e-01
9.501385041551246857e-01
7.634408602150538625e-01
7.500000000000000000e-01
1.000000000000000000e+00
9.569540215376313164e-01
0.000000000000000000e+00
0.000000000000000000e+00
0.000000000000000000e+00
0.000000000000000000e+00
0.000000000000000000e+00
0.000000000000000000e+00
0.000000000000000000e+00
0.000000000000000000e+00
0.000000000000000000e+00
0.000000000000000000e+00
4.239543726235741605e-01
0.000000000000000000e+00
0.000000000000000000e+00
0.000000000000000000e+00
0.000000000000000000e+00
0.000000000000000000e+00
0.000000000000000000e+00
0.000000000000000000e+00
0.000000000000000000e+00
0.000000000000000000e+00
0.000000000000000000e+00
2.218631392953379633e-01
1.957561233334934592e-01
1.876066215822329575e-01
1.808791726337957151e-01
2.189887582087648443e-01
1.999629539213632068e-01
9.630138545853472731e-02
4.524518427039949109e-01
1.539281338880311711e-01
2.864932784759028905e-01
7.168140501676436571e-01
6.757449926973790877e-02
2.915195574716429316e-01
3.628129372484788506e-01
4.886018082785408279e-01
1.135563700279083044e-01
2.529479935448037953e-01
3.668017882885999947e-01
1.741437413507740395e-01
1.571040705163713191e-01
6.024077845730491099e-02
5.155392707486421422e-01
1.833646707496678907e-01
1.172266804676214136e-01
2.818373897133324979e-01
4.163548947903259467e-01
0.000000000000000000e+00
1.575638538891900309e-01
1.360762138742601657e-01
1.284265994117468890e-01
1.255280377592327690e-01
1.356447508903242116e-01
1.399921160505546158e-01
6.504104585511927272e-02
3.250608191001463920e-01
1.168859080457135824e-01
2.384931563068494187e-01
6.529754794709508037e-01
4.454229438363732640e-02
2.331093267148480197e-01
2.801214911863889045e-01
3.856317685216437141e-01
8.363846087701670706e-02
2.061520743616632734e-01
2.600102419648088192e-01
1.287542608473539185e-01
1.077232565820715471e-01
3.843066230392652716e-02
4.351235988018003487e-01
1.492769899964404567e-01
9.548664462514033779e-02
2.116054628778480384e-01
3.376096098477272545e-01
0.000000000000000000e+00
8.252551020408163129e-01
8.208015899304406116e-01
7.989130434782609758e-01
7.487179487179487225e-01
3.750000000000000000e-01
8.090694775639828418e-01
1.100232272829098079e-01
4.058272632674298497e-01
3.460123886953155870e-01
6.192018952342146498e-01
9.106657880052198006e-01
4.114809498703811963e-01
4.976076555023921655e-01
6.459970616278264410e-01
6.779415429329114229e-01
3.044863031510036677e-01
3.902685648272072871e-01
4.695039258767484958e-01
4.160949226633589015e-01
3.844568435204369639e-01
2.440383351580844296e-01
8.403482787456300063e-01
4.971856246058456996e-01
2.320051962772962106e-01
4.734067772974480670e-01
6.786824769433463800e-01
0.000000000000000000e+00
