3.470208390437101720e-01
3.430549043335346937e-01
3.521992686777497550e-01
3.213123453821320474e-01
4.000762861821669514e-01
3.444440382968636527e-01
4.054875773662456329e-01
3.430406932320371194e-01
6.296720765960228672e-01
3.590117043632201632e-01
4.960386700542019911e-01
4.363741360485664522e-01
3.802954307506214437e-01
4.545476068044486673e-01
6.053201415900032467e-01
2.816138712721223403e-01
6.705680165665567349e-01
3.884610053822012410e-01
2.654846820013181397e-01
5.454830875176691629e-01
2.807138661313440808e-01
6.080996238380783625e-01
4.319759216920404654e-01
4.213718925042184704e-01
3.879515548598512775e-01
7.706422849386196372e-01
0.000000000000000000e+00
3.338850340569099462e-02
3.632654037123525526e-02
4.224560527055296055e-02
3.395858429415476998e-02
4.370179948586117025e-02
3.497530904032007670e-02
2.293171240571337255e-01
5.028530518492613233e-03
4.301072633548186364e-01
1.722846441947564200e-01
9.939146435950413361e-02
8.561795370532548910e-02
8.187838651414811042e-02
1.962931760741365439e-01
6.373122529644267287e-01
1.564395365374158242e-01
2.095015717512609121e-01
3.231099854171464170e-01
9.066808059384939833e-02
4.675810473815461554e-02
2.064054870960241872e-01
7.281880669156650665e-01
1.530395642055190630e-01
1.500553278369153309e-01
2.995685936151855633e-01
2.988009489815547370e-01
0.000000000000000000e+00
8.793103448275861878e-01
8.670360110803323472e-01
7.741935483870968637e-01
6.999999999999999556e-01
1.000000000000000000e+00
8.726205018518640166e-01
0.000000000000000000e+00
0.000000000000000000e+00
0.000000000000000000e+00
0.000000000000000000e+00
0.000000000000000000e+00
0.000000000000000000e+00
0.000000000000000000e+00
0.000000000000000000e+00
0.000000000000000000e+00
0.000000000000000000e+00
7.663230240549827599e-01
0.000000000000000000e+00
0.000000000000000000e+00
0.000000000000000000e+00
0.000000000000000000e+00
0.000000000000000000e+00
0.000000000000000000e+00
0.000000000000000000e+00
0.000000000000000000e+00
0.000000000000000000e+00
0.000000000000000000e+00
1.298590692339605113e-01
1.198249194787990302e-01
1.251677837547878758e-01
1.231186170711573435e-01
2.449008220114418100e-01
1.228030443402170491e-01
3.699089680403029323e-01
3.131242663135609949e-01
8.367638485444697238e-01
5.253176861883985804e-01
4.804648477143480534e-01
3.455182037453108368e-02
4.014806920681905922e-01
4.391605635730165824e-01
5.510381601014022745e-01
4.508231316205644212e-01
6.814969251179610055e-01
3.261455492944064227e-01
1.654866323469026401e-01
5.051969204554211945e-01
3.075517134545926456e-01
8.858710010722479211e-01
4.301509335609898788e-01
4.362297332051723320e-01
5.272339711702590526e-01
7.136011750721342750e-01
0.000000000000000000e+00
8.777411223288344999e-02
7.984506110991207439e-02
8.264928556545625415e-02
8.278616962736712326e-02
1.547873936860991451e-01
8.242114663860844459e-02
2.861877190171480678e-01
2.025283621575638682e-01
7.979138441090944944e-01
4.667639097671933968e-01
4.019627069887012905e-01
2.235803805595265592e-02
3.335233805895760351e-01
3.510612041964571994e-01
4.490880434746966632e-01
3.772385132293136767e-01
6.277438348354502651e-01
2.250939227027271838e-01
1.219014273461266340e-01
4.119810330537143073e-01
2.255059230908429135e-01
8.533183129784316368e-01
3.743509157765639861e-01
3.845640685408571180e-01
4.407445814781048576e-01
6.473736043970327314e-01
0.000000000000000000e+00
4.974489795918366486e-01
5.041404438555814327e-01
5.135869565217392463e-01
4.615384615384616751e-01
3.750000000000000000e-01
4.970957582273738407e-01
4.299453067555725205e-01
3.393357907546870611e-01
6.378527020564325190e-01
4.096759435063179744e-01
4.958315605823255812e-01
4.694986594261080226e-01
4.138755980861242856e-01
4.703087340599997335e-01
6.074067171081491967e-01
2.660890954947969789e-01
6.533995640840362107e-01
3.854724807721162660e-01
2.703843517803330432e-01
5.293317449319185908e-01
2.846102279882222752e-01
5.578671466691931258e-01
4.346144917656313833e-01
4.378698434029202335e-01
3.643232787281629470e-01
7.296452532253061563e-01
0.000000000000000000e+00
