3.405203479940801525e-01
3.365238266190642147e-01
3.456423250366364996e-01
3.120585353253637617e-01
3.879942794386581628e-01
3.373797097575361725e-01
4.094420549564493639e-01
3.402634311292373481e-01
6.371342759146925161e-01
3.704498315424018529e-01
4.949357150932894855e-01
4.388676186826507841e-01
3.744477278389608532e-01
4.561380795187214843e-01
6.014543014433486601e-01
2.916745617297626936e-01
6.552497751762070832e-01
3.810753860707291607e-01
2.685680332525057779e-01
5.543954793876065823e-01
2.816176254868522078e-01
5.927672441104113732e-01
4.216015450779668772e-01
4.272072544976484032e-01
3.946426917635686427e-01
7.506709620491736068e-01
0.000000000000000000e+00
2.363294926475267843e-02
2.624469009268926012e-02
3.084897118056639798e-02
2.403487638386966885e-02
4.370179948586117025e-02
2.459027913493554152e-02
3.762296957218029259e-01
7.160941741490911561e-02
4.301072633548186364e-01
1.722846441947564200e-01
9.939146435950413361e-02
6.515630591258131377e-02
8.187838651414811042e-02
2.285406720958532700e-01
6.965855516929376767e-01
1.341016330754793429e-01
2.095015717512609121e-01
3.231099854171464170e-01
9.066808059384939833e-02
6.986080897048160820e-02
2.064054870960241872e-01
7.142148708452340511e-01
1.778095220194349513e-01
1.600564519685733766e-01
2.545454545454545747e-01
2.255371746897170127e-01
0.000000000000000000e+00
8.793103448275861878e-01
7.673130193905817187e-01
7.204301075268817467e-01
6.999999999999999556e-01
1.000000000000000000e+00
8.710248149127313155e-01
0.000000000000000000e+00
0.000000000000000000e+00
0.000000000000000000e+00
0.000000000000000000e+00
0.000000000000000000e+00
0.000000000000000000e+00
0.000000000000000000e+00
0.000000000000000000e+00
0.000000000000000000e+00
0.000000000000000000e+00
6.501457725947521471e-01
0.000000000000000000e+00
0.000000000000000000e+00
0.000000000000000000e+00
0.000000000000000000e+00
0.000000000000000000e+00
0.000000000000000000e+00
0.000000000000000000e+00
0.000000000000000000e+00
0.000000000000000000e+00
0.000000000000000000e+00
1.285800684171984898e-01
1.188659436936629898e-01
1.243456616633378253e-01
1.207018207555710099e-01
2.479663844921546900e-01
1.213754153480114395e-01
3.588495446320167925e-01
3.330466603326616704e-01
8.762438704619404106e-01
5.270927407429752964e-01
5.107752211049461089e-01
2.003078295579352464e-02
4.127017568542294956e-01
4.605580624176418558e-01
5.537278858251091229e-01
4.664032337762964442e-01
6.270021488289589939e-01
3.295215783669245280e-01
1.923991770018345093e-01
5.309956815966947463e-01
3.168662193375215708e-01
8.688573617245414216e-01
4.489810576796975372e-01
4.590526477300935770e-01
5.099345844336294897e-01
6.974860151475623660e-01
0.000000000000000000e+00
8.684836178713667421e-02
7.916283920576544508e-02
8.206673754913207386e-02
8.105211273925339022e-02
1.570953785419786086e-01
8.139801445457878204e-02
2.762058176000709575e-01
2.188259967794157212e-01
8.454003794034259389e-01
4.685608096834490421e-01
4.321895783703535443e-01
1.285533703785485260e-02
3.441547684121926687e-01
3.716911751611787218e-01
4.518938940500029089e-01
3.924353223384093869e-01
5.690857878882582543e-01
2.279354484463863850e-01
1.433600376209230864e-01
4.381279835657029831e-01
2.334726599319224827e-01
8.321703139431113616e-01
3.926629344264210841e-01
4.068849001398526788e-01
4.232220844636075952e-01
6.291116987791954829e-01
0.000000000000000000e+00
4.853316326530612290e-01
4.948658496190792011e-01
4.972826086956521063e-01
4.435897435897437902e-01
3.750000000000000000e-01
4.831344077376820145e-01
4.309616579912489698e-01
3.293361968846780230e-01
6.518450458477188514e-01
4.278739719878097425e-01
4.982803422764363610e-01
4.762693687615772165e-01
4.067796610169490679e-01
4.727468908801296665e-01
5.974090773825646572e-01
2.672395542324148554e-01
6.435412911650530976e-01
3.817928553796240410e-01
2.747023855515851043e-01
5.413152356767751971e-01
2.852475706618664009e-01
5.532606907080370728e-01
4.219946103766578638e-01
4.408619014119627977e-01
3.754829157370492831e-01
7.118264814750530078e-01
0.000000000000000000e+00
