4.512922575606828079e-01
4.519908103042238334e-01
4.573630806962161177e-01
4.908094323089813305e-01
7.117598256607731155e-01
4.586067758048057996e-01
5.087210218171068776e-01
6.504324349437115016e-01
4.494782365216485331e-01
2.734744554857502230e-01
3.773620276112487071e-01
5.325346730915048177e-01
7.352354974952817201e-01
4.331021698596920211e-01
3.041681975546572936e-01
3.160759597545796939e-01
8.008416175546414495e-01
3.336713894133427893e-01
4.895530878584350987e-01
5.794010318814418747e-01
4.593478468655618485e-01
5.308245099068976680e-01
5.308851805976588789e-01
4.639450653664498603e-01
7.131517256814579042e-01
4.117189343481890695e-01
0.000000000000000000e+00
2.992392895792220786e-01
3.012122129860607123e-01
3.372466980984793472e-01
2.880743417656169147e-01
1.053984575835475446e-01
3.073678530997896452e-01
5.421836228287844062e-01
5.231394476539600324e-01
2.852290272774060664e-01
1.934538348803126473e-01
8.440082644628099651e-01
2.471446086339291748e-01
1.000000000000000222e+00
4.641954507160910293e-01
1.900682716492991808e-01
1.371370973089828249e-01
3.329914577947622467e-01
3.642244224422442889e-01
3.330792682926829174e-01
1.933571867432867242e-01
2.883947837508208933e-01
3.214128035320088506e-01
7.550702028081122119e-01
2.391083061889250905e-01
5.684210526315789380e-01
2.589578743874477729e-01
0.000000000000000000e+00
2.816091954022988397e-01
2.105263157894736725e-01
2.258064516129032473e-01
1.499999999999999944e-01
1.000000000000000000e+00
2.571811857514968991e-01
0.000000000000000000e+00
0.000000000000000000e+00
0.000000000000000000e+00
0.000000000000000000e+00
0.000000000000000000e+00
0.000000000000000000e+00
0.000000000000000000e+00
0.000000000000000000e+00
0.000000000000000000e+00
0.000000000000000000e+00
5.574999999999999956e-01
0.000000000000000000e+00
0.000000000000000000e+00
0.000000000000000000e+00
0.000000000000000000e+00
0.000000000000000000e+00
0.000000000000000000e+00
0.000000000000000000e+00
0.000000000000000000e+00
0.000000000000000000e+00
0.000000000000000000e+00
2.146580280853632727e-01
2.049532356691980972e-01
2.269331610026495971e-01
2.352775127168191815e-01
4.098651253766384395e-01
2.146621137625948084e-01
3.897519416742876164e-01
5.782573298760678160e-01
4.690337175378362922e-01
3.337673963563245749e-01
4.744495680073348431e-01
1.185715940693428117e-01
7.439774237939071888e-01
3.876659677730597275e-01
2.945877519965947045e-01
3.420869600716458514e-01
7.095047446969799942e-01
3.405282612771119988e-01
4.039842252330561045e-01
5.806327768163996872e-01
4.016204297204906126e-01
5.057976366159655512e-01
4.253429861428961178e-01
4.104995401147688572e-01
6.579825260783745966e-01
3.831039363522104058e-01
0.000000000000000000e+00
1.518708523769434215e-01
1.431839626148607714e-01
1.588130114378816238e-01
1.680612626835680801e-01
2.919994037991839875e-01
1.514657011600443193e-01
3.043176479005739732e-01
4.528529127311288205e-01
3.981995451102071093e-01
2.815518736666255961e-01
3.960327173519553323e-01
8.036782268502218329e-02
6.901093582237223245e-01
3.027563380945972882e-01
2.089521599135106267e-01
2.751950452230496058e-01
6.584636177836058479e-01
2.372723079287097081e-01
3.279927214927773615e-01
4.898313062767370440e-01
3.090348476698460134e-01
4.253150403979650274e-01
3.697011293783646346e-01
3.596623646508363414e-01
5.798960471065974787e-01
3.065194771591601697e-01
0.000000000000000000e+00
6.147959183673468164e-01
6.280225240145744792e-01
6.304347826086957873e-01
6.461538461538463007e-01
6.250000000000000000e-01
6.169405235466971504e-01
5.366596784947375021e-01
6.389620740806341015e-01
4.575983908628012964e-01
2.797620173090944462e-01
3.804086481464368230e-01
5.702069752755311027e-01
7.597254004576657893e-01
4.349363288290428731e-01
3.109592924969561967e-01
3.228150443118333879e-01
7.785752075661143135e-01
3.303106629413037343e-01
4.956328346022528253e-01
5.725684700901543245e-01
4.770378673984194129e-01
5.112032478189514340e-01
5.393910569975863822e-01
4.713040652901110406e-01
7.576338028169014027e-01
3.888318155699883594e-01
0.000000000000000000e+00
