4.720345896197062352e-01
4.681894061125861928e-01
4.775462401294423564e-01
4.558653207530232176e-01
5.930387781985051454e-01
4.719578986540462484e-01
3.370993803110513554e-01
4.130024273097117060e-01
4.411012832124421301e-01
6.442897255859827421e-01
5.722278516905220380e-01
5.024756860326835550e-01
7.263460755785056122e-01
5.833179416660441152e-01
5.773830157249042472e-01
1.531704905094910529e-01
8.259024226181367334e-01
3.323592038958471107e-01
2.957593477611717425e-01
4.357464256384777634e-01
2.720049901468031273e-01
5.954843276790421358e-01
5.155164263608369435e-01
3.823341600032952314e-01
2.983130476234037709e-01
6.134058151622072685e-01
0.000000000000000000e+00
3.169202368069259368e-01
3.103456520526328699e-01
3.101445655228400877e-01
3.087248322147650992e-01
3.393316195372750865e-01
3.161270457040413762e-01
2.607273280584297415e-01
4.018182694315498571e-01
2.324190241556491343e-01
3.573033707865167496e-01
1.853764921946740030e-01
6.609125179275073814e-01
4.523688232297504719e-01
3.280393564021758523e-01
3.944125044915557377e-01
7.115936322214094778e-02
3.965825951261334747e-01
2.905610561056105601e-01
2.267012947907256493e-01
3.096425602660016763e-01
3.011363636363637020e-01
2.860475617098133805e-01
3.213728549141965929e-01
8.827448657875941462e-02
6.331384015594543335e-02
2.889346847794087569e-01
0.000000000000000000e+00
6.551724137931034253e-01
5.983379501385042154e-01
5.053763440860215006e-01
3.333333333333333703e-01
1.000000000000000000e+00
5.776938568775678018e-01
0.000000000000000000e+00
0.000000000000000000e+00
0.000000000000000000e+00
0.000000000000000000e+00
0.000000000000000000e+00
0.000000000000000000e+00
0.000000000000000000e+00
0.000000000000000000e+00
0.000000000000000000e+00
0.000000000000000000e+00
7.193548387096774244e-01
0.000000000000000000e+00
0.000000000000000000e+00
0.000000000000000000e+00
0.000000000000000000e+00
0.000000000000000000e+00
0.000000000000000000e+00
0.000000000000000000e+00
0.000000000000000000e+00
0.000000000000000000e+00
0.000000000000000000e+00
7.195567037349820394e-01
6.842973248508303907e-01
6.843856542835190515e-01
7.179424719217415429e-01
7.138656134732905834e-01
7.079134414185903612e-01
3.117365245560939080e-01
4.259386013698474582e-01
5.705727022050670616e-01
8.474120399959910177e-01
6.210334320134844877e-01
2.396325531601963821e-01
6.628791006752949855e-01
4.999764293673775173e-01
5.377215325876494312e-01
1.938336063207448667e-01
8.070101227883164086e-01
3.922321732093750901e-01
2.581480367705899504e-01
5.590070578561656678e-01
2.560790976230478133e-01
5.312807517486928255e-01
2.613233558000422896e-01
4.017463953695779022e-01
2.609264060323283063e-01
5.445476276681189276e-01
0.000000000000000000e+00
6.443987251960108242e-01
6.024040684120930411e-01
6.005134188293514974e-01
6.422910074206533704e-01
6.143292459153292251e-01
6.304008591088599012e-01
2.346674839831870973e-01
3.002055401451699246e-01
5.008823827867410206e-01
8.170490362090738756e-01
5.470182481676640895e-01
1.730273945444368855e-01
5.996796412779912266e-01
4.105530907610230318e-01
4.352843288199913507e-01
1.473903801632132637e-01
7.684410304026005889e-01
2.826230581294848498e-01
1.977074107514324997e-01
4.670794879073565942e-01
1.826865946004237740e-01
4.511023797106614164e-01
2.173807081621220716e-01
3.512544733718470091e-01
1.940121115601426971e-01
4.641782000365552996e-01
0.000000000000000000e+00
5.790816326530612290e-01
5.882742630009938356e-01
6.032608695652175168e-01
5.538461538461538769e-01
5.000000000000000000e-01
5.859130840466595380e-01
3.745356023388408673e-01
4.058272632674298497e-01
4.693951389775677940e-01
6.849763772397050587e-01
5.500180484611445486e-01
5.342903595883904400e-01
7.808949686992813222e-01
5.785605278145120600e-01
5.784482252297264981e-01
1.572946251747726620e-01
7.873047942849387137e-01
3.188063266022572728e-01
3.117890084617064295e-01
4.154589835490710703e-01
2.906839068639000545e-01
5.956005706372815567e-01
5.477178005959568718e-01
3.937559904474294825e-01
3.253949661457589126e-01
5.886971026580121169e-01
0.000000000000000000e+00
