3.763751949793681106e-01
3.676886776789172195e-01
3.806715624115373231e-01
3.169888903417472648e-01
3.186120950831776710e-01
3.682452176759776208e-01
2.478755880079754892e-01
1.937160662642530284e-01
4.801888808919987373e-01
6.429475294169642030e-01
6.780624077341556033e-01
3.722304507141886987e-01
3.210717929094579759e-01
6.683668871319576876e-01
6.469880735283983775e-01
2.239700985032597735e-01
5.990463086015452854e-01
5.445519283064932381e-01
1.708956616958825503e-01
4.161009372454236299e-01
1.664312452219849359e-01
6.465111981169681110e-01
5.772403123772607003e-01
3.304612631859205063e-01
3.335825230144068843e-01
6.900359215626399312e-01
0.000000000000000000e+00
1.717168502132535024e-02
1.794011460632966015e-02
2.154432197833078266e-02
1.956060345322091498e-02
5.655526992287918109e-02
1.571595405713228921e-02
1.268677559000139232e-01
1.059511380246398460e-01
2.404872190770286355e-01
2.983974949346104300e-01
1.853764921946740030e-01
1.730012260437504557e-01
2.695480422911583629e-02
3.820963665516210472e-01
7.692577953447518047e-01
1.025942828036700560e-01
9.313015031678331668e-02
2.401598054542296301e-01
2.421044402751719726e-01
1.039068994181213679e-01
2.351118133203695115e-01
7.758171330912198016e-01
4.576183047321892849e-01
1.170047379330766968e-01
1.014667817083693135e-01
1.821401467240070793e-01
0.000000000000000000e+00
3.218390804597701105e-01
3.102493074792244121e-01
2.903225806451613100e-01
2.333333333333333093e-01
1.000000000000000000e+00
3.154199160895391207e-01
0.000000000000000000e+00
0.000000000000000000e+00
0.000000000000000000e+00
0.000000000000000000e+00
0.000000000000000000e+00
0.000000000000000000e+00
0.000000000000000000e+00
0.000000000000000000e+00
0.000000000000000000e+00
0.000000000000000000e+00
5.234741784037558743e-01
0.000000000000000000e+00
0.000000000000000000e+00
0.000000000000000000e+00
0.000000000000000000e+00
0.000000000000000000e+00
0.000000000000000000e+00
0.000000000000000000e+00
0.000000000000000000e+00
0.000000000000000000e+00
0.000000000000000000e+00
1.146995981708670564e-01
1.055625473861175889e-01
1.227901887880046283e-01
9.627401117588341162e-02
2.329344049372626957e-01
1.085558754711150042e-01
2.902299141185382680e-01
2.725911299496259210e-01
5.508690714918318410e-01
8.260631950826049508e-01
6.636317619374549892e-01
1.113980402155460014e-01
2.803466801963614419e-01
5.816875268480731220e-01
5.027529958869487725e-01
3.176104492290776626e-01
4.975188924584830197e-01
4.452185238556636282e-01
9.169664991523940323e-02
3.485448039202649895e-01
2.237926287694820271e-01
7.687560680766649668e-01
5.917141190921599847e-01
3.529193413636260157e-01
3.305338790422894801e-01
5.920432549714980119e-01
0.000000000000000000e+00
7.687994325657815375e-02
6.977063738697458772e-02
8.096598005520672103e-02
6.377008397681221963e-02
1.458658341465681463e-01
7.227916187625377242e-02
2.162357608331184067e-01
1.706300429883979564e-01
4.804981611109410689e-01
7.923240092993617534e-01
5.934301495221613321e-01
7.521347540382672392e-02
2.232892627435356103e-01
4.946510228789833818e-01
3.997325405989504699e-01
2.531941509355931652e-01
4.356096882448459162e-01
3.316492292722312829e-01
6.541048294079659930e-02
2.638727655480068157e-01
1.568697911199955775e-01
7.115187513615244264e-01
5.367182688894699405e-01
3.049439563502858164e-01
2.537521709288146909e-01
5.137760919334598553e-01
0.000000000000000000e+00
5.159438775510203357e-01
5.250082808877112317e-01
5.461956521739130821e-01
4.487179487179489001e-01
2.500000000000000000e-01
5.107732314856676670e-01
2.738722036922206504e-01
1.623309053069719454e-01
5.035550081195957484e-01
6.811941052094203641e-01
6.572285358759812901e-01
3.974801927072632024e-01
3.527738264580370098e-01
6.657633616723135361e-01
6.468040197155695559e-01
2.081929477954440610e-01
6.145643189807477036e-01
5.387203702807659145e-01
1.906982345034660131e-01
4.209789946073035916e-01
1.758208586573183352e-01
6.362164089362654096e-01
5.732078320195399534e-01
3.458877670276412353e-01
3.267605633802818099e-01
6.516379714611106877e-01
0.000000000000000000e+00
