5.093808857082136043e-01
5.089065368342096107e-01
5.052433822254065454e-01
4.393217416353498717e-01
6.189979347258802722e-01
5.028048418760540095e-01
7.064456971524091244e-02
6.728872190669176190e-01
5.054125115851479944e-01
8.414045428464487220e-01
6.133880516956121687e-01
3.880617051459749334e-01
0.000000000000000000e+00
9.156395819697065175e-01
8.508704909304682928e-01
1.289981655480987310e-01
5.971310380931590389e-01
7.256877137209669648e-01
5.378289576597305999e-02
3.378239592606357977e-03
1.232157712588571874e-01
6.051936918650094865e-01
2.400673723836894702e-01
3.180467934711097566e-01
2.435314215566991569e-02
8.325786103780137282e-01
0.000000000000000000e+00
5.204023171430388617e-02
5.010639739226765976e-02
5.676460486464543487e-02
4.743876555957093899e-02
5.398457583547558447e-02
5.231250789294637771e-02
2.110001706775900820e-01
7.607960022540238842e-01
2.097272259392691796e-01
3.322632423756018971e-01
2.200413223140496588e-01
2.769945418845205509e-01
6.283690127829971717e-02
5.063124749801335422e-01
2.831426392067123432e-01
4.566722997723965394e-02
1.713339879246979780e-01
4.297029702970297516e-01
1.011264985531211136e-01
5.930296210692781456e-02
2.351118133203695115e-01
3.368786061450131930e-01
1.154446177847113786e-01
6.077951648932955475e-02
5.553012967200610106e-02
3.249423327650186044e-01
0.000000000000000000e+00
5.517241379310344751e-01
5.789473684210526550e-01
5.483870967741936164e-01
4.166666666666666297e-01
1.000000000000000000e+00
5.394868556775078705e-01
0.000000000000000000e+00
0.000000000000000000e+00
0.000000000000000000e+00
0.000000000000000000e+00
0.000000000000000000e+00
0.000000000000000000e+00
0.000000000000000000e+00
0.000000000000000000e+00
0.000000000000000000e+00
0.000000000000000000e+00
6.194444444444444642e-01
0.000000000000000000e+00
0.000000000000000000e+00
0.000000000000000000e+00
0.000000000000000000e+00
0.000000000000000000e+00
0.000000000000000000e+00
0.000000000000000000e+00
0.000000000000000000e+00
0.000000000000000000e+00
0.000000000000000000e+00
1.454404469699022151e-01
1.327002212231156442e-01
1.378385665750192501e-01
1.115487151021289369e-01
3.259817270890749130e-01
1.354115371271786827e-01
2.577684372896611453e-01
8.226351195823915496e-01
4.898903069828650647e-01
9.020056965694054352e-01
6.162565056582858247e-01
1.572178950914027151e-01
1.380308690331879529e-01
8.890745526081874628e-01
5.131791509460903455e-01
1.429841664837137039e-01
4.681827747033264764e-01
7.109836206976241080e-01
6.096918106423765416e-02
2.311302781517121652e-02
1.177147412064172283e-01
5.948343621710094897e-01
1.001317863040476208e-01
4.148996332454071290e-01
3.118961131464270675e-02
6.700313935948187805e-01
0.000000000000000000e+00
9.914987595188223812e-02
8.907215946231383796e-02
9.169406856168071940e-02
7.452430138598692411e-02
2.189136016221913394e-01
9.152355845533910461e-02
1.890447113758312314e-01
7.476078708759795743e-01
4.188124640323970804e-01
8.812498741069989538e-01
5.418848437476104785e-01
1.087832837132753916e-01
1.043827109939833853e-01
8.537984789011479059e-01
4.102271490704403334e-01
1.065637080605916776e-01
4.065227438205110122e-01
6.165018980727620113e-01
4.290022405105581305e-02
1.469330082548758742e-02
7.770270230232043107e-02
5.172366319345507168e-01
7.961995190232729058e-02
3.639010617863238650e-01
2.070476824138745009e-02
5.983873959990027025e-01
0.000000000000000000e+00
7.066326530612243584e-01
7.207684663795959068e-01
7.092391304347827052e-01
5.846153846153847589e-01
6.250000000000000000e-01
6.880766479266695601e-01
7.852551872503177322e-02
6.021296738203469889e-01
5.178641394847683932e-01
8.505385571565928782e-01
5.887163834623845293e-01
4.185274014042773549e-01
0.000000000000000000e+00
9.098941097646235932e-01
8.750392307587341323e-01
1.210666321929474432e-01
6.002417864563940331e-01
7.001838120940353516e-01
4.841657510253372099e-02
4.491199021611769204e-04
1.474690809182011564e-01
5.974887036160565490e-01
2.688277295394227995e-01
3.458877670276412353e-01
8.922202744363172400e-03
8.170029817627071367e-01
0.000000000000000000e+00
