2.067933952852387680e-01
2.080202618421356231e-01
2.082097128210864678e-01
1.743211231702863628e-01
2.591092280398918923e-01
2.021417362696040776e-01
1.779982748452141328e-01
6.219323995659222781e-01
4.429658359914341315e-01
5.067015170239805855e-01
5.654010232607561415e-01
4.096165641552156345e-01
2.140974062216278728e-01
6.706369593220864456e-01
6.060760706901787698e-01
3.676285153212068835e-01
4.323882964812523211e-01
5.640785541557320482e-01
3.925455047347633508e-01
3.684580889248596502e-01
2.851218051226717121e-01
9.562020405517100974e-01
3.397616393789442135e-01
1.098270139097909937e-01
6.922414917830823633e-01
3.240814350903523655e-01
0.000000000000000000e+00
2.191418931822522453e-02
1.623456839320014389e-02
2.869453898273330306e-02
1.738082946136637608e-02
7.712082262210795403e-02
2.163318501773879576e-02
5.234473654000690868e-01
1.670030857752720088e-01
2.277038453054922584e-01
3.005222345307800857e-01
1.294654758731005328e-01
5.733754920307156944e-01
1.215426567978184769e-01
4.167717561366146573e-01
3.795254103779556187e-01
7.594174156884064830e-02
8.525777919955732087e-02
2.873583010474960453e-01
1.974407420130539492e-01
8.312551953449709430e-02
5.432263814616755671e-01
3.631065623118603369e-01
1.460892379764621718e-01
4.153547708689631079e-02
3.330143540669857072e-01
1.962533452274755064e-01
0.000000000000000000e+00
7.643678160919540332e-01
7.146814404432133561e-01
5.698924731182796188e-01
4.166666666666666297e-01
1.000000000000000000e+00
6.589990201702754513e-01
0.000000000000000000e+00
0.000000000000000000e+00
0.000000000000000000e+00
0.000000000000000000e+00
0.000000000000000000e+00
0.000000000000000000e+00
0.000000000000000000e+00
0.000000000000000000e+00
0.000000000000000000e+00
0.000000000000000000e+00
4.239543726235741605e-01
0.000000000000000000e+00
0.000000000000000000e+00
0.000000000000000000e+00
0.000000000000000000e+00
0.000000000000000000e+00
0.000000000000000000e+00
0.000000000000000000e+00
0.000000000000000000e+00
0.000000000000000000e+00
0.000000000000000000e+00
1.423653656283103697e-01
1.374080469886895806e-01
1.390504846031699326e-01
1.446930893927615980e-01
1.973790538774690129e-01
1.363230474669822057e-01
3.591923873159914571e-01
5.951962376166135549e-01
6.798312149602723231e-01
6.483185026404794105e-01
7.108075041342429845e-01
2.781570493950555889e-01
4.952673286459405855e-01
6.833369054099173168e-01
6.180643666791623136e-01
4.037110269232826454e-01
7.350417740698733660e-01
6.544113815731351647e-01
3.794314317434097639e-01
3.744716874564189002e-01
4.487299774864916824e-01
1.000000000000000222e+00
4.253889288430368065e-01
4.797634569605151444e-01
7.416093047141910644e-01
4.875559667589364210e-01
0.000000000000000000e+00
9.689047502957309765e-02
9.247740685792082971e-02
9.256570475244846330e-02
9.845927035958762508e-02
1.201809160362108109e-01
9.218622216673427738e-02
2.765139373070514828e-01
4.713026406736717799e-01
6.179224833047429755e-01
5.947798086510924787e-01
6.461611604221630945e-01
2.047612293891593604e-01
4.245713912951722402e-01
6.059365062083725828e-01
5.207850510055995752e-01
3.321632730562597002e-01
6.868119879641618741e-01
5.504251053864663845e-01
3.051182328398314159e-01
2.871217076245756172e-01
3.534283609386305036e-01
1.000000000000000000e+00
3.697455109555723984e-01
4.273295027931569567e-01
6.751179432368397126e-01
4.065936451886021930e-01
0.000000000000000000e+00
2.723214285714286031e-01
2.822126531964228580e-01
2.771739130434782705e-01
2.487179487179487225e-01
1.250000000000000000e-01
2.723717546669617295e-01
1.919075548107805895e-01
6.128819894242817368e-01
4.245137388082741436e-01
4.561711278701787720e-01
5.316681291706055745e-01
4.438537146567108627e-01
2.576590730557738462e-01
6.830885828418454819e-01
6.208633299045982490e-01
4.175660796985316559e-01
3.581298064145765903e-01
5.456533842988293692e-01
4.058105660099973200e-01
3.666692664134761914e-01
2.835509824179403560e-01
9.435090224211084564e-01
3.170201424592848927e-01
1.147141298058085290e-01
7.138103260523203097e-01
2.889401366190966769e-01
0.000000000000000000e+00
