5.114945243859394530e-01
5.076127738327584904e-01
5.157169978590052661e-01
5.248682207375428010e-01
6.412016554529720302e-01
5.154405677062874336e-01
3.382798341070396564e-01
5.882353437720412304e-01
4.583542807994054336e-01
3.427771714636613787e-01
4.453644827430717212e-01
3.995885866328741098e-01
6.386900861994762035e-01
6.064586950185328895e-01
4.458078786814182459e-01
2.761521726273099553e-01
6.542664556873002413e-01
4.692387275216373665e-01
3.929474298704834778e-01
6.465547916971560172e-01
3.085520172026154917e-01
6.426671859442721901e-01
5.423237409464150005e-01
3.017622546225027236e-01
5.154379097419281575e-01
5.800575753102985566e-01
0.000000000000000000e+00
2.391463492265580026e-01
2.406254732093756898e-01
2.504449370843350731e-01
2.484942350714162695e-01
1.876606683804627196e-01
2.441721704945972182e-01
1.313190973799788774e-01
6.761619408819630195e-02
2.097272259392691796e-01
2.206332992849846519e-01
8.633412042502952577e-02
2.977791138174659125e-01
3.003094944923292431e-01
3.060271586252195641e-01
2.180028339175180685e-01
5.872093794347404971e-02
1.704807735034804261e-01
2.660066006600659838e-01
1.506097560975609984e-01
1.255307676754061075e-01
3.626846732529684370e-01
1.762090567388581164e-01
2.602038965279542260e-01
2.391083061889250905e-01
1.700404858299595090e-01
1.874747111450794090e-01
0.000000000000000000e+00
5.747126436781608838e-01
5.263157894736842923e-01
5.053763440860215006e-01
4.000000000000000222e-01
1.000000000000000000e+00
5.361697404682295165e-01
0.000000000000000000e+00
0.000000000000000000e+00
0.000000000000000000e+00
0.000000000000000000e+00
0.000000000000000000e+00
0.000000000000000000e+00
0.000000000000000000e+00
0.000000000000000000e+00
0.000000000000000000e+00
0.000000000000000000e+00
3.975044563279857002e-01
0.000000000000000000e+00
0.000000000000000000e+00
0.000000000000000000e+00
0.000000000000000000e+00
0.000000000000000000e+00
0.000000000000000000e+00
0.000000000000000000e+00
0.000000000000000000e+00
0.000000000000000000e+00
0.000000000000000000e+00
2.982218064193932205e-01
2.799682963566405558e-01
2.860250881828422242e-01
3.124489603942350868e-01
4.306517635232391950e-01
2.925501631573703687e-01
2.976331561599701026e-01
4.770771275647684440e-01
3.911642768138441362e-01
2.696553186839585337e-01
3.740685591112642427e-01
9.722152367448666510e-02
5.852119295311171143e-01
4.960014723290365746e-01
3.587870064568619011e-01
2.094027941030467410e-01
5.555382104057513537e-01
5.363005754512282230e-01
2.510584432321478765e-01
6.238168238563268631e-01
3.046830891536762564e-01
5.216290987766927234e-01
2.904184109572967021e-01
3.487983506642458043e-01
4.361243066924930245e-01
4.601167132444439201e-01
0.000000000000000000e+00
2.202739332599452649e-01
2.035520834881280328e-01
2.067297482054062385e-01
2.321936044368969609e-01
3.111705893177545423e-01
2.149653942973894782e-01
2.225430269351822976e-01
3.487937523238052173e-01
3.234264702753736898e-01
2.234101148107610069e-01
3.004337920731542377e-01
6.513799291365929278e-02
5.165631551795224485e-01
4.065838524052770020e-01
2.639810457738003269e-01
1.601981197781144894e-01
4.943913345195494191e-01
4.219573152133246907e-01
1.917159706722075807e-01
5.363077067981720791e-01
2.230658407069655291e-01
4.412863052421413523e-01
2.435068256065280323e-01
3.010811998272324708e-01
3.507933035584219206e-01
3.796196699988323431e-01
0.000000000000000000e+00
6.288265306122449161e-01
6.432593574031137962e-01
6.385869565217392463e-01
6.102564102564103088e-01
6.250000000000000000e-01
6.292508320112104592e-01
3.728131823829934355e-01
6.006243496357961398e-01
4.587688734030198612e-01
3.390823488430283472e-01
4.491545915087606922e-01
4.314904240637266186e-01
6.823956442831214941e-01
6.018955555048540740e-01
4.492469800107175004e-01
2.935679134909394694e-01
6.533995640840362107e-01
4.452504412669104905e-01
4.160949226633589015e-01
6.440365549511706256e-01
3.207671681276508813e-01
6.469804776700089910e-01
5.646248941967091373e-01
3.156377091720810046e-01
5.439345751930940720e-01
5.549973526405871382e-01
0.000000000000000000e+00
