5.530031954851843956e-01
5.444000028041338091e-01
5.526828667342640333e-01
5.695413577874302025e-01
5.870245190314928863e-01
5.544861787641404138e-01
3.764790567348936801e-01
5.018890617959596012e-01
4.594873211752295017e-01
2.640932459497764562e-01
5.159352771471660271e-01
3.819259564000974105e-01
9.679365798395178633e-01
5.706767644666530526e-01
4.037059353251393201e-01
3.010225170286717766e-01
5.760542329606280765e-01
4.135789920030940592e-01
3.805483231923521004e-01
8.994657586354394274e-01
2.611618006993967622e-01
6.047931308360926517e-01
4.883806526422485028e-01
3.433257279665826722e-01
5.287256812696790043e-01
5.783131786877691027e-01
0.000000000000000000e+00
1.514418486218091220e-01
1.627043268272855558e-01
1.850001561182751941e-01
1.750129065565307340e-01
3.598971722365038040e-02
1.637871777434117826e-01
8.346774193548389675e-01
1.248982942231118276e-01
5.653516525319430830e-01
1.584772765386550653e-01
1.420454545454545303e-01
5.476204222888640949e-01
1.990334705566494111e-01
3.699335392679958812e-01
2.209126841537908392e-01
6.903319999702040022e-02
2.466413871026898186e-01
2.035043504350434740e-01
1.512288214485197901e-01
1.566596329688598743e-01
2.351118133203695115e-01
2.137748344370861142e-01
1.796092569091364832e-01
7.305786731135555101e-02
1.822714681440442686e-01
4.409150171862037393e-01
0.000000000000000000e+00
8.850574712643678454e-01
7.479224376731301582e-01
7.419354838709677491e-01
5.333333333333333259e-01
1.000000000000000000e+00
8.297696059021398840e-01
0.000000000000000000e+00
0.000000000000000000e+00
0.000000000000000000e+00
0.000000000000000000e+00
0.000000000000000000e+00
0.000000000000000000e+00
0.000000000000000000e+00
0.000000000000000000e+00
0.000000000000000000e+00
0.000000000000000000e+00
2.585507246376811397e-01
0.000000000000000000e+00
0.000000000000000000e+00
0.000000000000000000e+00
0.000000000000000000e+00
0.000000000000000000e+00
0.000000000000000000e+00
0.000000000000000000e+00
0.000000000000000000e+00
0.000000000000000000e+00
0.000000000000000000e+00
1.618447010782754214e-01
1.548962479271833725e-01
1.658199780580792426e-01
1.773339774063487084e-01
3.264298519651105401e-01
1.591812166012512852e-01
3.559114994884848837e-01
3.717855980963687412e-01
4.219101673719234391e-01
2.144979986156081431e-01
4.091755683336457672e-01
1.633420227214319453e-01
8.273512226863082297e-01
3.324533348501145236e-01
2.696450208254137504e-01
1.982387478584857199e-01
5.359436107548876116e-01
3.835181360519338556e-01
2.112642590235889184e-01
9.025569235981687477e-01
1.742934788644792121e-01
4.695381695891691631e-01
2.521661843648850265e-01
2.173005197715258685e-01
3.959579367367943581e-01
4.265509648200913606e-01
0.000000000000000000e+00
1.113218344769358881e-01
1.052740536676135541e-01
1.121097218876182522e-01
1.228328465299453054e-01
2.192858233786284250e-01
1.090076816793039138e-01
2.735687990351914345e-01
2.516851590388762827e-01
3.525377003103921658e-01
1.749339818701665106e-01
3.331476527898167284e-01
1.133863948157414758e-01
7.869544398261099083e-01
2.530711227790623519e-01
1.884885744822551445e-01
1.509995816202809316e-01
4.743528226458806341e-01
2.748075187581227041e-01
1.586745910578992724e-01
8.697608057218371158e-01
1.188490824375082189e-01
3.893435178158325960e-01
2.092376983053170214e-01
1.815699122619622852e-01
3.129672382356227245e-01
3.472866350919826539e-01
0.000000000000000000e+00
7.538265306122449161e-01
7.535607817158000987e-01
7.608695652173913526e-01
7.384615384615385025e-01
5.000000000000000000e-01
7.492653667463105016e-01
3.967734668627858063e-01
5.315259731290230549e-01
4.650213040537386489e-01
2.782488085031911140e-01
5.179184554018037012e-01
4.174948312581475696e-01
9.885583524027458102e-01
5.753291309860190106e-01
4.076034243619117703e-01
3.064331567398803635e-01
5.731186247056891947e-01
4.005347693135843379e-01
3.935799008334996962e-01
8.750171149660428416e-01
2.806837630691461638e-01
6.032160403183408626e-01
4.992193606189569977e-01
3.567336832401439839e-01
5.925699303390783435e-01
5.612211011977572550e-01
0.000000000000000000e+00
