4.584973817961406350e-01
4.493655606215303244e-01
4.666317575438425624e-01
4.299038009384494874e-01
4.416546323655665685e-01
4.587106671995557772e-01
1.067828033205586724e-01
3.274880674425592053e-01
5.922270754732064102e-01
5.629855274389228281e-01
5.719306065349197832e-01
2.799747621079053950e-01
8.632735036166130360e-01
8.130202384920506287e-01
6.573316664804568221e-01
8.332120250711128051e-02
6.970235997121986271e-01
6.422154695234216781e-01
1.409409616776465812e-01
5.156760851943635870e-01
1.498487694174461815e-01
5.850159484694431589e-01
5.606072215823814098e-01
3.326347885892517731e-01
9.846219816540530134e-02
8.566929871858213197e-01
0.000000000000000000e+00
6.555796040486344678e-01
6.746710447666031119e-01
7.198301433165765761e-01
7.196122296793437956e-01
1.670951156812339466e-01
6.890969078738227171e-01
1.755913978494623717e-01
6.778459138928070171e-01
3.365061557767150546e-01
2.895812053115423002e-01
1.883141896624177525e-01
1.782971819430488880e-01
9.164131018435658915e-02
4.502879555844048198e-01
3.882600285930535300e-01
6.589801015658841576e-02
3.305608632123188118e-01
5.026760507376039078e-01
8.081239761083469642e-02
1.150037527540372362e-01
2.204396910279263211e-01
5.696483337465028107e-01
2.074707707409419455e-01
1.321728830580267688e-01
4.848896434634974439e-01
3.780964797913950459e-01
0.000000000000000000e+00
4.367816091954023205e-01
3.822714681440442797e-01
3.763440860215053752e-01
2.500000000000000000e-01
1.000000000000000000e+00
4.272936896187172762e-01
0.000000000000000000e+00
0.000000000000000000e+00
0.000000000000000000e+00
0.000000000000000000e+00
0.000000000000000000e+00
0.000000000000000000e+00
0.000000000000000000e+00
0.000000000000000000e+00
0.000000000000000000e+00
0.000000000000000000e+00
2.706310679611650394e-01
0.000000000000000000e+00
0.000000000000000000e+00
0.000000000000000000e+00
0.000000000000000000e+00
0.000000000000000000e+00
0.000000000000000000e+00
0.000000000000000000e+00
0.000000000000000000e+00
0.000000000000000000e+00
0.000000000000000000e+00
5.890805346016615429e-01
5.877798548158026382e-01
6.426105717240743198e-01
6.622048771215653939e-01
3.088911055062368849e-01
6.131038294080339845e-01
1.752548929310986381e-01
4.381117798590489776e-01
7.570310777522633039e-01
7.504624844101510650e-01
6.157769051041026565e-01
1.186177639040207898e-01
7.074939633900692026e-01
8.806067014879256361e-01
6.117650332646671352e-01
1.927724954145819680e-01
6.954847646979889220e-01
6.515591349487555028e-01
4.066368404476827791e-02
5.330649157189124576e-01
1.892360030809846494e-01
5.870035273222280470e-01
2.924567536595976680e-01
3.661471661916084752e-01
1.455758848427987084e-01
7.326164725684509715e-01
0.000000000000000000e+00
4.989241701005812102e-01
4.959320151191089487e-01
5.534341270877236596e-01
5.786376969056903352e-01
2.048638460087893465e-01
5.241818881735658131e-01
1.233357589664708098e-01
3.115277253591581808e-01
7.047148703535777159e-01
7.064886162076582377e-01
5.413702458448109711e-01
8.040111851689951683e-02
6.489676819036220845e-01
8.429993447878578738e-01
5.138890989739685056e-01
1.465227193060399946e-01
6.430375349794548168e-01
5.471715927225233589e-01
2.835191430824102188e-02
4.402466484681016312e-01
1.301276268852574469e-01
5.089473250928191472e-01
2.453516166590187231e-01
3.173910949054079556e-01
1.024164130578638088e-01
6.691384536762694513e-01
0.000000000000000000e+00
6.122448979591836871e-01
6.164292812189466897e-01
6.236413043478261642e-01
5.564102564102564319e-01
3.750000000000000000e-01
6.050421488820429960e-01
1.277174778549664547e-01
3.108022534632488565e-01
6.069445420678990510e-01
5.674294943712170358e-01
5.440088296143512636e-01
3.348304320634160058e-01
9.122807017543858032e-01
7.874220153721838145e-01
6.504976122752544887e-01
6.399309978317568870e-02
6.980469027201521293e-01
6.215817767903671909e-01
1.594898944554050679e-01
5.036275118253473737e-01
1.712838627360902533e-01
5.890730251963731678e-01
5.818787999738872507e-01
3.458877670276412353e-01
9.993111239362945097e-02
8.122529644268774440e-01
0.000000000000000000e+00
