4.561502201754550345e-01
4.563577437047314778e-01
4.597219516087047708e-01
4.924252752382112241e-01
7.387228839739998776e-01
4.629072561296776467e-01
4.775521284507888709e-01
6.686940571101005482e-01
4.253790934244130462e-01
2.912015754430197223e-01
3.998203587988881091e-01
5.114191130204772673e-01
7.317222587211220652e-01
4.502920665266040845e-01
3.168061573578915269e-01
3.211579150623824486e-01
8.628500790679866084e-01
3.557644308384473875e-01
4.663185864170669159e-01
5.953420394213974065e-01
4.454698118690276765e-01
5.324285527284121633e-01
5.108599776950824012e-01
4.703367132174927079e-01
7.000930771613786963e-01
4.022887522645750558e-01
0.000000000000000000e+00
5.730791266153159591e-02
6.133590493572321778e-02
7.390639148218688947e-02
6.023059714334882964e-02
3.856041131105397701e-02
6.127505737152598442e-02
3.499667969248844712e-01
2.214443130688293904e-01
2.852290272774060664e-01
1.722846441947564200e-01
8.440082644628099651e-01
2.559412811446283298e-01
1.000000000000000222e+00
7.469811850603763626e-01
3.294393207436684401e-01
1.894145368859887490e-01
3.164192220053746452e-01
4.297029702970297516e-01
3.953252032520325199e-01
1.662510390689941886e-01
5.432263814616755671e-01
4.703190848886212860e-01
7.550702028081122119e-01
2.391083061889250905e-01
5.684210526315789380e-01
4.768113242689513420e-01
0.000000000000000000e+00
6.896551724137930939e-02
5.263157894736841813e-02
1.075268817204301230e-01
1.666666666666666297e-02
1.000000000000000000e+00
7.870717978071320453e-02
0.000000000000000000e+00
0.000000000000000000e+00
0.000000000000000000e+00
0.000000000000000000e+00
0.000000000000000000e+00
0.000000000000000000e+00
0.000000000000000000e+00
0.000000000000000000e+00
0.000000000000000000e+00
0.000000000000000000e+00
6.968750000000000222e-01
0.000000000000000000e+00
0.000000000000000000e+00
0.000000000000000000e+00
0.000000000000000000e+00
0.000000000000000000e+00
0.000000000000000000e+00
0.000000000000000000e+00
0.000000000000000000e+00
0.000000000000000000e+00
0.000000000000000000e+00
1.538877311447901519e-01
1.430157752681548988e-01
1.462628296074249823e-01
1.770495660440809527e-01
4.373725427832100277e-01
1.502718766883908152e-01
3.773275867064669331e-01
6.640146969566562696e-01
5.036433036202931923e-01
4.150531727688819839e-01
5.627960014109083531e-01
1.593900769239080528e-01
8.751503353865870416e-01
4.916201053362999618e-01
3.470121590563424174e-01
3.996976164052059577e-01
1.000000000000000000e+00
4.213507564949021678e-01
4.443975016263339572e-01
6.478058612253845272e-01
4.585272222532077446e-01
6.124496965385421987e-01
4.605942765534509764e-01
4.944553685582688818e-01
6.892524758575676591e-01
4.489308057385905659e-01
0.000000000000000000e+00
1.053927278518537736e-01
9.655549674356767031e-02
9.777656277126023365e-02
1.226170331801199609e-01
3.174591445986771898e-01
1.024046597638231804e-01
2.929327799072702354e-01
5.492939102230786075e-01
4.325401658839481134e-01
3.580433140808595427e-01
4.854139797371298526e-01
1.104128345196606076e-01
8.442499850437528153e-01
4.022218847009935705e-01
2.536337631052790198e-01
3.283843645746092887e-01
1.000000000000000000e+00
3.092457730825143303e-01
3.664721670365963524e-01
5.627265731551485128e-01
3.628755517653607932e-01
5.360276138942192681e-01
4.040371008772553063e-01
4.419418414160873887e-01
6.149335888779046133e-01
3.687634464474003337e-01
0.000000000000000000e+00
6.632653061224489388e-01
6.806889698575688818e-01
6.820652173913044347e-01
6.923076923076925127e-01
7.500000000000000000e-01
6.721210623063476053e-01
5.072484892491063713e-01
6.389620740806341015e-01
4.401037853359607288e-01
3.215798047116342762e-01
3.877037080831078342e-01
5.539130422253991659e-01
7.470589771377093014e-01
4.498647634584013177e-01
3.196580341308864481e-01
3.330723318983082049e-01
8.215990984148739962e-01
3.484642916304918625e-01
4.828019038393499551e-01
5.948768009164659976e-01
4.582687244833398288e-01
5.079987519858835121e-01
5.166641413140080630e-01
4.865666355265649834e-01
7.238589045634404862e-01
3.721830922824659327e-01
0.000000000000000000e+00
