4.859811154637732056e-01
4.874372412422558476e-01
4.949436260668933496e-01
5.450640211827013637e-01
6.738196651834660322e-01
4.956790756351590055e-01
5.717825364118048759e-01
5.787667757995770268e-01
4.768264086153963799e-01
3.124082827879040014e-01
3.814911036529659016e-01
5.521608771988570918e-01
7.130360250748386530e-01
3.583335900671401064e-01
2.708716198349157001e-01
3.389341980910709484e-01
7.241818685893192109e-01
3.048995311723809443e-01
5.253270673316121631e-01
5.762229744422709965e-01
5.168075078828572311e-01
4.914923650447330372e-01
5.161714944367434832e-01
4.649926431202722199e-01
7.360248870094703300e-01
3.795351619478777305e-01
0.000000000000000000e+00
4.398752307594372413e-02
5.264080718560965044e-02
6.881693571049427027e-02
6.189410887397464589e-02
4.113110539845757363e-02
5.123461710744990627e-02
4.641852770885030455e-01
5.231394476539600324e-01
1.550710397853990452e-01
2.589750616607289224e-01
8.440082644628099651e-01
2.744605916934687029e-01
8.344370860927152744e-01
3.870720686221950091e-01
1.900682716492991808e-01
1.598507434700268126e-01
1.838413356902735274e-01
2.082314113764317798e-01
5.709930313588851281e-01
1.673236264178263877e-01
3.903274228351628072e-01
2.935324785120473345e-01
7.051482059282372372e-01
8.710182325817500404e-02
2.947368421052632415e-01
2.147682825648926652e-01
0.000000000000000000e+00
3.505747126436781769e-01
2.299168975069252330e-01
2.258064516129032473e-01
1.499999999999999944e-01
1.000000000000000000e+00
2.852697867080731808e-01
0.000000000000000000e+00
0.000000000000000000e+00
0.000000000000000000e+00
0.000000000000000000e+00
0.000000000000000000e+00
0.000000000000000000e+00
0.000000000000000000e+00
0.000000000000000000e+00
0.000000000000000000e+00
0.000000000000000000e+00
4.144981412639405227e-01
0.000000000000000000e+00
0.000000000000000000e+00
0.000000000000000000e+00
0.000000000000000000e+00
0.000000000000000000e+00
0.000000000000000000e+00
0.000000000000000000e+00
0.000000000000000000e+00
0.000000000000000000e+00
0.000000000000000000e+00
1.550082217546986385e-01
1.465665389675346875e-01
1.517886396960106410e-01
1.878442907306983045e-01
3.886430843318082751e-01
1.531284563401181797e-01
4.509810985677202844e-01
5.306847055368362209e-01
4.493471481696560410e-01
3.631733665496925667e-01
4.364970047794858310e-01
9.785604137576753292e-02
7.064148559131653293e-01
2.679425800440845551e-01
3.227304071158134668e-01
3.742991793334689010e-01
6.392732738444344420e-01
3.112718379878920416e-01
4.578372587997325827e-01
5.674966596911119598e-01
4.220503760921823222e-01
4.917954332797718209e-01
3.716090816935315733e-01
3.459675545116145390e-01
6.124049161661363483e-01
3.425309104796827597e-01
0.000000000000000000e+00
1.062248042467333620e-01
9.915003438878450259e-02
1.017962451106458333e-01
1.308505319826707147e-01
2.728610847591154132e-01
1.045152888012078618e-01
3.620439550431752695e-01
4.026152913014086066e-01
3.789699943071552224e-01
3.088652117977895850e-01
3.591430646155749917e-01
6.558581405702390565e-02
6.477622571536234553e-01
1.977812595435397003e-01
2.326566898746773027e-01
3.046919714072392482e-01
5.821660858799462268e-01
2.126998710338834642e-01
3.794972387883328580e-01
4.759695758543271427e-01
3.280769449145045646e-01
4.113236883231007890e-01
3.184509332720396602e-01
2.984319244045983144e-01
5.300423037507040469e-01
2.695537190912329351e-01
0.000000000000000000e+00
6.607142857142855874e-01
6.664458429943691531e-01
6.684782608695651884e-01
6.871794871794871806e-01
6.250000000000000000e-01
6.602852638727387813e-01
5.981758819602478461e-01
5.866564684179745859e-01
4.836523013884729272e-01
3.215798047116342762e-01
3.796244053378536876e-01
5.799588470714248656e-01
7.626529381316865530e-01
3.666104131344306571e-01
2.712470404705049631e-01
3.502429756079827872e-01
7.135168139142447075e-01
3.004731342055458887e-01
5.312494678273241844e-01
5.681612855435456133e-01
5.430425333822428424e-01
4.686456748763854208e-01
5.189339955645526636e-01
4.866906044172742973e-01
7.978113378183915305e-01
3.610013175230566418e-01
0.000000000000000000e+00
