2.441799142202458750e-01
2.562580271203422910e-01
2.720884623905406308e-01
3.130588049031723941e-01
3.678271202705973852e-01
2.586859723311469850e-01
5.546611960806245856e-01
6.897404653234718852e-01
5.917422207538274304e-01
3.066491083514362170e-01
1.605534332459948033e-01
6.568704483261178506e-01
5.862095321150930793e-01
2.206218034274639028e-01
1.269666494622131159e-01
5.917775710384849397e-01
4.661027084849166391e-01
1.734634021201948428e-01
7.269054065500948347e-01
7.144404704834749209e-01
7.158849273473185670e-01
6.553901821573563380e-01
3.618152340446809667e-01
4.338042665285364308e-01
9.476439511310024155e-01
4.803572340415573905e-02
0.000000000000000000e+00
6.617862371888726392e-01
6.701521442860216560e-01
7.657913635370154903e-01
6.341995066827281757e-01
4.370179948586117025e-02
6.844719945807339334e-01
3.127767235926630085e-01
5.376756256898248543e-01
1.957454108766512046e-01
2.383627608346708948e-01
1.120470438652257372e-01
6.116251623015368510e-01
1.909284018493065116e-01
1.424047874967319105e-01
3.654194775476227175e-02
1.894145368859887490e-01
1.954709748407209846e-01
2.282305153592282532e-01
2.161116322701688852e-01
1.496259351620947697e-01
5.432263814616755671e-01
2.105348955680081957e-01
1.102911532191624411e-01
1.518914717204619125e-01
5.108771929824562630e-01
1.393860376911224552e-01
0.000000000000000000e+00
6.839080459770114917e-01
6.980609418282548440e-01
5.698924731182796188e-01
4.000000000000000222e-01
1.000000000000000000e+00
6.121842602593552396e-01
0.000000000000000000e+00
0.000000000000000000e+00
0.000000000000000000e+00
0.000000000000000000e+00
0.000000000000000000e+00
0.000000000000000000e+00
0.000000000000000000e+00
0.000000000000000000e+00
0.000000000000000000e+00
0.000000000000000000e+00
2.009914375844975287e-01
0.000000000000000000e+00
0.000000000000000000e+00
0.000000000000000000e+00
0.000000000000000000e+00
0.000000000000000000e+00
0.000000000000000000e+00
0.000000000000000000e+00
0.000000000000000000e+00
0.000000000000000000e+00
0.000000000000000000e+00
4.564607613882124548e-01
4.528401440546132584e-01
5.344116207595756007e-01
4.782648869656849211e-01
2.192706341861586639e-01
4.707015281726323330e-01
4.665393636469055139e-01
6.151542930837188283e-01
6.546598221252568628e-01
3.042069960262328010e-01
3.104898059490102114e-01
2.413671947667141993e-01
7.818810284801092081e-01
2.455805469487745141e-01
3.050895699315772092e-01
7.155112944850059442e-01
6.691734118741701209e-01
2.877972354667244215e-01
7.069080242302476780e-01
7.130753105178391227e-01
6.220916841381232132e-01
6.978432600468742475e-01
3.556947843614317595e-01
6.320107265754113524e-01
9.760318537226467805e-01
2.651663372694161858e-01
0.000000000000000000e+00
3.640549348391781681e-01
3.589144996848084301e-01
4.377979437458837109e-01
3.850450022733044597e-01
1.358494674117259604e-01
3.773058621258046919e-01
3.771412795622469116e-01
4.934194641892205579e-01
5.903563219006431328e-01
2.545043978286876118e-01
2.431622296539173167e-01
1.744329452578169404e-01
7.336498940894626841e-01
1.793104336511452401e-01
2.177214855980419417e-01
6.550120241226013995e-01
6.143501350779179138e-01
1.935527334338012218e-01
6.415182681983387925e-01
6.367795915523435379e-01
5.315201650908152331e-01
6.299525207079978983e-01
3.035245520674135777e-01
5.831517688080631867e-01
9.679145532355168946e-01
2.020241721793840650e-01
0.000000000000000000e+00
3.380102040816326259e-01
3.603842331897979534e-01
3.722826086956523284e-01
4.051282051282052432e-01
2.500000000000000000e-01
3.528689677384997392e-01
5.918302843751994669e-01
7.066168819244660337e-01
5.591926175958189527e-01
2.871672504949607241e-01
1.618615368530090803e-01
6.909430560888404349e-01
6.026831785345717618e-01
2.233095426834733055e-01
1.122817524542497059e-01
6.248990458675021120e-01
4.022543512626999274e-01
1.645012927282412385e-01
7.414093722771825101e-01
7.142353804068561907e-01
7.208075538302896046e-01
6.339978967602706295e-01
3.589690039077475525e-01
4.426879521654347727e-01
9.575912165908837537e-01
3.081718564221225254e-02
0.000000000000000000e+00
