4.429476933185167997e-01
4.435060969602517833e-01
4.466498924101345303e-01
4.813398653300058339e-01
7.140737686339386769e-01
4.495792371240572294e-01
5.033996647749628961e-01
6.644281565892469210e-01
4.489927147456069800e-01
2.683017517175820821e-01
3.880351294161480391e-01
5.273328508400516590e-01
7.554694621740192240e-01
4.380860272389864307e-01
3.002250297675916890e-01
3.265544977944179195e-01
8.043424030427032134e-01
3.353951368881983863e-01
4.814139662814105325e-01
5.902874480823318004e-01
4.592395181325411579e-01
5.259413535386286975e-01
5.207199831486759578e-01
4.621640988255160121e-01
7.028706826629460558e-01
4.120019507256580393e-01
0.000000000000000000e+00
2.248710930040104528e-01
2.272281686099798248e-01
2.561276423018078452e-01
2.160844375609476398e-01
1.105398457583547378e-01
2.313427136981465182e-01
2.644774304115874997e-01
5.231394476539600324e-01
2.852290272774060664e-01
1.934538348803126473e-01
8.440082644628099651e-01
2.471446086339291748e-01
1.000000000000000222e+00
4.641954507160910293e-01
1.900682716492991808e-01
1.371370973089828249e-01
3.329914577947622467e-01
4.297029702970297516e-01
2.767615176151761447e-01
2.032961075571940168e-01
2.883947837508208933e-01
3.214128035320088506e-01
7.550702028081122119e-01
2.391083061889250905e-01
5.684210526315789380e-01
2.589578743874477729e-01
0.000000000000000000e+00
2.298850574712643646e-01
2.105263157894736725e-01
2.258064516129032473e-01
1.499999999999999944e-01
1.000000000000000000e+00
2.528593247701428348e-01
0.000000000000000000e+00
0.000000000000000000e+00
0.000000000000000000e+00
0.000000000000000000e+00
0.000000000000000000e+00
0.000000000000000000e+00
0.000000000000000000e+00
0.000000000000000000e+00
0.000000000000000000e+00
0.000000000000000000e+00
5.574999999999999956e-01
0.000000000000000000e+00
0.000000000000000000e+00
0.000000000000000000e+00
0.000000000000000000e+00
0.000000000000000000e+00
0.000000000000000000e+00
0.000000000000000000e+00
0.000000000000000000e+00
0.000000000000000000e+00
0.000000000000000000e+00
1.927893901056044745e-01
1.839479413710674027e-01
2.008697817753211101e-01
2.151260015284877092e-01
4.106237645729178265e-01
1.921494985175105086e-01
3.780636316382368634e-01
6.057046977343862881e-01
4.566259605435729618e-01
3.387864317035205186e-01
5.055005308484270543e-01
1.357487020416690005e-01
7.757092102297673541e-01
3.787098330089379017e-01
3.075122933687872706e-01
3.709534135504564123e-01
7.292461020989624565e-01
3.579849024241864575e-01
3.787678497333022420e-01
6.109645158127621212e-01
3.773761343553496683e-01
5.087497152428406277e-01
4.082935299593677403e-01
4.193182579777474661e-01
6.598279542138610898e-01
4.161500453267130695e-01
0.000000000000000000e+00
1.348285068409110221e-01
1.270445915681611693e-01
1.385404103854032676e-01
1.520472853976012617e-01
2.926916806262939152e-01
1.339591806616358127e-01
2.936041531935506543e-01
4.828966891644471682e-01
3.860541432295895858e-01
2.861849954806485741e-01
4.268878894067147378e-01
9.286282829095648950e-02
7.265048320285611982e-01
2.945486301090190495e-01
2.197574343952026221e-01
3.015995282155552459e-01
6.803499435227329251e-01
2.523090637286432569e-01
3.045052909895571425e-01
5.223301681069743019e-01
2.868547885486173454e-01
4.282809461606201240e-01
3.532973603755155123e-01
3.681657968840301720e-01
5.819449818602069335e-01
3.374158789524610569e-01
0.000000000000000000e+00
6.135204081632652517e-01
6.280225240145744792e-01
6.250000000000000000e-01
6.410256410256411908e-01
6.250000000000000000e-01
6.129034080853534849e-01
5.372434726927658444e-01
6.493236212278877817e-01
4.607241881667373251e-01
2.780592571034818938e-01
3.859314182863964326e-01
5.653762845659550118e-01
7.953216374269006517e-01
4.407083905248668776e-01
3.057735042151902283e-01
3.364266669326836379e-01
7.785752075661143135e-01
3.292682026982065580e-01
4.846780957354165364e-01
5.821436031824887003e-01
4.806841490871809897e-01
5.042149344645674436e-01
5.290989950343829573e-01
4.713040652901110406e-01
7.410617551462621577e-01
3.847514042022051051e-01
0.000000000000000000e+00
