6.984069230134857253e-01
6.943976532848141758e-01
6.982816565851877044e-01
7.051566751453639537e-01
7.219257919024657522e-01
6.997638452418102339e-01
2.397092085172547460e-01
9.087638656903995749e-01
2.704354079871382766e-01
4.832335579731696917e-01
6.074365547504133600e-01
3.466664010814999308e-01
7.431757425625193925e-01
5.478792623779198401e-01
5.013100377949596398e-01
4.331591183788940924e-01
2.512810544604092700e-01
3.278630029295567794e-01
5.161532841107718816e-01
5.079470260904619394e-01
3.099590642814568087e-01
9.878117635540389907e-01
4.662106669590428965e-01
2.744410301021416032e-01
2.775301795737245558e-01
5.342256663191475852e-01
0.000000000000000000e+00
2.993506906868673156e-02
3.138523825843009263e-02
2.750804009117305271e-02
2.558366316755578129e-02
6.683804627249356756e-02
2.793364061921647934e-02
4.121863799283154162e-02
4.722628245284331561e-01
1.550710397853990452e-01
1.496075111589963980e-01
4.455061983471075848e-02
1.261738265131112091e-01
6.181015452538632382e-02
1.266769935954924486e-01
4.152575596902213784e-01
1.224340674279499330e-01
2.916713498932224646e-02
1.884662150425568672e-01
1.641260162601625994e-01
7.125044531528321179e-02
4.141117052881759242e-01
1.601619599903922331e-01
7.300678782118175114e-02
7.968404597447847904e-02
1.068825910931170409e-02
2.315198925368417981e-01
0.000000000000000000e+00
8.965517241379309388e-01
8.642659279778392989e-01
1.000000000000000000e+00
6.333333333333333037e-01
1.000000000000000000e+00
9.128087893345475656e-01
0.000000000000000000e+00
0.000000000000000000e+00
0.000000000000000000e+00
0.000000000000000000e+00
0.000000000000000000e+00
0.000000000000000000e+00
0.000000000000000000e+00
0.000000000000000000e+00
0.000000000000000000e+00
6.937984496124031120e-01
5.174013921113689296e-01
0.000000000000000000e+00
0.000000000000000000e+00
0.000000000000000000e+00
0.000000000000000000e+00
0.000000000000000000e+00
0.000000000000000000e+00
0.000000000000000000e+00
0.000000000000000000e+00
0.000000000000000000e+00
0.000000000000000000e+00
3.015212703692587981e-01
2.808356731498884429e-01
2.849772357761536368e-01
2.847724680963636956e-01
4.059290146493332863e-01
2.893047732544056228e-01
9.375813779012565075e-02
6.198223398299225195e-01
1.859185609202724798e-01
5.098021776719179332e-01
3.969695209026939953e-01
7.036682684496176066e-02
4.586421359831602818e-01
2.902291718626744954e-01
5.009141451955929636e-01
2.017958659626859497e-01
1.624921136736465765e-01
2.921023103890708628e-01
3.997247177828633369e-01
3.620218386546771860e-01
3.049075598230321926e-01
6.372286251099337218e-01
3.101646302759324403e-01
2.471116483535864550e-01
8.967998906325569397e-02
3.856115336910113101e-01
0.000000000000000000e+00
2.230815307103053979e-01
2.042750522852991857e-01
2.058564441056255911e-01
2.086816556372552145e-01
2.884166112816521910e-01
2.122287191443316123e-01
6.323770887079144254e-02
4.986515432897898892e-01
1.428696251974375664e-01
4.511204487805449137e-01
3.216857490493065796e-01
4.645470491968589632e-02
3.884236015078636473e-01
2.165457000427311596e-01
3.978909110217386802e-01
1.539224020859191189e-01
1.287907790354987370e-01
1.970262368187647162e-01
3.239970917928859384e-01
2.758952130206450692e-01
2.232565491855109385e-01
5.627985167330318284e-01
2.614576330913787050e-01
2.080268041225700193e-01
6.135284304313520787e-02
3.088391357100301882e-01
0.000000000000000000e+00
8.386479591836735192e-01
8.413381914541240292e-01
8.328804347826086474e-01
7.846153846153847145e-01
6.250000000000000000e-01
8.266598304460033297e-01
2.631664486083120646e-01
9.274062869963368705e-01
2.750808394495506404e-01
4.451229175977873265e-01
6.557267577807475156e-01
3.617426812658673940e-01
8.035504263451925810e-01
5.703878487159053101e-01
4.912994428122740009e-01
4.765172238122241666e-01
2.697725683240943528e-01
3.188681308242935497e-01
5.136367097834008133e-01
5.036275118253473737e-01
3.124221282940087829e-01
9.691997915481302961e-01
4.804614026344349309e-01
2.797546606914556033e-01
3.513506557155693377e-01
5.492937056888307357e-01
0.000000000000000000e+00
