4.421547550325546361e-01
4.315180194166146066e-01
4.485066191580162620e-01
3.935096663706096898e-01
3.714410547310986743e-01
4.364572472822076943e-01
2.659094757576286883e-01
3.238924111757466306e-01
5.400109652828337659e-01
6.692689498435788753e-01
6.441490999702083053e-01
4.040954444265152379e-01
4.389759816621778832e-01
6.004733717274777227e-01
5.663877567979348493e-01
2.677493114914983874e-01
5.920443826122546715e-01
4.047586458951018540e-01
1.790737695326952705e-01
5.054668806066059394e-01
2.343276483590929216e-01
5.936401494610782370e-01
5.010642564657736830e-01
4.672788806350622881e-01
2.675187688106180350e-01
7.650033077958322547e-01
0.000000000000000000e+00
6.403972245209751946e-02
7.301172363775473850e-02
9.039248134386609901e-02
8.529799804967588828e-02
4.884318766066836348e-02
7.305638390281844752e-02
1.243353420772775331e-01
8.994722939097887782e-02
2.163954761999023479e-01
2.913561019023250820e-01
2.098679482572763932e-01
1.964149258090699957e-01
9.334594765058343291e-02
5.010805465001282322e-01
3.177497931795201236e-01
9.198839949247777925e-02
8.635759575269916222e-02
2.559843739475988755e-01
7.714018353054818977e-02
5.421229534858504340e-02
3.671609139523577814e-01
3.111754966887417817e-01
1.237503021247610691e-01
1.030500444181225994e-01
1.125960969840331116e-01
6.232914160743575627e-01
0.000000000000000000e+00
4.885057471264367956e-01
4.653739612188366181e-01
4.193548387096774910e-01
2.833333333333333259e-01
1.000000000000000000e+00
4.772122265835346822e-01
0.000000000000000000e+00
0.000000000000000000e+00
0.000000000000000000e+00
0.000000000000000000e+00
0.000000000000000000e+00
0.000000000000000000e+00
0.000000000000000000e+00
0.000000000000000000e+00
0.000000000000000000e+00
0.000000000000000000e+00
5.245001960015679421e-01
0.000000000000000000e+00
0.000000000000000000e+00
0.000000000000000000e+00
0.000000000000000000e+00
0.000000000000000000e+00
0.000000000000000000e+00
0.000000000000000000e+00
0.000000000000000000e+00
0.000000000000000000e+00
0.000000000000000000e+00
2.359727299552597524e-01
2.198229306601739985e-01
2.430339031696319152e-01
2.279775821796437008e-01
2.085677845643633121e-01
2.312409729999171937e-01
3.728703818867959985e-01
4.136665958218924133e-01
5.655181204881252199e-01
6.824880725194002462e-01
7.002817616305103687e-01
1.455102530012457596e-01
4.667389315127528082e-01
5.906365574546105224e-01
4.664555007805923914e-01
4.202798950293153979e-01
5.042524011087743396e-01
3.585323575047302258e-01
9.804017058532976669e-02
4.961746584550297268e-01
2.666120990273246338e-01
6.165529798315603216e-01
2.340641448863867158e-01
4.504389840258029576e-01
3.702114305897842295e-01
7.436245764024655980e-01
0.000000000000000000e+00
1.688243281007398289e-01
1.548112771773413887e-01
1.716000829759750101e-01
1.622251150031036593e-01
1.281307179003724761e-01
1.646008957656237004e-01
2.888755162433411239e-01
2.889456964823191032e-01
4.956321483549216977e-01
6.316036386496532984e-01
6.342746194191992704e-01
1.000597191871841485e-01
3.963495310724793330e-01
5.041516643930030739e-01
3.638956245331664840e-01
3.478653858279717737e-01
4.423461505372721092e-01
2.527851611058934411e-01
7.013182249932020662e-02
4.029541564637204032e-01
1.912827174364960248e-01
5.404334438896347681e-01
1.932527989227909027e-01
3.984350165751611161e-01
2.893097054046461225e-01
6.818453932148740293e-01
0.000000000000000000e+00
5.982142857142855874e-01
6.094733355415702380e-01
6.059782608695651884e-01
5.179487179487181070e-01
3.750000000000000000e-01
5.838766332763281053e-01
2.854105015058269190e-01
2.572267021994844582e-01
5.652071068124476794e-01
6.797276586900216078e-01
6.304154127991350443e-01
4.287603653565082995e-01
4.444444444444445308e-01
6.053349586791674231e-01
5.621180800825451573e-01
2.544816637550471050e-01
5.941111814453230444e-01
4.058369075536905068e-01
2.098896554183135033e-01
4.940620996803148923e-01
2.515193963726171655e-01
5.674071296903804296e-01
5.219702941074890745e-01
4.745647502923819872e-01
2.387398596526153494e-01
7.155561829474872404e-01
0.000000000000000000e+00
