4.297898808955709082e-01
4.388592006189582229e-01
4.434964349893801838e-01
5.185995857947642840e-01
5.074008110131453808e-01
4.430234933978403067e-01
5.545479666675140473e-01
6.691079569476086064e-01
4.625236931008747110e-01
1.468298790877924365e-01
2.644748710632840449e-01
5.847144943036512998e-01
1.000000000000000000e+00
3.610997445520738869e-01
2.223002992212510798e-01
3.410555639266901196e-01
5.660048855398377432e-01
2.753727210054350838e-01
5.981325689930376832e-01
5.371241176351247981e-01
6.096476745494353588e-01
5.597581857178329789e-01
5.981430552917954557e-01
5.446914859994131941e-01
6.743529422692695618e-01
3.244774606518999738e-01
0.000000000000000000e+00
1.329810936405881883e-01
1.428195707443035423e-01
1.583039310581696446e-01
1.598118510870188413e-01
8.740359897172236825e-02
1.426056488445537340e-01
4.520440251572327983e-01
1.756019516556427407e-01
3.874960174496973053e-01
1.420850519129569500e-01
2.020422759059123385e-01
5.225343153974502108e-01
3.768137510231416298e-01
2.295434583878542822e-01
6.460119590554372904e-01
2.413751434958613107e-01
1.101869544041062243e-01
7.851579443658652790e-01
2.572498559631265502e-01
1.835299391969514304e-01
2.695594047895839007e-01
2.489019186974844589e-01
2.974518980759230380e-01
3.516973106845775465e-01
4.024291497975708842e-01
1.142586227331990334e-01
0.000000000000000000e+00
8.965517241379309388e-01
8.864265927977839077e-01
8.709677419354839856e-01
6.333333333333333037e-01
1.000000000000000000e+00
8.895914591415696737e-01
0.000000000000000000e+00
0.000000000000000000e+00
0.000000000000000000e+00
0.000000000000000000e+00
0.000000000000000000e+00
0.000000000000000000e+00
0.000000000000000000e+00
0.000000000000000000e+00
0.000000000000000000e+00
0.000000000000000000e+00
5.883905013192611833e-01
0.000000000000000000e+00
0.000000000000000000e+00
0.000000000000000000e+00
0.000000000000000000e+00
0.000000000000000000e+00
0.000000000000000000e+00
0.000000000000000000e+00
0.000000000000000000e+00
0.000000000000000000e+00
0.000000000000000000e+00
3.487463966297909002e-01
3.465285214804936231e-01
3.613098631224461732e-01
4.199069129973496128e-01
3.310813777588613727e-01
3.545493859759683009e-01
5.144768314079093408e-01
6.232093549677919508e-01
4.410557278945281823e-01
2.560547452007082558e-01
3.241142977827617955e-01
3.050772282166831495e-01
1.000000000000000000e+00
2.926920358836005986e-01
4.012370436195014101e-01
4.384837276564050867e-01
6.594840543960662771e-01
4.211405608896174879e-01
7.100448188793047066e-01
4.850539897193866246e-01
4.248753085217478187e-01
6.860559027951917965e-01
9.395536323581887839e-01
1.000000000000000222e+00
7.474828450638334454e-01
2.691583039999856375e-01
0.000000000000000000e+00
2.641552577011719860e-01
2.606883336148431707e-01
2.717051997623976534e-01
3.289070553809455011e-01
2.231610358451000253e-01
2.687626328105963691e-01
4.247518616458649254e-01
5.024618349665709305e-01
3.709370379382466720e-01
2.113242564717292549e-01
2.552210922542479388e-01
2.275802316234602496e-01
1.000000000000000222e+00
2.186411384619587062e-01
3.022330831061451617e-01
3.653050695106769830e-01
6.038721637703883260e-01
3.090508002541061394e-01
6.450678402415345181e-01
3.919113313982056090e-01
3.307352826377845112e-01
6.167081821649136320e-01
9.266252136030258546e-01
1.000000000000000000e+00
6.819882739568434715e-01
2.054137427323342591e-01
0.000000000000000000e+00
4.528061224489796643e-01
4.829413713150050302e-01
4.741847826086957873e-01
5.384615384615385469e-01
3.750000000000000000e-01
4.685421313799085219e-01
5.782982324908427785e-01
6.213355341059959569e-01
4.622925135501355642e-01
1.214528680920679005e-01
2.779899480483177809e-01
5.888572449656314101e-01
1.000000000000000000e+00
3.770477060436838723e-01
2.200728667800891103e-01
3.534450846098424748e-01
5.133563154374203297e-01
2.649003306360081522e-01
6.065774692091013831e-01
5.351326295669716071e-01
6.201466324821200971e-01
5.252967359550502202e-01
5.771866057813408446e-01
5.268769891341851253e-01
6.716578157469406118e-01
3.169767666056108046e-01
0.000000000000000000e+00
