2.524657071926563745e-01
2.489749219530037472e-01
2.355921261764550856e-01
1.993115568085008782e-01
2.464119595801530505e-01
2.405801795339419513e-01
6.782235418566373575e-02
6.170927295436020588e-01
4.258365794223251122e-01
5.314615120236982904e-01
7.126500234073490647e-01
2.954763743233710382e-01
9.360572391509580648e-02
8.181965702820432895e-01
7.708844967498129641e-01
3.254287558200321673e-01
3.073403848840664532e-01
7.363372619724186663e-01
2.822065938076717684e-01
2.597408983053869358e-01
1.975132206753584807e-01
9.135045984371140682e-01
2.588229022233565768e-01
2.490968111142288777e-02
5.635977991455043412e-01
4.708522172296245589e-01
0.000000000000000000e+00
4.296899866318662498e-03
6.567149904760385959e-03
4.027851500296622533e-03
6.539321975563588962e-03
3.856041131105397701e-02
4.073225373065814114e-03
1.305256869772998818e-01
6.554186677803299776e-01
2.596622797343332012e-01
5.428024386557162018e-01
1.840432294977750183e-01
4.176743885913403176e-01
5.730504122178672888e-02
4.641954507160910293e-01
2.826015091627739340e-01
5.301794453507341354e-02
6.388991473851537983e-02
3.952405766892479466e-01
7.048927416985012462e-02
2.838648060699315301e-01
4.786690433749258289e-01
2.395143487858719666e-01
6.220748829953198777e-02
7.728753331359194956e-02
2.383900928792569984e-01
1.896408676069692989e-01
0.000000000000000000e+00
7.873563218390804419e-01
7.174515235457064044e-01
6.451612903225807383e-01
4.499999999999999556e-01
1.000000000000000000e+00
7.151756730377362148e-01
0.000000000000000000e+00
0.000000000000000000e+00
0.000000000000000000e+00
0.000000000000000000e+00
0.000000000000000000e+00
0.000000000000000000e+00
0.000000000000000000e+00
0.000000000000000000e+00
0.000000000000000000e+00
0.000000000000000000e+00
5.210280373831774892e-01
0.000000000000000000e+00
0.000000000000000000e+00
0.000000000000000000e+00
0.000000000000000000e+00
0.000000000000000000e+00
0.000000000000000000e+00
0.000000000000000000e+00
0.000000000000000000e+00
0.000000000000000000e+00
0.000000000000000000e+00
1.080678358166393682e-01
1.027045582774370747e-01
9.355541583538540262e-02
9.891703433174170446e-02
1.687386775194408273e-01
9.785491217784325624e-02
2.488403566262007427e-01
6.155350993670860582e-01
5.815755896933751945e-01
5.801941708236377782e-01
8.102758651548584989e-01
2.231877753654440966e-01
3.878565248361642848e-01
7.810602020492397601e-01
7.248641037522698394e-01
3.134779756549967988e-01
5.664670669653246726e-01
8.731164415600778383e-01
2.428018054753897648e-01
3.290547268462007402e-01
3.436743105641528739e-01
8.192406766738409285e-01
2.836332715062312992e-01
4.693381011516153389e-01
6.375425848774080029e-01
5.133932791597213274e-01
0.000000000000000000e+00
7.216793210514649282e-02
6.777040532634442949e-02
6.062700453478042650e-02
6.561844271707978349e-02
1.003872660831026109e-01
6.476165644107578778e-02
1.816989242343461930e-01
4.938454431544668788e-01
5.123614222281436259e-01
5.230000139074599819e-01
7.619298785113475247e-01
1.598117511064641172e-01
3.207109051284685042e-01
7.198927915987114456e-01
6.426776065410051419e-01
2.495147845803595832e-01
5.056503927370121776e-01
8.221782798946075665e-01
1.847782471504270108e-01
2.467258707391786765e-01
2.567748099524859162e-01
7.715610794232683478e-01
2.373796004334072229e-01
4.170156226215053774e-01
5.573601255101869878e-01
4.324389052280053214e-01
0.000000000000000000e+00
3.801020408163264808e-01
3.882080158993044261e-01
3.722826086956523284e-01
3.230769230769232614e-01
2.500000000000000000e-01
3.665664633518357363e-01
7.713990508559154247e-02
6.389620740806341015e-01
3.957947137114413705e-01
5.100477737723920768e-01
6.827993520921242787e-01
3.426329986561574836e-01
1.025641025641025328e-01
8.406028743324829300e-01
7.988005392216387390e-01
3.427777120495552055e-01
2.654731595192942883e-01
7.262911167636785237e-01
3.023912409912630217e-01
2.613492870661678902e-01
1.987899810379268328e-01
9.362197600083064231e-01
2.568573560077151985e-01
3.128716532981301590e-02
5.655084693181113842e-01
4.285114064299274661e-01
0.000000000000000000e+00
