3.840504748887239028e-01
3.767930145858569002e-01
3.723424736242937350e-01
3.448080163505804485e-01
2.198294004452213679e-01
3.723974770753974983e-01
2.647806932229044286e-01
1.023831136415260523e-01
5.733094394845661412e-01
1.874340115067325563e-01
7.339752093734946969e-01
3.535732177057921977e-01
4.072739477826410326e-01
7.310641854108290705e-01
6.650063847153955265e-01
2.092297330016650303e-01
4.893839619168655064e-01
5.867556760955696671e-01
1.866140235140711923e-01
4.912754407241218813e-01
2.021586743974210787e-01
7.885742781784857991e-01
4.696295977437756619e-01
2.931521581732332571e-01
3.178171919874917539e-01
6.377149011235314635e-01
0.000000000000000000e+00
0.000000000000000000e+00
0.000000000000000000e+00
7.431229899772059944e-03
1.434061836746394758e-03
2.570694087403599393e-02
1.313153449193998901e-03
1.236559139784946804e-01
1.059511380246398460e-01
3.540625783549098404e-01
6.785925487876987017e-02
2.031265558100169843e-01
1.116411852794645942e-01
1.438032166508987630e-01
5.239389157184047852e-01
7.221343873517785950e-01
6.333365320026868028e-02
2.103569129532937565e-01
2.302910291029102996e-01
6.228691319171419938e-04
7.945253146204256378e-02
2.351118133203695115e-01
7.143228553589158203e-01
1.247069778079081259e-01
3.454518534471151536e-02
1.561665357423409062e-01
2.278782381951136582e-01
0.000000000000000000e+00
7.816091954022988952e-01
6.592797783933517231e-01
5.806451612903226200e-01
5.000000000000000000e-01
1.000000000000000000e+00
6.890716759154462689e-01
0.000000000000000000e+00
0.000000000000000000e+00
0.000000000000000000e+00
0.000000000000000000e+00
0.000000000000000000e+00
0.000000000000000000e+00
0.000000000000000000e+00
0.000000000000000000e+00
4.787234042553191182e-01
0.000000000000000000e+00
4.424603174603174427e-01
0.000000000000000000e+00
0.000000000000000000e+00
0.000000000000000000e+00
0.000000000000000000e+00
0.000000000000000000e+00
0.000000000000000000e+00
0.000000000000000000e+00
0.000000000000000000e+00
0.000000000000000000e+00
0.000000000000000000e+00
3.391869702369698647e-02
2.570157565228448071e-02
3.320170844512349007e-02
2.614673319116278538e-02
1.263735993946322189e-01
2.579887691933646643e-02
2.392222493459885690e-01
1.363921773243955138e-01
8.430470899243922567e-01
2.383759620358825160e-01
8.256969294947520410e-01
7.295002334440270353e-02
3.407689651797649599e-01
5.919740919138322122e-01
6.488971236039837720e-01
2.322957956741467100e-01
5.978418707958965683e-01
4.426325044087686678e-01
0.000000000000000000e+00
3.826830807378995836e-01
2.284695388973931873e-01
9.529605779128302867e-01
3.415429681150532470e-01
2.782014572355622217e-01
3.368824526083905591e-01
5.264978155135895399e-01
0.000000000000000000e+00
2.171425744245014666e-02
1.620915914622839127e-02
2.073772419069702666e-02
1.663409543655935963e-02
7.257420619888263480e-02
1.637716324928623068e-02
1.738494755547837500e-01
7.582320930642093282e-02
8.054119943772004575e-01
1.957442338642996216e-01
7.804352514919437045e-01
4.822896161634543377e-02
2.772371827669886657e-01
5.055765647517815875e-01
5.550098216455474631e-01
1.792923769115094546e-01
5.383018355866175941e-01
3.291965597680748257e-01
0.000000000000000000e+00
2.945894942242845427e-01
1.605597798382013830e-01
9.385275558213734826e-01
2.903481016306819207e-01
2.360162690061624602e-01
2.593681051115059311e-01
4.457128401170779020e-01
0.000000000000000000e+00
6.230867346938775420e-01
6.326598211328255950e-01
6.059782608695651884e-01
5.641025641025640969e-01
1.250000000000000000e-01
6.084341021075554412e-01
2.876143588093030834e-01
0.000000000000000000e+00
5.875245009819188846e-01
2.334836659169503559e-01
7.129998318758217213e-01
3.950716803882666772e-01
4.628654643217205988e-01
7.288284426851129316e-01
6.621658482674707136e-01
2.027831308732261917e-01
4.574291173336015870e-01
5.767919638223992784e-01
2.140522267690962988e-01
5.036275118253473737e-01
2.122040321175196476e-01
7.688873296551339553e-01
4.872329802688104561e-01
3.156377091720810046e-01
3.240348976449791696e-01
6.216192182775008845e-01
0.000000000000000000e+00
