5.576391527633393075e-01
5.743776957306854225e-01
5.900737605733132884e-01
7.135703898465897144e-01
5.230985940903132292e-01
5.823642071913268659e-01
8.150461427234377831e-01
5.227871133133380477e-01
5.826167629515750512e-01
8.872895374561773352e-02
1.822754839102211921e-01
6.797520437332711385e-01
8.497029225519578954e-01
2.007841109394991608e-01
1.417817875367447800e-01
3.433149502951482468e-01
4.370167700673205369e-01
1.614982775916447566e-01
7.011621182629983462e-01
6.077411277908403298e-01
7.420605994222057022e-01
4.757288029845895272e-01
4.405979818881593513e-01
5.245658730420681426e-01
7.639502907389761344e-01
2.198276989742189436e-01
0.000000000000000000e+00
1.295754026354319077e-01
1.425804754807807051e-01
1.631748212445748858e-01
1.578615269890437656e-01
1.568123393316195047e-01
1.411292993758749836e-01
6.567864553857765131e-01
2.433180204635623234e-01
2.610986138659665556e-01
1.420850519129569500e-01
4.759126583031096369e-01
2.722146732507522149e-01
1.759914744614448356e-01
3.897781522044369007e-01
1.900682716492991808e-01
9.170185202955566384e-02
1.042946039012128401e-01
1.256954266855256630e-01
3.084212261041529568e-01
2.467788861180382209e-01
2.695594047895839007e-01
2.122148638704930423e-01
1.766706733843124710e-01
1.545750666271838991e-01
2.120203735144313151e-01
2.755604155276107914e-01
0.000000000000000000e+00
6.149425287356321546e-01
5.540166204986149978e-01
5.698924731182796188e-01
4.166666666666666297e-01
1.000000000000000000e+00
6.029629106020524265e-01
4.937500000000000222e-01
0.000000000000000000e+00
0.000000000000000000e+00
0.000000000000000000e+00
0.000000000000000000e+00
0.000000000000000000e+00
0.000000000000000000e+00
0.000000000000000000e+00
0.000000000000000000e+00
0.000000000000000000e+00
2.805031446540880435e-01
0.000000000000000000e+00
0.000000000000000000e+00
0.000000000000000000e+00
0.000000000000000000e+00
0.000000000000000000e+00
0.000000000000000000e+00
0.000000000000000000e+00
0.000000000000000000e+00
0.000000000000000000e+00
0.000000000000000000e+00
2.936765341326889045e-01
2.927602213557956023e-01
3.060040582521194041e-01
3.709345083206643245e-01
3.056630915639362289e-01
2.996147867978002921e-01
6.359336995567601569e-01
4.370337019764353736e-01
4.042193223000363211e-01
0.000000000000000000e+00
1.507391004446787530e-01
7.559428216509789245e-02
6.973780284241362093e-01
1.248623078347458337e-01
2.679622701143881125e-01
2.670754409821647357e-01
3.607698006941637558e-01
1.874798693786445813e-01
6.210312550626253536e-01
4.885000821488276745e-01
5.103900117888275911e-01
4.586074173482879157e-01
2.976611858131106292e-01
3.294915471232797710e-01
6.364550464951724829e-01
2.095693427112901297e-01
0.000000000000000000e+00
2.164195260978368229e-01
2.142721272928692633e-01
2.235437976738424148e-01
2.837612863241292804e-01
2.022421410388432206e-01
2.209499425927394234e-01
5.527707545248912169e-01
3.105188622088406736e-01
3.357217308799405608e-01
0.000000000000000000e+00
1.104792653165987404e-01
5.005021149734850683e-02
6.376934574289794266e-01
8.577654256851197090e-02
1.871264709202039578e-01
2.088970316700363705e-01
3.036596419040828998e-01
1.174385169954467456e-01
5.467533359988736574e-01
3.953234391945970594e-01
4.141172916273764271e-01
3.786656510354701743e-01
2.500704407501678217e-01
2.830792435099356297e-01
5.561691909258321687e-01
1.558904480940787041e-01
0.000000000000000000e+00
6.709183673469387710e-01
7.061941040079497967e-01
7.173913043478261642e-01
8.205128205128204844e-01
5.000000000000000000e-01
6.958217937596586911e-01
8.137751744869285986e-01
5.241815278442798487e-01
5.757427516572163340e-01
8.837803297214352760e-02
2.238071109230935773e-01
6.935014099139210630e-01
9.122807017543858032e-01
2.198311534206818241e-01
1.423462799727216177e-01
3.414268548342207499e-01
4.381972349816956047e-01
1.585567639839624288e-01
6.899898024740233060e-01
6.150697060096772528e-01
7.487721154605362361e-01
4.523661579642990205e-01
4.510461405625070253e-01
5.361478101814916020e-01
8.157449962935507948e-01
2.236638597697199193e-01
0.000000000000000000e+00
