4.553456730251292939e-01
4.517288230522735759e-01
4.681500758691166109e-01
3.983226640396089202e-01
5.005731146945193721e-01
4.514733831779980111e-01
2.963715686170258490e-01
2.892269091921722546e-01
5.044931475458191983e-01
7.589980454101128426e-01
5.842327021863612524e-01
4.073408175386563634e-01
3.623730593472600514e-01
6.848408695047829564e-01
6.087487690696454790e-01
1.451066910103755436e-01
7.605207868142104255e-01
4.502513459600873680e-01
2.202285545023437985e-01
3.596160650685341631e-01
1.718521025273048730e-01
5.068047890599925998e-01
6.602290939216894916e-01
4.637747167083590139e-01
2.696794900613123658e-01
6.290631250763691895e-01
0.000000000000000000e+00
4.150486981984849444e-02
4.225610290660142265e-02
5.251818777906142044e-02
3.631044570641886460e-02
9.254498714652956148e-02
4.263714525782792697e-02
3.167398992605294228e-01
5.028530518492613233e-03
5.391127761353617931e-01
3.792134831460673983e-01
1.074903232555706745e-01
8.245444022565601161e-02
8.187838651414811042e-02
4.481887110362258175e-01
4.509816626708998966e-01
7.510120234426920227e-02
1.922323411532546322e-01
2.623142013449465404e-01
2.181659803611024628e-02
1.338865949879399775e-01
3.011363636363637020e-01
1.765155374426897739e-01
1.412378939340887540e-01
5.520538093827992432e-02
9.195789473684207183e-02
1.621577574967405511e-01
0.000000000000000000e+00
9.195402298850575695e-01
9.556786703601107824e-01
7.741935483870968637e-01
7.500000000000000000e-01
1.000000000000000000e+00
9.404653095490371761e-01
0.000000000000000000e+00
0.000000000000000000e+00
0.000000000000000000e+00
0.000000000000000000e+00
0.000000000000000000e+00
0.000000000000000000e+00
0.000000000000000000e+00
0.000000000000000000e+00
0.000000000000000000e+00
0.000000000000000000e+00
5.068181818181818343e-01
0.000000000000000000e+00
0.000000000000000000e+00
0.000000000000000000e+00
0.000000000000000000e+00
0.000000000000000000e+00
0.000000000000000000e+00
0.000000000000000000e+00
0.000000000000000000e+00
0.000000000000000000e+00
0.000000000000000000e+00
1.547548630724318031e-01
1.455265661017173251e-01
1.658301160976851651e-01
1.279945396171940919e-01
2.956675137450595070e-01
1.488061350507323688e-01
2.180261352862289392e-01
2.377555379000146352e-01
5.138787273737199790e-01
7.819531906541217214e-01
5.543650608067134389e-01
9.260798827321781168e-02
2.910129408244404026e-01
5.475466275339658795e-01
4.308576519398845672e-01
8.453346584949095188e-02
6.305133934215114699e-01
3.841282135617223314e-01
4.589491073704476953e-02
2.891180946942026875e-01
1.691666515019404349e-01
4.109336643136374256e-01
4.118986782699758376e-01
3.662549422835390533e-01
2.624951050405303077e-01
4.715253766841744909e-01
0.000000000000000000e+00
1.060365782489227637e-01
9.838913797128240324e-02
1.121172289416880186e-01
8.629793944078095747e-02
1.941884149825763572e-01
1.013240483344841625e-01
1.567856907001358158e-01
1.445655911700101104e-01
4.428266004319715843e-01
7.419163012016589676e-01
4.766723942003113779e-01
6.189076614762956119e-02
2.326625230543662437e-01
4.589319195833842513e-01
3.298041579687887026e-01
6.153283422695993155e-02
5.728209512179667229e-01
2.753524183825363236e-01
3.207505151807182875e-02
2.124756087357379530e-01
1.150190180593755607e-01
3.329944024031144534e-01
3.567549430380175801e-01
3.174928121542044401e-01
1.953214002522460357e-01
3.907756157845284628e-01
0.000000000000000000e+00
6.275510204081631294e-01
6.379595892679696956e-01
6.385869565217392463e-01
5.435897435897436569e-01
5.000000000000000000e-01
6.199206183341803289e-01
3.285669955236466544e-01
3.033456311291899965e-01
5.221305234200378509e-01
7.700692385754790426e-01
5.689239838762341073e-01
4.446630986334422220e-01
3.801446744824147350e-01
6.822050119566677173e-01
6.132166666341772876e-01
1.535859568305835143e-01
7.630915815195318253e-01
4.421387118164965546e-01
2.399778070299495303e-01
3.567922240925112121e-01
1.959911797993551530e-01
5.009240389791234094e-01
6.819752370609113434e-01
4.876969554460648393e-01
2.738091470169330410e-01
6.062467777968723048e-01
0.000000000000000000e+00
