6.175560766961500914e-01
6.164992246702696299e-01
6.498361040339415418e-01
6.206413181618166686e-01
6.395844691399841242e-01
6.267838255653919166e-01
3.439657553169626070e-01
5.656613286469155399e-01
5.328149846709326898e-01
3.471423569805736076e-01
5.258428917385745693e-01
3.528437862546849324e-01
6.356613951390581718e-01
5.861757328274992407e-01
4.915451042346014043e-01
2.689987970301321862e-01
5.550895518164701281e-01
5.206889128294240887e-01
2.610920633853516248e-01
6.219501554842626900e-01
1.655950655531541749e-01
8.070720883812104729e-01
5.730943833876116500e-01
3.653141689806715942e-01
4.132647743100563154e-01
5.141764608779857415e-01
0.000000000000000000e+00
1.583646317397670311e-01
1.596439074541932956e-01
1.927436225684578397e-01
1.644582114380772064e-01
1.491002570694087426e-01
1.676364514427582386e-01
1.934851359898798751e-01
4.199325835993198419e-01
4.194544518785383591e-01
1.999489274770174241e-01
1.013013445170840021e-01
1.382958129164326699e-01
1.137514608492403434e-01
3.535401633639793095e-01
2.920079612031507565e-01
8.525051709330033756e-02
2.129437985399298683e-01
5.508925478183178681e-01
2.317073170731707710e-01
1.519805636124281767e-01
3.011363636363637020e-01
3.015037869086385491e-01
1.581767618530827701e-01
8.494665823656050163e-02
1.268053855569155064e-01
1.524625495569805755e-01
0.000000000000000000e+00
6.149425287356321546e-01
5.263157894736842923e-01
5.053763440860215006e-01
4.000000000000000222e-01
1.000000000000000000e+00
5.746265205175550284e-01
0.000000000000000000e+00
0.000000000000000000e+00
0.000000000000000000e+00
0.000000000000000000e+00
0.000000000000000000e+00
0.000000000000000000e+00
0.000000000000000000e+00
0.000000000000000000e+00
0.000000000000000000e+00
0.000000000000000000e+00
2.732843137254901689e-01
0.000000000000000000e+00
0.000000000000000000e+00
0.000000000000000000e+00
0.000000000000000000e+00
0.000000000000000000e+00
0.000000000000000000e+00
0.000000000000000000e+00
0.000000000000000000e+00
0.000000000000000000e+00
0.000000000000000000e+00
2.825907679365934344e-01
2.683495854864965668e-01
2.951845223384957917e-01
2.745769263607087396e-01
3.877459384224357652e-01
2.795601123234772167e-01
2.097674427425995081e-01
4.786345123353961672e-01
4.542621177966603696e-01
1.040793463888345372e-01
3.285335969598408568e-01
7.574430008309651630e-02
4.430963608212616922e-01
2.843844264386966580e-01
3.120553962349190691e-01
1.755589271489776948e-01
4.779315009827767025e-01
3.972923974178256268e-01
4.051134516705490185e-02
5.860840772105087026e-01
9.882044535081369041e-02
5.582913961854634177e-01
1.581031167148372329e-01
1.681797703477065919e-01
2.629624574008680993e-01
3.556246726382639167e-01
0.000000000000000000e+00
2.070832951517004861e-01
1.939227440575037043e-01
2.143997323306811587e-01
2.001645108309096921e-01
2.720616966618308874e-01
2.040589858482622643e-01
1.502244660402173859e-01
3.503156696687576566e-01
3.837502141920043353e-01
8.218338888822573907e-02
2.591576347621216136e-01
5.015369051375073717e-02
3.733098317163484059e-01
2.115902787458954215e-01
2.235882968887400457e-01
1.325408343387152188e-01
4.161413790231747178e-01
2.871935746577238824e-01
2.824375143347662709e-02
4.956215104961543827e-01
6.451137550129235065e-02
4.788920077185641611e-01
1.278023959271608057e-01
1.387905663788316923e-01
1.957117983497769775e-01
2.813667452071214603e-01
0.000000000000000000e+00
7.563775510204080454e-01
7.601854918847301690e-01
7.717391304347827052e-01
7.179487179487180626e-01
6.250000000000000000e-01
7.550019287254021716e-01
3.696287356249574607e-01
5.831304365396078326e-01
5.136233794770382888e-01
3.379176365364975343e-01
5.441013597072603680e-01
3.721994634029713866e-01
6.981979676897981379e-01
5.999635450797766723e-01
5.069681113304222997e-01
2.868963735447607188e-01
5.458957761523692831e-01
5.236828003925558805e-01
2.743875385822357460e-01
6.055240724220780635e-01
1.906021836257077440e-01
8.044820247463420060e-01
5.906593357150211610e-01
3.732989055008271162e-01
4.742201559190124538e-01
4.937223901418275052e-01
0.000000000000000000e+00
