4.656669905253292274e-01
4.690449284924680384e-01
4.561132470290329977e-01
3.972799169813836517e-01
6.150037517833892853e-01
4.586051305983966930e-01
4.921332726407257052e-02
6.772335181792323855e-01
5.178460660941353044e-01
7.617065304293919592e-01
5.186666602954913552e-01
3.344350882199227382e-01
5.023368478642264989e-02
1.000000000000000000e+00
9.009017236426002384e-01
5.652914292374267013e-02
6.828772541817015318e-01
7.488167568637074112e-01
5.420687401417556561e-02
6.400237645947470799e-02
1.143941434469626373e-01
5.779614421675433045e-01
2.831623608035709339e-01
2.472585341092035094e-01
1.971742324566860827e-02
8.815245224679011393e-01
0.000000000000000000e+00
1.237666305939270350e-01
1.171566791261864915e-01
1.116557904268273560e-01
1.083003499110881673e-01
1.233933161953727486e-01
1.190920292763173877e-01
3.882220555138782281e-02
4.183934588661106790e-01
2.056880349211795411e-01
2.201884740848133459e-01
9.729372713724426802e-02
1.478204545980293383e-01
2.113508509577725347e-01
4.790789104184218772e-01
3.319525691699604097e-01
7.250317201377559639e-02
4.581614783422569559e-01
3.642244224422442889e-01
1.303353658536585136e-01
7.602943859862537623e-02
2.351118133203695115e-01
2.332144676515538473e-01
2.878566755573447322e-02
4.723127035830615439e-02
1.612711022840118691e-01
2.398956975228161426e-01
0.000000000000000000e+00
8.160919540229885083e-01
7.063711911357339890e-01
6.666666666666667407e-01
4.833333333333332815e-01
1.000000000000000000e+00
7.763514238674036338e-01
0.000000000000000000e+00
0.000000000000000000e+00
0.000000000000000000e+00
0.000000000000000000e+00
0.000000000000000000e+00
0.000000000000000000e+00
0.000000000000000000e+00
0.000000000000000000e+00
0.000000000000000000e+00
0.000000000000000000e+00
8.383458646616540610e-01
0.000000000000000000e+00
0.000000000000000000e+00
0.000000000000000000e+00
0.000000000000000000e+00
0.000000000000000000e+00
0.000000000000000000e+00
0.000000000000000000e+00
0.000000000000000000e+00
0.000000000000000000e+00
0.000000000000000000e+00
1.689339218561797251e-01
1.592425079169142998e-01
1.515725504164904258e-01
1.294999836245512848e-01
3.612294478220042793e-01
1.558849852013217685e-01
2.207447403606614955e-01
7.821994418534070626e-01
4.622252643019069129e-01
8.030908585427793955e-01
5.783845594925656197e-01
1.377614582640955820e-01
1.691881959675138880e-01
8.725969144690980395e-01
6.034905836303479099e-01
9.138370745057944333e-02
7.098205691101555637e-01
7.281802471139189326e-01
1.619419469690308588e-02
1.035112066112146012e-01
1.760064932215026356e-01
5.041700809885607537e-01
1.213567147231944254e-01
3.496902737626401692e-01
2.613251088590529125e-02
7.329332745598822196e-01
0.000000000000000000e+00
1.166440684312619047e-01
1.084903174089411615e-01
1.016386081133800467e-01
8.738578943199720728e-02
2.487888085528958959e-01
1.065577939768275195e-01
1.589562411289472399e-01
6.945961079624942691e-01
3.915242097063582061e-01
7.659578277437475435e-01
5.016946648194040570e-01
9.434107029851795945e-02
1.294355466329745741e-01
8.328315935618191279e-01
5.048806591892828211e-01
6.670525582802278031e-02
6.588122383332919441e-01
6.371709713551745313e-01
1.116600545731916139e-02
6.890698489247992775e-02
1.201333264941941981e-01
4.236822613868505560e-01
9.708334718168698529e-02
3.019166271854385464e-01
1.730182996100382287e-02
6.695030488594226892e-01
0.000000000000000000e+00
6.466836734693877098e-01
6.591586618085458760e-01
6.385869565217392463e-01
5.538461538461538769e-01
6.250000000000000000e-01
6.344810976427985860e-01
5.581858710326070838e-02
6.066912622583799930e-01
5.307410976845331474e-01
7.736520958948800430e-01
4.982803422764363610e-01
3.529004960574985139e-01
7.436501702016240500e-02
9.817336437415915551e-01
9.184566532964160146e-01
5.075416696988011012e-02
6.729248247126509153e-01
7.383485559121203412e-01
5.638385961307723626e-02
5.212974149429655535e-02
1.209256330981970939e-01
5.823737022438622013e-01
2.956074400482784359e-01
2.633324251877173783e-01
1.831606378358258125e-02
8.478780944456001389e-01
0.000000000000000000e+00
