2.606103458797681682e-01
2.720679626418383013e-01
2.773411962175822421e-01
3.123764407553957234e-01
4.160090177753821283e-01
2.704435014456869624e-01
4.964178225177853232e-01
7.363181905641366098e-01
4.284328641305923391e-01
3.303492398834233512e-01
2.129467265468057979e-01
6.199279559235306714e-01
5.695458840413099022e-01
2.973906235552677413e-01
2.153126773287613871e-01
5.891395089358679726e-01
4.636383846762465177e-01
2.593040105127440986e-01
6.540631943655565994e-01
7.078427085846469291e-01
5.721065474758331160e-01
7.514251642419794708e-01
3.673486362399152050e-01
3.968585794745718154e-01
9.011091727687781106e-01
7.879386191355286506e-02
0.000000000000000000e+00
1.230186517283085590e-02
1.141281391215639984e-02
3.428357323508288146e-02
1.938851603281133151e-02
1.105398457583547378e-01
1.791643284844214590e-02
4.871444675685052128e-01
1.505025593561822861e-01
2.685809125981959422e-01
1.733547351524878932e-01
1.120470438652257372e-01
5.440907188066550493e-01
1.059602649006622654e-01
2.167579331648413765e-01
2.398297354819090010e-02
1.699293094072865662e-01
1.154140395276407050e-01
4.764733616218764789e-01
1.585865653738504077e-01
1.090521285211408786e-01
5.432263814616755671e-01
2.886534216335541192e-01
1.510140405616224868e-01
1.588688184779389889e-01
4.512020792722546969e-01
1.393860376911224552e-01
0.000000000000000000e+00
7.528735632183908288e-01
7.036011080332409406e-01
5.591397849462366176e-01
4.000000000000000222e-01
1.000000000000000000e+00
6.516640323618844155e-01
0.000000000000000000e+00
0.000000000000000000e+00
0.000000000000000000e+00
0.000000000000000000e+00
0.000000000000000000e+00
0.000000000000000000e+00
0.000000000000000000e+00
0.000000000000000000e+00
0.000000000000000000e+00
0.000000000000000000e+00
5.883905013192611833e-01
0.000000000000000000e+00
0.000000000000000000e+00
0.000000000000000000e+00
0.000000000000000000e+00
0.000000000000000000e+00
0.000000000000000000e+00
0.000000000000000000e+00
0.000000000000000000e+00
0.000000000000000000e+00
0.000000000000000000e+00
1.240636883935062329e-01
1.240768483824832291e-01
1.243600161730034070e-01
1.677904848518119163e-01
2.671022208798319308e-01
1.244910299993258196e-01
4.438160275215063955e-01
6.248940934655053958e-01
5.869719248944944567e-01
4.542646456828640655e-01
2.796766339077756403e-01
2.260346666321166875e-01
7.009826553371407698e-01
3.102896705287886414e-01
3.273807919855753479e-01
6.584497018474395613e-01
5.695851318573241784e-01
4.310710538303432759e-01
6.369891399711014035e-01
6.676407887293487331e-01
5.318383912052917495e-01
7.436034776103097599e-01
4.603563263224976776e-01
6.426362814128487866e-01
9.133731129888077449e-01
2.413134214953212009e-01
0.000000000000000000e+00
8.358912032647808354e-02
8.287831122136740669e-02
8.207690451796756381e-02
1.156241884938559172e-01
1.717092933887661432e-01
8.363283889849226771e-02
3.551496447074724006e-01
5.043615096041004220e-01
5.180164554395021437e-01
3.960515273023523797e-01
2.163205055247501285e-01
1.620854694673741214e-01
6.417041816867299353e-01
2.337397188359860434e-01
2.366365488388285088e-01
5.916082478677238132e-01
5.088735126034258371e-01
3.183064904162214992e-01
5.640107088115028366e-01
5.848947082834214939e-01
4.359146103942100892e-01
6.822168314749161855e-01
4.038034325640361688e-01
5.943903950770579314e-01
8.859185764885988412e-01
1.819859396402520035e-01
0.000000000000000000e+00
3.762755102040815647e-01
4.014574362371647887e-01
4.021739130434782705e-01
4.256410256410256832e-01
3.750000000000000000e-01
3.832345165767885309e-01
5.305320133274832317e-01
7.295032586669588648e-01
3.911149825783973855e-01
2.886261368333236099e-01
2.204533324363713298e-01
6.507247404231039090e-01
6.169880145909326652e-01
3.080044842652425174e-01
2.103830311187045166e-01
6.335684400523768911e-01
4.261255303669606587e-01
2.554826375796506177e-01
6.661401230825380049e-01
7.205994235882997589e-01
5.867401277891357569e-01
7.288279217774569219e-01
3.618529881323295783e-01
4.104212237861704082e-01
9.081946222791292822e-01
5.760659322176442387e-02
0.000000000000000000e+00
