5.136144198971781538e-01
5.407307587497895973e-01
5.780016659992011085e-01
6.610721996632322739e-01
4.287696400116798312e-01
5.414787883239726707e-01
8.690038749733371981e-01
4.699956188465532758e-01
6.604879278179665025e-01
6.369025914850268144e-02
8.372330939443739517e-02
8.928818472600912326e-01
7.086975971825926202e-01
2.119248091777422016e-01
4.455002611038449967e-02
1.645973175078034867e-01
2.821334698003826746e-01
1.257693771907086311e-01
8.301564551880471488e-01
2.875797379436965118e-01
7.689794479518375914e-01
4.676188241201287843e-01
6.822344224348217967e-01
8.264265085406250488e-01
6.894772889900406820e-01
1.373802911833039708e-01
0.000000000000000000e+00
1.898593163154879415e-01
1.947430921393446812e-01
1.953664095919068200e-01
1.999082200424482370e-01
1.773778920308483331e-01
1.914579104328333337e-01
5.060732775786540572e-01
2.821954400217479009e-01
3.837139542036805961e-01
7.322743122820607464e-02
6.404958677685951285e-02
9.999999999999998890e-01
9.096588779207800957e-02
4.001684919966302934e-02
9.984115843522578526e-02
4.466713275848671616e-02
6.388991473851537983e-02
3.658891312860100831e-01
3.295836837678721154e-01
8.329585871387107376e-02
5.020195699169418546e-01
3.095003010234798069e-01
2.814352574102964577e-01
1.455037599002364512e-01
1.656140350877193246e-01
8.195194635872599109e-02
0.000000000000000000e+00
6.436781609195402210e-01
5.872576177285318000e-01
6.129032258064516236e-01
3.333333333333333703e-01
1.000000000000000000e+00
6.706042095798214753e-01
0.000000000000000000e+00
0.000000000000000000e+00
0.000000000000000000e+00
0.000000000000000000e+00
0.000000000000000000e+00
0.000000000000000000e+00
0.000000000000000000e+00
0.000000000000000000e+00
0.000000000000000000e+00
0.000000000000000000e+00
2.346133613887427527e-01
0.000000000000000000e+00
0.000000000000000000e+00
0.000000000000000000e+00
0.000000000000000000e+00
0.000000000000000000e+00
0.000000000000000000e+00
0.000000000000000000e+00
0.000000000000000000e+00
0.000000000000000000e+00
0.000000000000000000e+00
3.275477225642641210e-01
3.288364440189730509e-01
3.549146297945572348e-01
3.918682632150660705e-01
3.068356640998154417e-01
3.304263460088765481e-01
6.820001444006482672e-01
3.768200299672114784e-01
5.411151528671789279e-01
6.493469508715787875e-02
4.790113020896069607e-02
1.000000000000000000e+00
4.397702922880828424e-01
0.000000000000000000e+00
0.000000000000000000e+00
5.731211609577124833e-02
2.051917504179259222e-01
2.168147675509419781e-01
8.380040784806996879e-01
2.014786445151031113e-01
6.872370159927885247e-01
3.654151571272676868e-01
2.864856922227172475e-01
6.599880566046694153e-01
4.737741416024373597e-01
7.906786667420018233e-02
0.000000000000000000e+00
2.455123684826302499e-01
2.451734608167877028e-01
2.660146463416142582e-01
3.028400291334310546e-01
2.031932980382605558e-01
2.474883571728267451e-01
6.040980866650138559e-01
2.560687869854483822e-01
4.704890521080798416e-01
5.067702420745556768e-02
3.355836947463708420e-02
1.000000000000000000e+00
3.700939437763282602e-01
0.000000000000000000e+00
0.000000000000000000e+00
4.125442927620887046e-02
1.648041389754554276e-01
1.387384898195755667e-01
7.951597746919386589e-01
1.414840108814999775e-01
6.044289391542442269e-01
2.907536734392376920e-01
2.399528853782372240e-01
6.128453146433070486e-01
3.872660515543774884e-01
5.547179620583764237e-02
0.000000000000000000e+00
6.658163265306122902e-01
7.008943358728056960e-01
7.255434782608696231e-01
7.743589743589744945e-01
3.750000000000000000e-01
6.853595612550249516e-01
8.729467222269291504e-01
4.707704291672573094e-01
6.684959349593496691e-01
6.987655101253742451e-02
1.270403060900330283e-01
8.307407539972510024e-01
7.684785734828875059e-01
2.381076729666908864e-01
6.665104455597797850e-02
1.948588469704219950e-01
2.985326912998926829e-01
1.182897333607898227e-01
8.177021572872354982e-01
2.915473822802895354e-01
7.719236520239405319e-01
4.506724337433065664e-01
7.209510238630270074e-01
8.298886927166084782e-01
7.459808985841167583e-01
1.419471199969299935e-01
0.000000000000000000e+00
