4.291075190708990572e-01
4.349317348382399917e-01
3.835651582631192102e-01
4.887493341422441961e-01
4.712812834826607400e-03
4.142455247271561447e-01
6.919754297107193475e-01
1.331424754512163244e-01
1.438050419786152112e-02
9.951757070824021056e-01
3.514850732092226204e-01
9.104534099629928434e-01
3.871651297154226068e-01
1.345793146285190200e-03
2.117828269451559609e-01
1.000000000000000000e+00
1.456160377526161120e-03
2.756918411727038443e-03
9.999095440166563264e-01
1.180620381359592796e-01
9.015208669150244214e-01
0.000000000000000000e+00
1.422184363363387938e-02
7.408995369264808062e-01
6.122546066884368976e-01
4.153295155473533118e-01
0.000000000000000000e+00
9.087147495066522085e-02
9.119890334972463597e-02
8.361694819995627026e-02
9.791774221304422321e-02
1.799485861182519020e-02
8.714960822987437294e-02
1.916485353009807491e-01
1.824592750792295437e-01
6.453145413515992690e-03
3.676140118968935777e-01
1.711483902800049473e-01
4.051022498043099773e-01
4.098463076346370304e-02
0.000000000000000000e+00
2.327759197324414941e-01
2.694966805896659157e-01
3.492683779132113586e-02
9.519299756062563067e-02
3.227351916376306473e-01
9.944463993390773027e-03
4.641765797227982993e-01
0.000000000000000000e+00
4.930676100283448715e-02
1.472837898994865391e-01
5.483476132190943098e-01
6.400379281735218973e-02
0.000000000000000000e+00
6.896551724137931494e-01
6.703601108033241385e-01
5.376344086021506152e-01
5.166666666666666075e-01
1.000000000000000000e+00
6.911266641181785797e-01
0.000000000000000000e+00
0.000000000000000000e+00
0.000000000000000000e+00
0.000000000000000000e+00
0.000000000000000000e+00
0.000000000000000000e+00
0.000000000000000000e+00
0.000000000000000000e+00
0.000000000000000000e+00
0.000000000000000000e+00
8.345808383233532801e-02
0.000000000000000000e+00
0.000000000000000000e+00
0.000000000000000000e+00
0.000000000000000000e+00
0.000000000000000000e+00
0.000000000000000000e+00
0.000000000000000000e+00
0.000000000000000000e+00
0.000000000000000000e+00
0.000000000000000000e+00
1.106045001974816921e-01
1.047076374234987561e-01
7.736163054812472684e-02
1.453282259283678046e-01
0.000000000000000000e+00
9.624318090529471181e-02
4.072502649354330373e-01
2.424245138900082419e-01
0.000000000000000000e+00
8.674670447735854939e-01
3.064559950990497494e-01
1.690328813523287455e-01
2.968650186732424423e-01
1.402673045043626443e-01
2.910051277915077783e-01
9.736498103419268801e-01
0.000000000000000000e+00
5.255327765062101086e-03
8.467133682551564178e-01
8.915317028318814341e-02
5.844049835463722697e-01
0.000000000000000000e+00
3.707971742483340272e-02
5.683544366309509766e-01
5.855734655612839790e-01
2.192812704225568510e-01
0.000000000000000000e+00
7.396641828476951952e-02
6.917165904655786512e-02
4.964644999956535631e-02
9.892594471986004834e-02
0.000000000000000000e+00
6.363684256505452996e-02
3.205400457339480647e-01
1.479865552600272416e-01
0.000000000000000000e+00
8.404705919837662798e-01
2.396143566234020250e-01
1.176884237726560922e-01
2.378325303566010684e-01
9.713220870121153094e-02
2.059813577049930400e-01
9.660245417950743541e-01
0.000000000000000000e+00
2.851644829979127493e-03
8.057511398374624934e-01
5.887155816352385163e-02
4.908353240605658474e-01
0.000000000000000000e+00
2.895177952332561588e-02
5.168160136231663149e-01
5.013676419154573516e-01
1.638048828682722169e-01
0.000000000000000000e+00
6.096938775510203357e-01
6.266975819807885095e-01
5.489130434782609758e-01
6.358974358974360808e-01
0.000000000000000000e+00
5.782582535647997624e-01
7.158544816457381721e-01
0.000000000000000000e+00
3.854779927109586168e-03
9.924036138821623609e-01
3.859314182863964326e-01
9.124936065455558909e-01
4.415917843388960096e-01
0.000000000000000000e+00
2.315630857002622667e-01
9.944750443123051564e-01
3.856864769139378701e-03
1.147535587920681110e-02
9.925397896019406696e-01
1.184542334695589672e-01
8.926622596095925566e-01
0.000000000000000000e+00
9.594914986978730909e-03
7.508681334204503344e-01
6.277381938690969054e-01
4.294670846394984531e-01
0.000000000000000000e+00
