5.954630220454955047e-01
6.279626187968923023e-01
6.726987548747589418e-01
7.800009721067564517e-01
3.005507182728063276e-01
6.300471714878788099e-01
9.183370503156244036e-01
3.723100275609673160e-01
6.832882158712076937e-01
3.062166854812677919e-01
4.108218692008702710e-02
9.875238943531101654e-01
6.671889612174137785e-01
7.662942990577897850e-02
3.687095303867135576e-02
2.511364853533324393e-01
1.154127227409930123e-01
3.309480464313646619e-02
9.416414128703030073e-01
1.483883990181481538e-01
8.444805603050110632e-01
3.786447102446545143e-01
7.250757378706740308e-01
7.919166603409573124e-01
6.717407029148121378e-01
9.085646187493290338e-02
0.000000000000000000e+00
3.923706155706919718e-01
3.985160153977349573e-01
4.037218596808941906e-01
4.375035851545918675e-01
2.005141388174807304e-01
4.008210020092617398e-01
4.301647220315718001e-01
4.535734527680355122e-01
6.112050584515845708e-01
2.806179775280899236e-01
4.919323101141281906e-02
5.915211093488382810e-01
1.169977924944812508e-01
2.146786262946628332e-01
5.100790513833991513e-01
7.115936322214094778e-02
1.333354742369017021e-01
1.568756875687568886e-01
3.384146341463414864e-01
8.453442664525129269e-02
4.827038770053477257e-01
6.148229196659947826e-01
4.520953251923180427e-01
1.791665544996903781e-01
2.658708627238199340e-01
5.532491594043781324e-02
0.000000000000000000e+00
7.298850574712644201e-01
6.814404432132963318e-01
6.129032258064516236e-01
4.000000000000000222e-01
1.000000000000000000e+00
6.546687514523632512e-01
0.000000000000000000e+00
0.000000000000000000e+00
0.000000000000000000e+00
0.000000000000000000e+00
0.000000000000000000e+00
0.000000000000000000e+00
0.000000000000000000e+00
0.000000000000000000e+00
0.000000000000000000e+00
0.000000000000000000e+00
3.460046547711403964e-01
0.000000000000000000e+00
0.000000000000000000e+00
0.000000000000000000e+00
0.000000000000000000e+00
0.000000000000000000e+00
0.000000000000000000e+00
0.000000000000000000e+00
0.000000000000000000e+00
0.000000000000000000e+00
0.000000000000000000e+00
6.623430759418512670e-01
6.630347387733255271e-01
6.735198561150331775e-01
7.887361580946956607e-01
2.355457711221772277e-01
6.701458705266660765e-01
6.082330269691074154e-01
3.336531911798133465e-01
5.064341780505368096e-01
1.917525774703767727e-01
1.279666934717282878e-02
1.790772966270708366e-01
4.752390088192655071e-01
3.014388978592530410e-02
1.236054221637026274e-01
2.039102183824978987e-01
1.571389482668978932e-01
7.253243396216269012e-02
8.605927121857013251e-01
1.855420899330229023e-01
6.515084877785684014e-01
3.877483626626487823e-01
4.269332986837353072e-01
4.914692197048495803e-01
4.457960540382926995e-01
0.000000000000000000e+00
0.000000000000000000e+00
5.790471683715198159e-01
5.783419467109538470e-01
5.881375731751383729e-01
7.264850735366994439e-01
1.478008331679533660e-01
5.872807538076210143e-01
5.226405963054716608e-01
2.193285756995292379e-01
4.353390398379132775e-01
1.553597854616759477e-01
8.823761389005591038e-03
1.253393171954698682e-01
4.047101292018137619e-01
1.968664023970301269e-02
7.896443120848234409e-02
1.556632917690173867e-01
1.243395606894418526e-01
4.160123650449590316e-02
8.227287533719361834e-01
1.291902709023092788e-01
5.640376894745242620e-01
3.113119508482515285e-01
3.712379625431684316e-01
4.389645224904215048e-01
3.600687791242365710e-01
0.000000000000000000e+00
0.000000000000000000e+00
7.117346938775510612e-01
7.625041404438557269e-01
8.016304347826086474e-01
8.564102564102566983e-01
2.500000000000000000e-01
7.410592801064006530e-01
9.394700370914399468e-01
3.878123322910709270e-01
6.790805552207089812e-01
3.215798047116342762e-01
6.667794252754588591e-02
9.946708222024341906e-01
7.146034099332837508e-01
9.347083920781262822e-02
3.676073709857646810e-02
2.918254763061112200e-01
1.141339695903333951e-01
3.183064575313404587e-02
9.195942873779247018e-01
1.355833335887467461e-01
8.559600898419510440e-01
3.593352673614842452e-01
7.337902832411078435e-01
7.937215905772130320e-01
7.467019941430763641e-01
9.942600778518184690e-02
0.000000000000000000e+00
