0.000000000000000000e+00
0.000000000000000000e+00
0.000000000000000000e+00
0.000000000000000000e+00
3.297711916226339079e-01
0.000000000000000000e+00
5.432998875339491995e-01
6.692316343643839316e-01
4.975353353388705102e-01
2.004987621827609701e-01
2.911501786322187035e-01
5.160984779681632162e-01
7.830243913221055507e-01
3.865785451124247873e-01
2.818735757482692117e-01
3.268133534310129207e-01
7.626659434817476546e-01
3.088591773607553548e-01
5.182281608058405542e-01
6.268814614494068183e-01
5.877610602763997383e-01
5.516388267794366529e-01
5.283718976555129565e-01
3.736871743537064638e-01
6.442683371220885302e-01
4.225862529633066522e-01
0.000000000000000000e+00
2.068877713412686781e-03
5.116638639388562670e-03
4.995784806569453229e-03
1.594676762461996744e-02
3.598971722365038040e-02
4.776263210537701198e-03
4.018817204301076695e-01
1.670030857752720088e-01
3.523417395779722128e-01
2.545524990313832170e-01
3.091794569067295995e-01
3.906988174787433543e-01
3.187493214634676830e-01
2.747564636310843023e-01
1.900682716492991808e-01
1.230000995642150929e-01
1.208125044912910784e-01
5.483828382838284998e-01
3.687736173136378359e-01
2.696384039900249219e-01
2.547787006485379702e-01
3.363034316676700719e-01
2.658697897211663164e-01
2.077102457802783575e-01
2.947368421052632415e-01
2.398956975228161426e-01
0.000000000000000000e+00
5.114942528735632044e-01
3.933518005540165841e-01
3.978494623655913776e-01
2.666666666666667185e-01
1.000000000000000000e+00
4.561247131956407408e-01
0.000000000000000000e+00
0.000000000000000000e+00
0.000000000000000000e+00
0.000000000000000000e+00
0.000000000000000000e+00
0.000000000000000000e+00
0.000000000000000000e+00
0.000000000000000000e+00
0.000000000000000000e+00
0.000000000000000000e+00
7.079365079365079749e-01
0.000000000000000000e+00
0.000000000000000000e+00
0.000000000000000000e+00
0.000000000000000000e+00
0.000000000000000000e+00
0.000000000000000000e+00
0.000000000000000000e+00
0.000000000000000000e+00
0.000000000000000000e+00
0.000000000000000000e+00
0.000000000000000000e+00
0.000000000000000000e+00
0.000000000000000000e+00
3.306348916010481975e-02
2.571299385837301221e-01
0.000000000000000000e+00
5.942135946416424730e-01
5.961707520460490795e-01
6.238407715513467622e-01
4.573857984427720513e-01
4.041634790539807565e-01
2.780711629364978066e-01
7.993521285736071569e-01
4.635191142639921713e-01
4.904539491167227983e-01
5.076404316012117501e-01
7.851652323888904661e-01
4.739433319670598443e-01
7.062994598663123735e-01
7.733157618191492944e-01
6.023983546227871244e-01
7.469269134533320642e-01
6.610555279289103137e-01
6.228523631313549469e-01
7.364129814448102662e-01
5.520141012812660453e-01
0.000000000000000000e+00
0.000000000000000000e+00
0.000000000000000000e+00
0.000000000000000000e+00
2.111985094208340685e-02
1.640489955964704871e-01
0.000000000000000000e+00
5.076016844659494431e-01
4.723730508714909515e-01
5.570959935497712401e-01
3.991079286518710578e-01
3.284297869168673056e-01
2.046892752339208865e-01
7.539928589973730055e-01
3.745718134577883940e-01
3.874679235261536681e-01
4.333543927276608532e-01
7.433926298392323773e-01
3.593063620189964613e-01
6.408303409262684491e-01
7.079462809872461015e-01
5.101236301581418831e-01
6.860651637040120487e-01
6.100496622352270526e-01
5.735030517191492816e-01
6.690597187566977855e-01
4.718783057990476593e-01
0.000000000000000000e+00
0.000000000000000000e+00
0.000000000000000000e+00
0.000000000000000000e+00
0.000000000000000000e+00
2.500000000000000000e-01
0.000000000000000000e+00
5.648134541501868000e-01
6.710886588109453710e-01
4.887042233254191848e-01
1.641022509076657254e-01
3.040103278769924477e-01
5.407343167240957760e-01
8.262164846077456604e-01
3.954567980395577997e-01
2.759659953934047172e-01
3.309577114153778865e-01
7.240008376153186376e-01
3.004731342055458887e-01
5.068796998388712671e-01
6.201730065969015548e-01
5.838471015928456964e-01
5.248760348166592316e-01
5.189339955645526636e-01
3.869998147695612456e-01
6.695757366283592305e-01
3.917684752664990500e-01
0.000000000000000000e+00
