4.733849327095436266e-01
4.877385000283633865e-01
4.994109274267390930e-01
5.890328385886853813e-01
4.830712653250588406e-01
4.892538792612208809e-01
9.089365651672626223e-01
4.766254733838830582e-01
6.470928369829469506e-01
4.773434918727503806e-02
2.999269874025024540e-01
7.133614156665795125e-01
7.997873062256930510e-01
2.433077757538186225e-01
1.196784803538762099e-01
2.245243749026768487e-01
4.447989436818547970e-01
1.465262778669896293e-01
7.097523820244919790e-01
3.458258084258637455e-01
7.274519264445572508e-01
4.105805514065591355e-01
5.293085016388716646e-01
6.318046996589139486e-01
6.203773131530536666e-01
2.506036055149022390e-01
0.000000000000000000e+00
2.174708765675727185e-01
2.235859507623153830e-01
2.298997720673181533e-01
2.471175357081397128e-01
1.053984575835475446e-01
2.244370367254733822e-01
9.670999839512119944e-01
5.321736143771843563e-01
3.635271916280665705e-01
1.752227818674931825e-01
8.633412042502952577e-02
9.167656887263687659e-01
3.119941133186167059e-01
3.201347935973042347e-01
5.229010019303245160e-01
1.564395365374158242e-01
2.027810337352879688e-01
1.222496709395890779e-01
5.771228545618789507e-01
1.186549754645644106e-01
3.011363636363637020e-01
5.545492254659363240e-01
2.945169115665149939e-01
1.030500444181225994e-01
3.303085299455535417e-01
3.620266213880719564e-01
0.000000000000000000e+00
6.264367816091953589e-01
5.152354570637118769e-01
5.483870967741936164e-01
4.000000000000000222e-01
1.000000000000000000e+00
5.913098661676152723e-01
6.076923076923077538e-01
0.000000000000000000e+00
0.000000000000000000e+00
0.000000000000000000e+00
0.000000000000000000e+00
0.000000000000000000e+00
0.000000000000000000e+00
0.000000000000000000e+00
0.000000000000000000e+00
0.000000000000000000e+00
3.108013937282230188e-01
0.000000000000000000e+00
0.000000000000000000e+00
0.000000000000000000e+00
0.000000000000000000e+00
0.000000000000000000e+00
0.000000000000000000e+00
0.000000000000000000e+00
0.000000000000000000e+00
0.000000000000000000e+00
0.000000000000000000e+00
1.623021410082473581e-01
1.650595125868867807e-01
1.771123892798979194e-01
2.215310081698760314e-01
2.640172040417059218e-01
1.647313568477452028e-01
7.874498159335205916e-01
3.908900667440157739e-01
5.752696796332843476e-01
1.128061017977328717e-01
1.332384693694821376e-01
1.941223624656149838e-01
6.008267218972089818e-01
8.732916163086257288e-02
2.073933332843675981e-01
1.886762972624236312e-01
4.001580948511529456e-01
1.638698211661583359e-01
6.150357467788964971e-01
3.529037383891135971e-01
5.284265486266588319e-01
4.518913266103175008e-01
2.691309695581105554e-01
3.553882594935109385e-01
4.581811113323258633e-01
2.145439099227468560e-01
0.000000000000000000e+00
1.116641277262798160e-01
1.128173536386545828e-01
1.205210396601147926e-01
1.571043150534825461e-01
1.693291563295544477e-01
1.131511679050269392e-01
7.273294090317812266e-01
2.684582030561163957e-01
5.057741983834629362e-01
8.930539226357803173e-02
9.691944227990495486e-02
1.369372197681382741e-01
5.329994951927587987e-01
5.882000713284057936e-02
1.396527182925417776e-01
1.431795736120026197e-01
3.407159712965539544e-01
1.008700996444500120e-01
5.403111398353300787e-01
2.677464155551836922e-01
4.324235533458776759e-01
3.721430982084580896e-01
2.243537768589054515e-01
3.072615823313866734e-01
3.720411827336173594e-01
1.599366809480382567e-01
0.000000000000000000e+00
7.359693877551019003e-01
7.760847962901624708e-01
7.690217391304348116e-01
8.384615384615383693e-01
5.000000000000000000e-01
7.481296892289577283e-01
9.167744484918982639e-01
5.014605517032735271e-01
6.581462337802187479e-01
4.988143272802991746e-02
3.375051579458621109e-01
7.243118723098219691e-01
8.404570836239407816e-01
2.676428396170269508e-01
1.213076067637979261e-01
2.428625589385779993e-01
4.477429868059994433e-01
1.465058300921842915e-01
7.101097681704940934e-01
3.337663639307334451e-01
7.408529810364214985e-01
3.902958537561156405e-01
5.348467434257007103e-01
6.516883518947613751e-01
6.848669244302048043e-01
2.431585307519951167e-01
0.000000000000000000e+00
