5.353378225381619782e-01
5.463974336405010845e-01
5.496046945378725290e-01
6.559593919512727300e-01
4.836160802607207820e-01
5.510315427677316968e-01
7.055106138913739278e-01
5.684458529627539614e-01
4.940723934774062798e-01
3.853819550000643357e-01
2.844197651652123904e-01
7.203981639433880702e-01
6.552818812218605959e-01
2.012146100507373192e-01
1.348262849754273962e-01
6.196452843146271761e-01
3.403923513528482880e-01
1.576879981265699726e-01
6.627857602491638023e-01
5.642809276773296245e-01
7.584223287042110018e-01
4.677845039212887857e-01
1.624033317172788315e-01
4.089450154519924663e-01
7.021905024925383376e-01
2.911298244676248093e-01
0.000000000000000000e+00
2.889903876758546097e-01
2.864201860161149638e-01
2.886939145096324433e-01
3.043652842310560214e-01
2.236503856041130722e-01
2.894858391925715368e-01
4.313905180840665321e-01
3.057575124812543788e-01
2.199301720660444825e-01
2.022471910112358939e-01
1.052549508810229351e-01
3.871932201931556072e-01
4.431065623118602970e-01
2.622056404701729182e-01
1.599411710635167960e-01
1.755863109333613559e-01
9.562861463764613656e-01
1.908988545913415102e-01
2.842705510388436885e-01
2.671891699323120650e-01
3.245644298775229308e-01
2.122148638704930423e-01
6.864274570982836776e-02
5.568866036736924707e-02
3.766081871345028920e-01
1.879544639185181110e-01
0.000000000000000000e+00
6.091954022988506079e-01
5.013850415512466352e-01
4.946236559139784994e-01
3.833333333333333037e-01
1.000000000000000000e+00
5.536159119849816124e-01
6.269841269841269771e-01
0.000000000000000000e+00
0.000000000000000000e+00
0.000000000000000000e+00
0.000000000000000000e+00
0.000000000000000000e+00
0.000000000000000000e+00
0.000000000000000000e+00
0.000000000000000000e+00
0.000000000000000000e+00
2.534090909090909172e-01
0.000000000000000000e+00
0.000000000000000000e+00
0.000000000000000000e+00
0.000000000000000000e+00
0.000000000000000000e+00
0.000000000000000000e+00
0.000000000000000000e+00
0.000000000000000000e+00
0.000000000000000000e+00
0.000000000000000000e+00
3.173253733157034295e-01
3.145088519954373218e-01
3.181544014438052459e-01
3.893462147179358457e-01
3.110565903787249065e-01
3.197065192218417895e-01
4.800228689301921925e-01
5.039244704778282902e-01
3.396554718847897281e-01
2.187108824012051755e-01
1.492471043581891088e-01
1.064366718456751792e-01
5.279893871547844952e-01
1.336297324246126239e-01
2.346352452540533262e-01
5.782918856152261533e-01
4.729467737868107147e-01
1.767001929146821970e-01
4.811551035970167423e-01
4.853719516476164841e-01
5.852163615359893267e-01
3.893982460892786435e-01
1.137125152308633425e-01
2.850020467003278046e-01
5.554610594672789725e-01
1.804335589096188741e-01
0.000000000000000000e+00
2.366420895992921158e-01
2.327829427386646222e-01
2.339209564319077450e-01
3.005241205126956694e-01
2.066282852440186890e-01
2.381744852919540634e-01
3.903659703149726101e-01
3.753788168365633782e-01
2.758612982817412740e-01
1.785861633364712597e-01
1.093157267627469786e-01
7.167063711044668883e-02
4.575086696728857816e-01
9.221856147849977203e-02
1.606307108288671515e-01
5.058103025117471896e-01
4.112172892749937914e-01
1.098102556893937043e-01
4.023661154775330928e-01
3.922257867532981668e-01
4.916997238581279905e-01
3.128434503127465738e-01
9.077023875984191470e-02
2.421928215375659388e-01
4.697816206506384984e-01
1.325139219909315380e-01
0.000000000000000000e+00
7.130102040816326259e-01
7.399801258694933548e-01
7.228260869565217295e-01
8.000000000000000444e-01
3.750000000000000000e-01
7.223484647258122671e-01
7.259861250689672030e-01
5.693121797495698244e-01
4.917707713662503588e-01
4.041699348316503126e-01
3.176913148065306780e-01
7.321755031383178070e-01
6.884272997032639951e-01
2.185931795230326435e-01
1.375381087392165413e-01
6.357369801041186097e-01
3.416506041144089512e-01
1.598104987369738106e-01
6.608971058839127055e-01
5.562372786230257438e-01
7.687516564551719611e-01
4.530852494160362287e-01
1.502002515828395612e-01
4.338356787027151107e-01
7.605859757475332827e-01
2.915779872301611508e-01
0.000000000000000000e+00
