4.810790120382379964e-01
4.916085393377396251e-01
5.232778836814726553e-01
5.463240367570463274e-01
7.058662870754079943e-01
4.988551090544475208e-01
7.475136671115562015e-01
4.761378377856317901e-01
7.151468714781181735e-01
2.543192922382973009e-01
3.917974184907185853e-01
7.269663950103939509e-01
5.730713624400927131e-01
3.570838634268778677e-01
1.787362279066499193e-01
2.007113095467676356e-01
7.984223928701509321e-01
1.827257040465964932e-01
6.068813464049189754e-01
3.660648816934664040e-01
5.578720527867754297e-01
4.407404933165152139e-01
6.077398233484891943e-01
5.227041395471336838e-01
6.108231261127856637e-01
1.910600089201647256e-01
0.000000000000000000e+00
3.511681201858807277e-01
3.526655136961736048e-01
4.267649171011958509e-01
3.458957150232317979e-01
9.511568123393315810e-02
3.674017527322588350e-01
2.999621975806451846e-01
7.160941741490911561e-02
3.945978917672174902e-01
8.113404755683295555e-02
8.633412042502952577e-02
2.144059721655385831e-01
1.823426644456182244e-01
3.562227157846366010e-01
1.283794466403161971e-01
1.171079096156240062e-01
1.454129628453167122e-01
7.384129717319562469e-02
1.916591388136103524e-01
1.126990216765777764e-01
3.542780748663102997e-01
1.789807083213360572e-01
3.334076220191664608e-01
6.364855684648751399e-02
1.810194778284293093e-01
3.259452411994784304e-02
0.000000000000000000e+00
8.390804597701149170e-01
7.950138504155124242e-01
8.387096774193548709e-01
6.166666666666665853e-01
1.000000000000000000e+00
8.475495116798115181e-01
8.876404494382021948e-01
0.000000000000000000e+00
0.000000000000000000e+00
0.000000000000000000e+00
0.000000000000000000e+00
0.000000000000000000e+00
0.000000000000000000e+00
0.000000000000000000e+00
0.000000000000000000e+00
0.000000000000000000e+00
4.338521400778210246e-01
0.000000000000000000e+00
0.000000000000000000e+00
0.000000000000000000e+00
0.000000000000000000e+00
0.000000000000000000e+00
0.000000000000000000e+00
0.000000000000000000e+00
0.000000000000000000e+00
0.000000000000000000e+00
0.000000000000000000e+00
2.026702459600745465e-01
1.981146826287858431e-01
2.507526989067360157e-01
2.272932261436046986e-01
3.796046473465128912e-01
2.106075729371867933e-01
4.964713538655944891e-01
3.196785894770878822e-01
5.317525405973806407e-01
1.439185136480498617e-01
2.337594934115254652e-01
8.200141697749607772e-02
5.252703639344848963e-01
1.562804811681014483e-01
1.556065447157669590e-01
1.796860959878880948e-01
4.842380629440641293e-01
1.200933863896185283e-01
3.330997296980127143e-01
1.859081465849932169e-01
3.737221730681594689e-01
2.877335529782039103e-01
1.743149712095837245e-01
1.593177858210721443e-01
4.905931207877233247e-01
8.184996799320676253e-02
0.000000000000000000e+00
1.424845939698269337e-01
1.378928508501782169e-01
1.778016754447504510e-01
1.616800274195323017e-01
2.648433818190442102e-01
1.482847072950274070e-01
4.066755757783097613e-01
2.078451109991129031e-01
4.609323942031605115e-01
1.149876361130799385e-01
1.774295509455475761e-01
5.448436498686409779e-02
4.547486915960745057e-01
1.091161469259321337e-01
1.014601755202207412e-01
1.358771141448376074e-01
4.223888583405657204e-01
7.150623649125228964e-02
2.629900390639547947e-01
1.294705280417447479e-01
2.835512099161762167e-01
2.217473165740191932e-01
1.415505330559556629e-01
1.311805965986034828e-01
4.038770792633425422e-01
5.749743142755198155e-02
0.000000000000000000e+00
6.862244897959184353e-01
7.121563431599868821e-01
7.282608695652175168e-01
7.230769230769231726e-01
6.250000000000000000e-01
6.946466338654269101e-01
7.624987171274979492e-01
5.068559912538364021e-01
7.336128048780489186e-01
2.418948550481012649e-01
4.006367748295953657e-01
7.473166070414981599e-01
6.206085934439075080e-01
3.723974101566647210e-01
1.981683973685447187e-01
1.916148870378227009e-01
8.329951217528983598e-01
1.912299877591634167e-01
6.210677909704321875e-01
3.862499207055802852e-01
5.713347632938914344e-01
4.299641050742373238e-01
6.293611484766585829e-01
5.375297520547759333e-01
6.393360160965794181e-01
1.995007281048470915e-01
0.000000000000000000e+00
