5.830293228506120418e-01
5.985846324000156926e-01
6.191327380599365160e-01
7.330634625925120940e-01
4.818740417123925646e-01
6.064247415495547244e-01
8.603165048652917646e-01
4.640692276495965718e-01
5.872585843122404281e-01
7.503308723339841002e-02
1.959385166262199718e-01
6.954430848108184016e-01
7.707229288364525477e-01
1.888719208938237082e-01
1.133575831502632025e-01
3.694076513282713581e-01
3.879693878948958785e-01
1.459944659725984639e-01
7.398222269566492315e-01
6.227076004303792045e-01
7.151499708469474248e-01
4.490921995176756498e-01
4.542617602684784206e-01
5.380851131613377802e-01
7.719970396590112305e-01
2.274557846613952661e-01
0.000000000000000000e+00
1.429276211089184623e-01
1.607676551927506303e-01
1.857807474943016790e-01
1.505191303849021667e-01
1.285347043701799419e-01
1.517294230901452545e-01
5.991293177276622028e-01
8.256954101375935107e-02
3.799763858193817567e-01
1.420850519129569500e-01
4.251811389109023120e-01
2.781500231716402816e-01
1.481908052596218883e-01
3.302443133951137311e-01
2.452635361310210316e-01
3.542895386288534842e-01
3.023401544320895029e-01
7.178085808580859650e-01
3.193803559657218405e-01
1.150968732016113549e-01
2.695594047895839007e-01
2.558940397350993878e-01
1.766706733843124710e-01
1.386159889518109312e-01
2.899830220713072726e-01
2.452111122254537756e-01
0.000000000000000000e+00
6.149425287356321546e-01
5.540166204986149978e-01
5.698924731182796188e-01
4.166666666666666297e-01
1.000000000000000000e+00
6.029629106020524265e-01
5.486111111111110494e-01
0.000000000000000000e+00
0.000000000000000000e+00
0.000000000000000000e+00
0.000000000000000000e+00
0.000000000000000000e+00
0.000000000000000000e+00
0.000000000000000000e+00
0.000000000000000000e+00
0.000000000000000000e+00
2.749691738594328139e-01
0.000000000000000000e+00
0.000000000000000000e+00
0.000000000000000000e+00
0.000000000000000000e+00
0.000000000000000000e+00
0.000000000000000000e+00
0.000000000000000000e+00
0.000000000000000000e+00
0.000000000000000000e+00
0.000000000000000000e+00
2.952816550403251084e-01
2.924473377894607484e-01
3.117916417191778367e-01
3.681623300046570346e-01
2.702004830333453178e-01
3.007415284722574356e-01
6.614365756656066520e-01
3.960876362849256593e-01
4.473961884975399261e-01
4.312512936091494886e-02
1.360658409356114706e-01
7.773297019979019673e-02
6.451317657460999833e-01
7.591478566648335313e-02
2.551485178272939747e-01
3.610309340219817198e-01
4.058469442896530666e-01
2.304593732433014575e-01
6.534739602413885962e-01
4.950557300956337503e-01
4.281748871971711168e-01
4.178076102271726100e-01
2.214498829579283345e-01
3.057765390957654095e-01
6.725650881831436445e-01
2.065877690189885652e-01
0.000000000000000000e+00
2.177789166799657394e-01
2.140084407268298961e-01
2.284724597434731330e-01
2.812593112170526655e-01
1.741089847946685476e-01
2.219078821896390274e-01
5.809977382220663511e-01
2.730864354560285090e-01
3.770763324678996775e-01
3.343531633734486697e-02
9.909709662953963827e-02
5.152698554657708652e-02
5.803863666717525849e-01
5.082197763641210786e-02
1.768309199380299068e-01
2.924674524222271588e-01
3.461315200024913663e-01
1.489154353883696269e-01
5.820067155704728989e-01
4.018388872481732377e-01
3.338480606958116326e-01
3.394893134322564676e-01
1.822020524057252899e-01
2.611813472096788935e-01
5.961511666712331348e-01
1.534729711273589148e-01
0.000000000000000000e+00
6.977040816326529615e-01
7.383239483272607817e-01
7.459239130434782705e-01
8.282051282051281493e-01
5.000000000000000000e-01
7.171519352264259517e-01
8.812986287186008738e-01
4.656002710355008900e-01
5.976538483205592334e-01
6.264858595698918897e-02
2.303874319487895228e-01
7.168386772176015276e-01
8.179165080573532753e-01
2.069204492865434619e-01
1.101278554031074886e-01
3.854769530948187750e-01
3.837069016512950625e-01
1.399188129131353209e-01
7.371486931841254586e-01
6.245473255981244254e-01
7.184168856822625848e-01
4.252974160952625038e-01
4.604852486130277534e-01
5.543261218863935191e-01
8.019166935673103236e-01
2.199396408882575704e-01
0.000000000000000000e+00
