4.748278077997147850e-01
4.753633867689996961e-01
4.801076352050450691e-01
5.187888126921578191e-01
7.388393970989064474e-01
4.827252053112465191e-01
5.038328709998531885e-01
6.555515597843292186e-01
4.445576100347465864e-01
2.662459137885799798e-01
3.813065473832218943e-01
5.300388636978696777e-01
7.468555430752297219e-01
4.314717441500405815e-01
2.996697651733369883e-01
3.185836679185303222e-01
7.896911291737395144e-01
3.367516167460561927e-01
4.910723459894466014e-01
5.858740104199960941e-01
4.700828930016575091e-01
5.329124368059666716e-01
5.350987673185272353e-01
4.575038314936439310e-01
6.995002848458840017e-01
4.214550299058570371e-01
0.000000000000000000e+00
2.996848940098032488e-01
3.014433384074661770e-01
3.373091454085614949e-01
2.882464291860264982e-01
1.028277634961439480e-01
3.076121829674367536e-01
3.021518586034716569e-01
5.231394476539600324e-01
2.852290272774060664e-01
1.934538348803126473e-01
8.440082644628099651e-01
2.471446086339291748e-01
9.949927313842679699e-02
2.824046214947647515e-01
1.900682716492991808e-01
1.371370973089828249e-01
1.014280550079134369e-01
3.642244224422442889e-01
2.767615176151761447e-01
2.032961075571940168e-01
2.720855614973262671e-01
2.443319049474094173e-01
7.550702028081122119e-01
2.391083061889250905e-01
5.684210526315789380e-01
2.473660100778745097e-01
0.000000000000000000e+00
2.931034482758620996e-01
2.105263157894736725e-01
2.258064516129032473e-01
1.333333333333333315e-01
1.000000000000000000e+00
2.607156653668899482e-01
0.000000000000000000e+00
0.000000000000000000e+00
0.000000000000000000e+00
0.000000000000000000e+00
0.000000000000000000e+00
0.000000000000000000e+00
0.000000000000000000e+00
0.000000000000000000e+00
0.000000000000000000e+00
0.000000000000000000e+00
5.574999999999999956e-01
0.000000000000000000e+00
0.000000000000000000e+00
0.000000000000000000e+00
0.000000000000000000e+00
0.000000000000000000e+00
0.000000000000000000e+00
0.000000000000000000e+00
0.000000000000000000e+00
0.000000000000000000e+00
0.000000000000000000e+00
2.019111595574450968e-01
1.918983584083377991e-01
2.111986868422366381e-01
2.242138999641525299e-01
4.124700009540295254e-01
2.018564340975625981e-01
3.588819032678005616e-01
5.639434086804364643e-01
4.278731199706733435e-01
2.958506139476253516e-01
3.949203602483373210e-01
1.211408862136797993e-01
5.360710223272604491e-01
3.252754037116986074e-01
2.867526622967584427e-01
3.312085469627703560e-01
5.778321897355165326e-01
3.392687814322551398e-01
3.543389799348464209e-01
5.769442279692533759e-01
3.934113969148600454e-01
4.681065340133880870e-01
3.992166104701102558e-01
3.688513778653479402e-01
6.016466631808886634e-01
3.828347708080979128e-01
0.000000000000000000e+00
1.418938441897172331e-01
1.331139319387760200e-01
1.465113272701804581e-01
1.592316828212063107e-01
2.943787600180360897e-01
1.414610025026833973e-01
2.762348953566609588e-01
4.374923339672480704e-01
3.582458810668027183e-01
2.469327914796548562e-01
3.197707024052681701e-01
8.222306275184049218e-02
4.657367187462024272e-01
2.467719725130948505e-01
2.024688365743651519e-01
2.653729369512252134e-01
5.174216446293862237e-01
2.361982590715834551e-01
2.821341290316247141e-01
4.859260143547524113e-01
3.014740450177990638e-01
3.879406248494918219e-01
3.446181815237241430e-01
3.199447590843229605e-01
5.184850018355087187e-01
3.062707271658317021e-01
0.000000000000000000e+00
6.454081632653061451e-01
6.551838357071879670e-01
6.562500000000000000e-01
6.769230769230769607e-01
7.500000000000000000e-01
6.522990301864266538e-01
5.325029717861365919e-01
6.505548291289769969e-01
4.510538943417604640e-01
2.726977791489024749e-01
3.923148798767395196e-01
5.664465953937837250e-01
7.953216374269006517e-01
4.353019350846599744e-01
3.057735042151902283e-01
3.261990098613585243e-01
7.785752075661143135e-01
3.318239780082060664e-01
4.959386085107607700e-01
5.726738843994279016e-01
4.823121849127731120e-01
5.106433896693225449e-01
5.384169112150607450e-01
4.704820647297518477e-01
7.483884708151009590e-01
3.965332873954835469e-01
0.000000000000000000e+00
