3.857015586317029676e-01
3.984927018613391159e-01
4.048480491766832667e-01
4.477124031429902118e-01
5.352696047833298554e-01
3.964234134998847470e-01
6.917669237738736099e-01
4.360318949536603483e-01
5.288991280637485026e-01
3.143622809249178029e-01
4.211785331773542085e-01
7.075572059003487624e-01
5.899576681042881798e-01
4.252358640969511883e-01
2.738380473739925325e-01
1.877866601569704308e-01
7.165176967080889581e-01
2.320961796526204712e-01
5.999937480138399781e-01
3.126771186068277864e-01
6.230895117472509126e-01
4.795655790978284871e-01
4.246075735447585320e-01
4.637865392716045143e-01
4.817582403529221957e-01
2.474077651292597713e-01
0.000000000000000000e+00
1.137723597937488063e-01
1.101193085364978730e-01
1.073157023761201201e-01
1.183387827683129723e-01
6.683804627249356756e-02
1.122181831393217338e-01
1.817367220593027466e-01
7.978601756008307788e-02
2.767738824206418258e-01
9.296846683581005966e-02
1.030475206611570216e-01
2.373183772063151009e-01
2.128500058092250569e-01
3.108778839029242569e-01
1.900682716492991808e-01
8.224578575312668782e-02
1.894829478738948858e-01
1.432343234323432413e-01
2.150434346809221298e-01
1.063131644572778700e-01
3.671609139523577814e-01
2.278145695364238721e-01
1.809672386895476159e-01
6.161755233248561447e-02
1.292705447830101440e-01
3.298869045814256662e-01
0.000000000000000000e+00
6.954022988505746961e-01
6.094182825484764088e-01
6.774193548387097419e-01
5.000000000000000000e-01
1.000000000000000000e+00
6.834510298925324800e-01
1.000000000000000000e+00
0.000000000000000000e+00
0.000000000000000000e+00
0.000000000000000000e+00
0.000000000000000000e+00
0.000000000000000000e+00
0.000000000000000000e+00
0.000000000000000000e+00
0.000000000000000000e+00
0.000000000000000000e+00
6.778115501519756947e-01
0.000000000000000000e+00
0.000000000000000000e+00
0.000000000000000000e+00
0.000000000000000000e+00
0.000000000000000000e+00
0.000000000000000000e+00
0.000000000000000000e+00
0.000000000000000000e+00
0.000000000000000000e+00
0.000000000000000000e+00
1.065712099923071809e-01
1.079924753939829341e-01
1.168421156571676223e-01
1.415853784166030138e-01
2.935361498518525014e-01
1.075443062338279354e-01
4.102727203150058344e-01
3.503872648537965095e-01
4.727627245307082227e-01
2.739998546065622875e-01
3.361311483013380563e-01
1.535773909383502112e-01
5.298778937073600481e-01
1.900133306172943071e-01
2.401408323373697140e-01
1.792611946780393595e-01
5.356473933953691535e-01
1.612992729845416084e-01
4.541832321784391446e-01
2.447363336603034512e-01
5.011163271462750757e-01
4.053204449456442315e-01
1.280101191136095995e-01
3.191032249697969281e-01
4.283764585282264781e-01
2.157084111959275408e-01
0.000000000000000000e+00
7.110907784116970998e-02
7.147615147525065993e-02
7.677405261678088566e-02
9.618018702988739843e-02
1.924837086423878685e-01
7.156485276156993036e-02
3.233643914749712578e-01
2.333438491358511002e-01
4.018668195059749704e-01
2.272891007013529974e-01
2.659539549977029127e-01
1.060599463201564729e-01
4.594280823771316746e-01
1.349613669830502793e-01
1.649446587773285011e-01
1.355331690926875332e-01
4.740513536473334177e-01
9.909715388431208916e-02
3.759446724614350366e-01
1.758086169983862912e-01
4.048024976648195716e-01
3.277132686123347960e-01
1.025998436404510494e-01
2.734578204372080101e-01
3.434097318719960268e-01
1.608861841475470733e-01
0.000000000000000000e+00
5.911989795918366486e-01
6.160980457105003083e-01
6.222826086956521063e-01
6.358974358974360808e-01
5.000000000000000000e-01
6.008370754085960996e-01
7.180054449310446785e-01
4.541599213226645837e-01
5.604473204715599843e-01
3.293989886283221757e-01
4.046595120784366451e-01
7.269646779459780772e-01
6.169880145909326652e-01
4.416339359562503342e-01
2.885566871197269290e-01
1.739205601327362682e-01
7.073605216048783895e-01
2.413215421504472935e-01
6.084476682176674922e-01
3.071206266688465414e-01
6.263483536764191673e-01
4.674276854556647098e-01
4.424839235062842935e-01
4.972713164722084578e-01
5.072164948453607991e-01
2.406675450153711315e-01
0.000000000000000000e+00
