2.327276530806130506e-01
2.503578394351018144e-01
2.689503893297213732e-01
2.942221308627579468e-01
3.455988521343321684e-01
2.461953861583265901e-01
6.567761016415342157e-01
6.700885242275350651e-01
5.881062636656568809e-01
2.920373271106813107e-02
1.238235937248262086e-01
7.153991386783082884e-01
8.055158743677430788e-01
2.889221057331151088e-01
1.075990463661735952e-01
2.029350765721877892e-01
4.689294936510787215e-01
1.926378868666529520e-01
7.046521531919180958e-01
3.291790091986305233e-01
6.833160303281563541e-01
6.380303444526277401e-01
7.582667933403972604e-01
9.108541141303139188e-01
6.928528148136963161e-01
2.033982810819543463e-01
0.000000000000000000e+00
1.168597619199185089e-01
1.208387461844380728e-01
1.199612826677490807e-01
1.242471175357081348e-01
9.254498714652956148e-02
1.180250649693442150e-01
3.324710894704809294e-01
3.577904224959977952e-01
1.666922886686139638e-01
7.914020517830966384e-02
2.967852640425833188e-02
2.842162999290185343e-01
1.816461684011352606e-01
1.165080724239369037e-01
3.751347466762485761e-01
4.865558017416993231e-02
1.432562684509568751e-01
1.707206541549677603e-01
2.687569642193883834e-01
6.300039375246097029e-02
5.020195699169418546e-01
3.809753160746538470e-01
1.917750936841597365e-01
1.867782055078471837e-01
2.658708627238199340e-01
1.707953063885267464e-01
0.000000000000000000e+00
3.735632183908046411e-01
3.684210526315789269e-01
3.763440860215053752e-01
2.500000000000000000e-01
1.000000000000000000e+00
3.577020983671388432e-01
0.000000000000000000e+00
0.000000000000000000e+00
0.000000000000000000e+00
0.000000000000000000e+00
0.000000000000000000e+00
0.000000000000000000e+00
0.000000000000000000e+00
0.000000000000000000e+00
0.000000000000000000e+00
0.000000000000000000e+00
6.990595611285266298e-01
0.000000000000000000e+00
0.000000000000000000e+00
0.000000000000000000e+00
0.000000000000000000e+00
0.000000000000000000e+00
0.000000000000000000e+00
1.000000000000000000e+00
0.000000000000000000e+00
0.000000000000000000e+00
0.000000000000000000e+00
3.002181499069135340e-01
3.008606452472488701e-01
3.029649723014621321e-01
3.475340607031416340e-01
3.302351968270625937e-01
3.004051539258860704e-01
5.492977684469817490e-01
6.438013434168523563e-01
6.120597999855936777e-01
1.628156516419843047e-01
1.907214231790130832e-01
1.661761092519551397e-01
8.555559743647913606e-01
1.876013335546077299e-01
1.492875949849845618e-01
1.883060718967692893e-01
5.537599053823458739e-01
2.577061539078665531e-01
7.035801418960658804e-01
3.850324152661239729e-01
5.798185341941741733e-01
6.511446620250496142e-01
6.848269232631090109e-01
9.908158717447663744e-01
6.599235139339917344e-01
2.628487485446893146e-01
0.000000000000000000e+00
2.219717035877374900e-01
2.211246960147562612e-01
2.209661511756132457e-01
2.628220055232189378e-01
2.224545086145388317e-01
2.216218017164152121e-01
4.603704732355421991e-01
5.258811182053240163e-01
5.445245583077749085e-01
1.308084954726849158e-01
1.421811220588562463e-01
1.155258751067422818e-01
8.206064417856619997e-01
1.330863361812676393e-01
9.695128371267847101e-02
1.428779026128499385e-01
4.925648962848532264e-01
1.697499655583714906e-01
6.377592526510506010e-01
2.967353299069343531e-01
4.859586978597970619e-01
5.780066382884907483e-01
6.356927601072724920e-01
9.889041904767796876e-01
5.820511438928521741e-01
2.000610510373228568e-01
0.000000000000000000e+00
2.455357142857141906e-01
2.616760516727394403e-01
2.730978260869565410e-01
2.769230769230770495e-01
2.500000000000000000e-01
2.462315846515190643e-01
6.906436097495474158e-01
6.179491787138284842e-01
5.996869218673387403e-01
4.499890384460347725e-02
1.355018966962390214e-01
7.417033828992131150e-01
7.953216374269006517e-01
3.062143638630945297e-01
1.304170337984345840e-01
2.288406567561738214e-01
4.241352134770761673e-01
1.938615556146574825e-01
7.017348624583304995e-01
3.269663062717790281e-01
6.746343004131660770e-01
6.094026810667425575e-01
7.761084821512620469e-01
9.310232145023626948e-01
7.151679306608884623e-01
1.903842725182489648e-01
0.000000000000000000e+00
