3.570800101191016207e-01
3.572708900560557232e-01
3.571656293114515712e-01
3.943288182309026002e-01
6.748316649533663281e-01
3.637552676722266565e-01
4.580220522164512031e-01
7.120240094299578049e-01
3.803160098375042431e-01
3.295289827394702886e-01
3.352779923278109697e-01
5.064929924479251167e-01
8.001530402876535497e-01
4.115941043879389194e-01
3.347685331430086952e-01
2.931841298547075425e-01
8.123003054884015972e-01
3.432398726725857663e-01
4.314173479985166093e-01
6.007138819003975394e-01
5.366602888671782035e-01
5.832835853855681263e-01
5.211650393027842387e-01
4.430677265384681540e-01
7.358394415754012652e-01
4.297982495123631175e-01
0.000000000000000000e+00
3.342033229358956636e-03
5.395583113498525485e-03
5.776376182595924225e-03
1.634830493890895853e-02
4.113110539845757363e-02
5.605346734915431228e-03
3.344398448280351821e-01
1.864463812372568752e-01
1.957454108766512046e-01
1.722846441947564200e-01
1.672054118901626918e-01
3.433732541233101010e-01
2.035552457302196305e-01
2.742647336191830210e-01
1.900682716492991808e-01
1.083138603530120481e-01
1.333354742369017021e-01
3.239612159973761507e-01
1.697112477323119983e-01
1.477470706794656863e-01
2.695594047895839007e-01
4.703190848886212860e-01
7.550702028081122119e-01
8.879844253050989122e-02
1.528265107212475327e-01
1.353113217519997802e-01
0.000000000000000000e+00
3.678160919540229834e-01
3.961218836565097434e-01
4.516129032258064946e-01
2.833333333333333259e-01
1.000000000000000000e+00
3.880737456727250123e-01
0.000000000000000000e+00
0.000000000000000000e+00
0.000000000000000000e+00
0.000000000000000000e+00
0.000000000000000000e+00
0.000000000000000000e+00
0.000000000000000000e+00
0.000000000000000000e+00
0.000000000000000000e+00
0.000000000000000000e+00
7.483221476510066861e-01
0.000000000000000000e+00
0.000000000000000000e+00
0.000000000000000000e+00
0.000000000000000000e+00
0.000000000000000000e+00
0.000000000000000000e+00
0.000000000000000000e+00
0.000000000000000000e+00
0.000000000000000000e+00
0.000000000000000000e+00
7.474798060550713608e-02
6.742020104793255975e-02
7.142516328653059077e-02
9.290300550997987461e-02
3.842387548571053468e-01
7.152964612289747226e-02
2.918527594542015269e-01
6.619569388471735483e-01
4.731053213928819723e-01
3.848828484831818830e-01
3.218463026806468452e-01
9.073590820808963286e-02
7.428670767940559472e-01
3.109566379932334756e-01
2.675551024761554375e-01
3.039022602700240938e-01
6.257535754026202213e-01
3.252875273136776046e-01
3.240611708445990669e-01
5.369468683730984626e-01
5.434911414946566044e-01
6.304503486137191803e-01
3.242021783797042200e-01
3.008313812853062874e-01
5.757386849563149722e-01
3.655456563584971175e-01
0.000000000000000000e+00
4.898924686911687587e-02
4.358597336217567841e-02
4.567210929452297785e-02
6.142019536900145127e-02
2.689442017600105483e-01
4.663335848576827258e-02
2.176149905948264185e-01
5.468912321925918363e-01
4.022041415328641567e-01
3.292903450444777391e-01
2.532056188212411518e-01
6.057754497719486375e-02
6.888461341534251048e-01
2.343163270965749612e-01
1.867972395041793132e-01
2.410280174498147243e-01
5.677590623003558878e-01
2.243734158058398875e-01
2.549294657040148682e-01
4.442299498331580554e-01
4.479055380364939110e-01
5.554360505271827009e-01
2.743267840233460930e-01
2.566448759603400243e-01
4.909823770043823532e-01
2.903913208529469436e-01
0.000000000000000000e+00
5.280612244897959773e-01
5.465385889367340155e-01
5.489130434782609758e-01
5.538461538461538769e-01
6.250000000000000000e-01
5.403351931284818832e-01
4.831949718475839761e-01
6.673603884842179701e-01
3.924980263431253613e-01
3.557550309681927203e-01
3.204738884193182313e-01
5.341525145231736937e-01
8.005363727790814066e-01
4.066349500969801412e-01
3.449026339776067873e-01
3.171825227063740371e-01
7.831030811169770178e-01
3.454576023580891997e-01
4.550759569308105990e-01
6.038608199408470600e-01
5.219805400035713028e-01
5.517354652743786669e-01
5.286899712107087090e-01
4.526374358626814587e-01
7.801667145731532305e-01
3.939831654695153951e-01
0.000000000000000000e+00
