2.873081256058617194e-01
2.955116288385022938e-01
2.885211163577275917e-01
3.035500279824477343e-01
2.704744472930364907e-01
2.897331722071854188e-01
5.121218646963401344e-01
6.231687649112781502e-01
4.179838116010257121e-01
5.406929167083347476e-01
2.281731799095826352e-01
4.615706686103270284e-01
4.397029771113473706e-01
5.043785219131318165e-01
3.095092730124016089e-01
3.005338967150423812e-01
5.700670959540112825e-01
3.585433685665411763e-01
3.907667677299735409e-01
4.704914407001259957e-01
5.226816372530926902e-01
3.508614030149330154e-01
5.126376618795337459e-01
4.881187749369201301e-01
4.762602286057446843e-01
3.143362404934268994e-01
0.000000000000000000e+00
7.414726351061087795e-02
7.455439008288711200e-02
6.858635893527842420e-02
7.971569163477310038e-02
5.594405594405593707e-02
7.380204458789443867e-02
3.302857162908903188e-01
3.452724757952974066e-01
1.449664149308727001e-01
2.486544258126709150e-01
1.575975359342915438e-01
2.017065755234666857e-01
4.630617660343269715e-01
2.315444913429235974e-01
2.598397971532300232e-01
3.405917569640294906e-01
2.503971405877680190e-01
3.348599005269118356e-01
1.785774695534506074e-01
2.050945378151260434e-01
1.887755102040816479e-01
1.216429699842022094e-01
1.079241614000972099e-01
4.208998548621191160e-01
2.439669822772517760e-01
1.838134430727023649e-01
0.000000000000000000e+00
5.318761384335154996e-02
5.451801546877947657e-02
4.985119047619047256e-02
4.127829560585885571e-02
1.250000000000000000e-01
5.051434974665730548e-02
1.444444444444444309e-01
0.000000000000000000e+00
2.078947368421052433e-01
4.268292682926829729e-01
0.000000000000000000e+00
2.235427277872099883e-01
0.000000000000000000e+00
0.000000000000000000e+00
0.000000000000000000e+00
2.160664819944598525e-01
1.843971631205673645e-01
0.000000000000000000e+00
0.000000000000000000e+00
0.000000000000000000e+00
0.000000000000000000e+00
0.000000000000000000e+00
2.340245450698265062e-01
2.382133995037220842e-01
0.000000000000000000e+00
0.000000000000000000e+00
0.000000000000000000e+00
2.341291092472103097e-01
2.378938890861921063e-01
2.319240823720633837e-01
2.406495561043330567e-01
2.069735145135864762e-01
2.338381270706813564e-01
5.808365358596885297e-01
7.939109454573632929e-01
3.487680432672671804e-01
4.018134089075698356e-01
3.025985668511361193e-01
3.993573788453976814e-01
5.767860048598241196e-01
4.314230721517818279e-01
5.276533701219766614e-01
3.163239710956092243e-01
4.339329728149574072e-01
5.929279649238977656e-01
3.646660136303980781e-01
3.685727069209234763e-01
2.321121521464641069e-01
3.492966127357061690e-01
3.966315719894524805e-01
4.841395798044559329e-01
4.172271300912527847e-01
4.356514802203118597e-01
0.000000000000000000e+00
5.481643979689214408e-02
5.659350246455346206e-02
5.378877998412364553e-02
5.791220885321254896e-02
4.283803571010579014e-02
5.468026967192412408e-02
3.373710813894831295e-01
6.302945893170044389e-01
1.216391480044783507e-01
1.614540155779219111e-01
9.156589266036148367e-02
1.594863160382664902e-01
3.326820954021570409e-01
1.861258671848814994e-01
2.784180790010795659e-01
1.000608546896957912e-01
1.882978248960265333e-01
3.515635715887950319e-01
1.329813014970857021e-01
1.358458402870169335e-01
5.387605117406329275e-02
1.220081236686379189e-01
1.573166038988242366e-01
2.343911327332351968e-01
1.740784780841831692e-01
1.897922122181488480e-01
0.000000000000000000e+00
2.364204767487299852e-01
2.509386098427194289e-01
2.448000000000000176e-01
2.327586206896551380e-01
4.285714285714285476e-01
2.394930763643732252e-01
5.271690844046074131e-01
4.395604395604396086e-01
4.763157894736841924e-01
5.420281878331951742e-01
2.109935720221946809e-01
5.745620031373013248e-01
4.555458209216752263e-01
5.394325353954625424e-01
2.628083078253361515e-01
4.095403151295258226e-01
5.757362355953905553e-01
3.267882117466893721e-01
4.744625184848142441e-01
4.863118820715994217e-01
6.642254383602254064e-01
3.898335186722379220e-01
6.688524590163934525e-01
4.679753883413722559e-01
6.920200880511492292e-01
2.915110356536502745e-01
0.000000000000000000e+00
