3.443471887504538920e-01
3.456457630660652591e-01
3.437406359855876836e-01
3.342243907650535029e-01
1.933617932121989846e-01
3.415880039617799069e-01
2.578142259557488769e-01
1.492360341817584035e-01
4.992271234580394346e-01
6.166768952804551063e-01
4.664735421976483054e-01
2.794944080334924585e-01
3.769400374973174705e-01
6.578441244036303814e-01
6.302872224193949435e-01
2.274962848301542717e-01
5.169633883685207376e-01
6.058975923528897578e-01
2.088131814451659185e-01
5.299816304948077317e-01
1.570326772085776368e-01
4.244498199368035851e-01
5.773033671441086812e-01
4.694795562686647772e-01
2.895261912229520895e-01
6.395236777186957822e-01
0.000000000000000000e+00
1.954062491050204409e-01
1.981515440475317136e-01
1.883947525992052952e-01
2.065609622744669360e-01
1.363636363636363535e-01
1.960095072164597385e-01
1.387577514686635094e-01
9.870018334459135234e-02
1.416437989571885936e-01
3.188416101852645790e-01
2.194689033515470067e-01
1.583698746284394054e-01
1.858231707317072878e-01
3.291893636001290702e-01
2.910231660231660800e-01
3.535883924595517036e-01
2.921553053310282921e-01
3.339948014198272364e-01
9.073204383241796622e-02
2.825822989746357150e-01
1.950640721404841293e-01
1.932709045398523506e-01
1.837966480767301292e-01
3.281378178835111514e-01
2.749841161612248119e-01
2.798353909465020606e-01
0.000000000000000000e+00
7.285974499089252487e-02
6.923222033578570189e-02
6.845238095238095899e-02
6.657789613848202892e-02
6.250000000000000000e-02
7.077749190658022549e-02
1.444444444444444309e-01
0.000000000000000000e+00
2.358208955223880521e-01
3.389830508474576121e-01
0.000000000000000000e+00
2.309941520467836407e-01
0.000000000000000000e+00
3.485294117647059209e-01
4.270462633451956869e-01
2.880886426592798033e-01
1.394101876675603313e-01
1.351417399804496766e-01
0.000000000000000000e+00
0.000000000000000000e+00
0.000000000000000000e+00
2.138157894736842091e-01
0.000000000000000000e+00
3.142389525368248782e-01
0.000000000000000000e+00
3.009523809523809157e-01
0.000000000000000000e+00
3.841797108224587198e-01
3.872599957735357590e-01
3.809650954387382438e-01
3.821393553117848341e-01
2.925241181265140766e-01
3.820998667172333940e-01
4.412778955456569396e-01
2.290093647985083913e-01
3.450488343590948914e-01
5.233044287909930370e-01
4.179340659994915108e-01
3.805365673489994882e-01
4.283230257724117140e-01
4.846819809495008791e-01
5.050647607781140191e-01
3.370756446945269436e-01
5.119573049432992740e-01
6.617329766338624353e-01
3.629401104358305208e-01
3.730574720167140756e-01
1.945167703098512613e-01
3.911759788168037155e-01
4.981253018412087896e-01
4.673067241652993919e-01
4.011315029452669489e-01
5.239063729773792977e-01
0.000000000000000000e+00
1.475940502076279748e-01
1.499703043265188940e-01
1.451344039426469279e-01
1.460304868781065468e-01
8.557035968569474960e-02
1.460003081453275509e-01
1.947261810972036877e-01
5.244528916541630476e-02
1.190586980925700811e-01
2.738475251922675158e-01
1.746688835228673020e-01
1.448080790897595949e-01
1.834606144068340328e-01
2.349166226571322846e-01
2.550904125798534317e-01
1.136199902462309702e-01
2.621002820848064019e-01
4.378905323647119818e-01
1.317255237631728415e-01
1.391718774275014225e-01
3.783677393177543175e-02
1.530186464032845250e-01
2.481288163343954023e-01
2.183755744501032769e-01
1.609064826551287464e-01
2.744778876463129236e-01
0.000000000000000000e+00
2.147323173114497885e-01
2.148148148148148473e-01
2.124000000000000332e-01
2.112068965517241437e-01
1.785714285714285476e-01
2.129456814028380940e-01
2.337132085308206986e-01
8.225138716064456235e-02
6.378574336981395199e-01
6.556096400066010466e-01
4.486282228539582029e-01
2.693714357432123729e-01
4.173147300099519508e-01
6.539134910911978960e-01
6.482092497841625001e-01
2.740141245737108822e-01
4.475519935455202214e-01
5.884957203065380726e-01
2.709678050758894674e-01
5.088229331463920424e-01
1.466747463728129142e-01
5.251113838449888993e-01
7.749999999999999112e-01
4.034406861427754509e-01
4.660031085955599894e-01
6.189762133767386931e-01
0.000000000000000000e+00
