2.888615638598026614e-01
2.938418588324340774e-01
2.824620384378326854e-01
2.769864983204590736e-01
2.262428463076604501e-01
2.858559385847245782e-01
1.160939445884030530e-01
5.622486551286767220e-01
4.210854033946938024e-01
8.895080530018870668e-01
4.729524936785774458e-01
2.613053240434600744e-01
1.157771607709894846e-01
8.437085548737537355e-01
8.256503080870734035e-01
2.643720518801127017e-01
4.983531660557778964e-01
7.644835298349950126e-01
6.879362584834242123e-02
9.938690498826047159e-02
2.574325418667235965e-01
2.932044117788678572e-01
3.550774611157002658e-01
3.436574906114479022e-01
1.085400138152958494e-01
6.529231919634000958e-01
0.000000000000000000e+00
1.189964773605979714e-01
1.189026626567886713e-01
1.142017309890588500e-01
1.221432476763258668e-01
8.741258741258740861e-02
1.184950810816017969e-01
7.665872605730469913e-02
2.726794920155916069e-01
1.402184163649276560e-01
4.608200338687330477e-01
2.236683174296412169e-01
1.953486535576086924e-01
1.403440971029428219e-01
2.508398656215005684e-01
4.023743369537762238e-01
3.502841630962833519e-01
3.847576140314326598e-01
3.967897126927745211e-01
5.462851122957741723e-02
2.710690045248868585e-01
1.632653061224489943e-01
9.779517824026379147e-02
1.051391280703344450e-01
2.515723270440251014e-01
7.153839928785302171e-02
2.979991485738612278e-01
0.000000000000000000e+00
5.318761384335154996e-02
5.621580833804941391e-02
5.654761904761904795e-02
5.592543275632490263e-02
6.250000000000000000e-02
5.607352127556809729e-02
0.000000000000000000e+00
0.000000000000000000e+00
0.000000000000000000e+00
5.555555555555555802e-01
2.226247987117552229e-01
0.000000000000000000e+00
0.000000000000000000e+00
7.499576199355822981e-01
8.333333333333332593e-01
2.414860681114551211e-01
2.241379310344827624e-01
5.096774193548386789e-01
0.000000000000000000e+00
0.000000000000000000e+00
1.182142857142857162e-01
0.000000000000000000e+00
9.241310160427808340e-02
0.000000000000000000e+00
0.000000000000000000e+00
3.014221297259798704e-01
0.000000000000000000e+00
2.987386692231080998e-01
3.049762460692340693e-01
2.944616949493342739e-01
2.904703392525880279e-01
2.492496956152649157e-01
2.961818734830619637e-01
3.667156309636186995e-01
5.822933111585746335e-01
4.315400910251521172e-01
5.689587493361419890e-01
3.813001198161489191e-01
3.900499894819803304e-01
3.412260249385523636e-01
4.312845819022587124e-01
4.957991657251811790e-01
3.534104619980419915e-01
5.220450877145613733e-01
6.207049828986922480e-01
2.885675817309245050e-01
3.124136936350490057e-01
1.833775660651444372e-01
3.719926546900678144e-01
4.192990104045417610e-01
4.513113461680494098e-01
2.662957921783918880e-01
5.702214014044525436e-01
0.000000000000000000e+00
8.924479248919360563e-02
9.301051066648201304e-02
8.670768979243481667e-02
8.437301798551359588e-02
6.212541076430221076e-02
8.772370217993651076e-02
1.344803539930449210e-01
3.390655002200165802e-01
1.862268501619965821e-01
3.237140584461468129e-01
1.453897813718094956e-01
1.521389942948929430e-01
1.164352000953655236e-01
1.860063905866060630e-01
2.458168127337856668e-01
1.248989546496694775e-01
2.725310736069041506e-01
3.852746757952658085e-01
8.327124922603380830e-02
9.760231597069427001e-02
3.362733173597641512e-02
1.383785351433640953e-01
1.758116601262280365e-01
2.036819311800169841e-01
7.091344893191729726e-02
3.251524466196578644e-01
0.000000000000000000e+00
1.789761625635013786e-01
1.820395738203957614e-01
1.860000000000000542e-01
1.602011494252873480e-01
2.142857142857142461e-01
1.796579949998129977e-01
1.187539162054994935e-01
4.687473191153510022e-01
5.026570337103359876e-01
8.774204549093347349e-01
4.191008097666830690e-01
2.522887836788342830e-01
1.398368298368298512e-01
9.022083207155654483e-01
8.148825683207443493e-01
3.911299485247039520e-01
4.036827851939517320e-01
6.395621866797623900e-01
1.126943602195035476e-01
7.712614602965778277e-02
2.716503018752862708e-01
3.824476504220833961e-01
4.916107382550334859e-01
3.418537613853691037e-01
2.703751724301250992e-01
6.494824766124087656e-01
0.000000000000000000e+00
