1.991164094017211228e-01
2.019393178329640381e-01
1.958432389597291323e-01
2.077234611054161739e-01
1.982890239457845705e-01
1.982699427940405601e-01
6.029202505207860163e-01
7.438061118929597537e-01
2.641316442912434725e-01
2.301779154932108162e-01
3.934959982322930316e-01
7.566612843576941971e-01
3.942868950401177686e-01
3.809687496775474580e-01
2.058456194759900604e-01
3.588182793175523910e-01
3.460143964625717605e-01
6.692459369147468751e-02
7.252463753466271701e-01
4.067076644828304111e-01
5.858055883291495292e-01
3.612654653805797422e-01
4.669415619548237251e-01
5.692433026382412997e-01
6.366234890991823159e-01
3.581687350375738488e-01
0.000000000000000000e+00
4.135521379270842846e-02
3.974180297806792495e-02
3.962767405149419941e-02
4.319300164024057059e-02
5.594405594405593707e-02
4.082926271512525573e-02
3.083139837659413240e-01
1.844588520055325254e-01
7.530649311336459761e-02
2.258031175713386685e-01
7.897330595482546234e-02
2.518731033366096161e-01
1.403440971029428219e-01
1.590691830770491477e-01
1.667953667953668284e-01
3.925782989461184536e-01
1.543811387279877545e-01
8.300223153540520205e-02
4.041948579161028232e-01
2.501531862745097756e-01
3.449267030755964747e-01
1.127962085308057416e-01
7.843137254901962063e-02
2.577730534148285901e-01
2.909929594561786459e-01
1.744855967078189352e-01
0.000000000000000000e+00
3.679417122040072596e-02
3.376721373325787534e-02
3.273809523809523975e-02
2.796271637816245131e-02
6.250000000000000000e-02
3.312303016235566139e-02
4.814814814814813992e-01
0.000000000000000000e+00
0.000000000000000000e+00
0.000000000000000000e+00
1.988493347716648596e-01
7.218567251461989187e-01
0.000000000000000000e+00
1.478609625668449168e-01
0.000000000000000000e+00
3.469236471460341309e-01
2.363636363636363591e-01
0.000000000000000000e+00
0.000000000000000000e+00
0.000000000000000000e+00
3.408466819221968036e-01
3.433098591549295642e-01
3.388480392156862919e-01
5.907692307692308242e-01
0.000000000000000000e+00
0.000000000000000000e+00
0.000000000000000000e+00
2.038616502030363153e-01
2.041525796423811212e-01
2.065037329899354068e-01
2.049603832559270811e-01
2.568461312542118513e-01
2.044690116212075914e-01
7.101265688986785340e-01
5.302559772432892116e-01
4.957954116642440678e-01
4.184322791215701609e-01
2.910186436007562438e-01
4.366061824302536754e-01
5.409003491062510660e-01
4.889662330224815445e-01
4.568746378706153854e-01
5.412665770787274955e-01
3.776820326040807307e-01
3.646788023902154952e-01
1.000000000000000000e+00
4.167037566514367741e-01
3.823234946770149856e-01
3.690295468159471293e-01
4.168394811443125736e-01
4.700009536955214728e-01
5.259006767999511167e-01
4.659378864728440650e-01
0.000000000000000000e+00
4.155957242350515057e-02
4.167827577463875666e-02
4.264379173877854562e-02
4.200875870441651144e-02
6.596993514025580041e-02
4.180757671335352116e-02
5.042797438558095369e-01
2.811714014022356212e-01
2.458130902273172325e-01
1.750855722108715928e-01
8.469185092322395469e-02
1.906249585363199162e-01
2.925731876632641781e-01
2.390879770361956924e-01
2.087344347294058933e-01
2.929695074625220941e-01
1.426437177519499222e-01
1.329906289127618380e-01
1.000000000000000000e+00
1.736420208074198335e-01
1.461712545820454678e-01
1.361828064231833391e-01
1.737551530406597766e-01
2.209008964746997372e-01
2.765715218586465851e-01
2.170981140507809715e-01
0.000000000000000000e+00
1.029699101211410950e-01
1.074581430745814442e-01
9.439999999999999780e-02
1.250000000000000000e-01
1.428571428571428492e-01
1.031705613704395202e-01
6.557059256675579206e-01
8.186046511627906863e-01
4.367579794337606569e-01
3.022988643987208901e-01
3.800875272168749985e-01
7.219473656667076966e-01
3.390652845971995344e-01
4.052243202639408959e-01
2.506302178123502311e-01
3.993576758831420825e-01
3.127358490566037874e-01
5.694958402519254004e-02
6.254529040049963129e-01
3.505245569342865797e-01
6.682303829409407259e-01
3.517356768161061797e-01
6.464565117349286849e-01
5.133354902655593577e-01
8.072494794568755294e-01
3.337002039691823740e-01
0.000000000000000000e+00
