3.531333055813506983e-01
3.520340349600615815e-01
3.481467473524961775e-01
3.422473173090747611e-01
3.201148038336895651e-01
3.489859422415938495e-01
3.813996574024117181e-01
4.900407281410098514e-01
3.686911010211442186e-01
3.547093390279903447e-01
5.054813104233990551e-01
5.400043147354172124e-01
4.381497793896242388e-01
5.047356495942568744e-01
3.499960888643514623e-01
3.203395934242962984e-01
4.677882293170580463e-01
4.558301307189934204e-01
3.213617763043766784e-01
2.635436568068911245e-01
2.527612778396554072e-01
4.041815022901595333e-01
5.045317256277075391e-01
9.204271605844818183e-01
3.547755150589674278e-01
5.691001725864329730e-01
0.000000000000000000e+00
4.728355815218947267e-02
4.646079366243673070e-02
5.040553045560938750e-02
4.319300164024057059e-02
3.496503496503496067e-02
4.779663521066343512e-02
3.142707645838164199e-01
7.487321346242507836e-02
8.870101695892521065e-02
1.660714986461562515e-01
1.723765265319355811e-01
1.514034764449357640e-01
9.603989206920267307e-02
1.980314728590794049e-01
1.730986800754242827e-01
1.244371876700806068e-01
1.571794192922071898e-01
1.348057320135913617e-01
9.651016022105730896e-02
6.690249629263469999e-02
9.947793070716659525e-02
4.468957859999383997e-02
6.270690094219506794e-02
5.933465739821252027e-01
1.127892564623503291e-01
1.715399610136452424e-01
0.000000000000000000e+00
1.118397085610200320e-01
1.235615921524240712e-01
1.175595238095238082e-01
1.131824234354194408e-01
1.875000000000000000e-01
1.126287326909621439e-01
3.421052631578946901e-01
0.000000000000000000e+00
1.950617283950616954e-01
4.938271604938271331e-01
5.163398692810458046e-01
6.078793474915359374e-01
0.000000000000000000e+00
4.280185758513931904e-01
3.947368421052631637e-01
6.190476190476190688e-01
1.547619047619047672e-01
6.259196378041879116e-01
1.385964912280701622e-01
2.625830959164292544e-01
3.283730158730158721e-01
6.414473684210525439e-01
5.467128027681661395e-01
8.450057405281287126e-01
0.000000000000000000e+00
0.000000000000000000e+00
0.000000000000000000e+00
2.508901976448855708e-01
2.476729825251619554e-01
2.549517945024796228e-01
2.429010317694643983e-01
2.411738087770005090e-01
2.505807167758870024e-01
7.564439318473258345e-01
3.636474455528278527e-01
3.692022757051989235e-01
3.091764857779748521e-01
4.004823411658118837e-01
2.973849878901054788e-01
3.702394837087042978e-01
4.683123926311836827e-01
3.556420431313243036e-01
1.388745832590472518e-01
4.573899121015897462e-01
2.707754581008844363e-01
4.446447210524253069e-01
2.258995868028569332e-01
1.727237129872961352e-01
1.482635576624632412e-01
3.370192411295999113e-01
1.000000000000000000e+00
3.122064060094608129e-01
6.043775569349215671e-01
0.000000000000000000e+00
6.294589127428976139e-02
6.134190627290916908e-02
6.500041752003460349e-02
5.900091123467035570e-02
5.816480604000520693e-02
6.279069561991729165e-02
5.722074220286416102e-01
1.322394646570968502e-01
1.363103203858976875e-01
9.559009935801829339e-02
1.603861055856497242e-01
8.843783102239817506e-02
1.370772752968879016e-01
2.193164970919439238e-01
1.264812628426226770e-01
1.928614987537403958e-02
2.092055316923000230e-01
7.331934870974381180e-02
1.977089279597890881e-01
5.103062331770150811e-02
2.983348102811785030e-02
2.198208253073057061e-02
1.135819688915713915e-01
1.000000000000000000e+00
9.747283995334431184e-02
3.652722313266245080e-01
0.000000000000000000e+00
2.430636967565455719e-01
2.433282597666159286e-01
2.368000000000000105e-01
2.535919540229885083e-01
2.857142857142856984e-01
2.399035307509758130e-01
3.111396835601271116e-01
6.695252988952227202e-01
4.713732084361578756e-01
3.718215367182469144e-01
3.757760052259607741e-01
6.117167304512851622e-01
4.215289354608239836e-01
5.044725497145007287e-01
3.320993747151866349e-01
4.154353769761081061e-01
4.150664574965090559e-01
4.091320684210900671e-01
3.899392124506398938e-01
2.838013762320996114e-01
2.125843092828392233e-01
4.670726409616744457e-01
6.477062746043222852e-01
6.090749403983044541e-01
5.589826036617066007e-01
6.352589013458054268e-01
0.000000000000000000e+00
