2.899578993273955740e-01
2.918141575007528465e-01
2.885729094125463190e-01
2.760776976751567746e-01
1.765681484618945585e-01
2.867783579029213881e-01
2.677132706627345926e-01
2.403340079399315932e-01
4.744827051720676980e-01
6.697498695703834048e-01
4.852572796095077634e-01
3.388948961079109035e-01
2.633086371674248638e-01
6.316118830174614063e-01
7.440440162803769741e-01
2.722911519833839389e-01
5.237963999550605543e-01
5.706415176587458227e-01
2.397159687401024253e-01
4.731351667034924824e-01
1.561697508525625999e-01
3.770028258931300003e-01
5.167397590660488538e-01
3.398692000965741755e-01
2.801090190716416517e-01
5.802457660853742594e-01
0.000000000000000000e+00
1.207148380445055430e-01
1.222474877136360272e-01
1.151271024985030672e-01
1.175505740841990276e-01
8.391608391608391948e-02
1.188283811602135337e-01
1.854959938119353502e-01
1.234605809128630771e-01
9.892584432194861943e-02
3.737065020090913903e-01
3.739522671424243550e-01
1.918154890288441827e-01
2.592098577235771861e-01
2.661974084146536690e-01
3.790069138906349000e-01
2.886052149819405277e-01
2.374900714853057648e-01
3.302004110324243680e-01
1.697871816951654900e-01
2.871323529411765052e-01
1.621155504455303320e-01
1.771226604546550232e-01
1.341535037556798593e-01
1.777729305267749804e-01
1.435601661384618422e-01
2.582225991895203410e-01
0.000000000000000000e+00
4.189435336976320146e-02
4.187889077532540305e-02
3.869047619047618486e-02
4.260985352862849823e-02
6.250000000000000000e-02
4.114589003311590332e-02
7.807807807807806699e-02
0.000000000000000000e+00
0.000000000000000000e+00
4.545454545454545858e-01
0.000000000000000000e+00
2.148782809737522226e-01
0.000000000000000000e+00
2.957219251336898336e-01
4.918032786885246366e-01
2.372984484332217869e-01
1.125541125541125592e-01
1.621700879765395897e-01
0.000000000000000000e+00
0.000000000000000000e+00
0.000000000000000000e+00
0.000000000000000000e+00
0.000000000000000000e+00
0.000000000000000000e+00
0.000000000000000000e+00
0.000000000000000000e+00
0.000000000000000000e+00
2.829076636536116407e-01
2.847494571998211987e-01
2.825828452671536040e-01
2.723756642686416263e-01
2.336553584484621637e-01
2.805286543208887484e-01
4.960904152682686918e-01
3.738172052495205011e-01
3.300496715609113063e-01
5.348987723812587136e-01
4.529286460946100878e-01
3.618147793936719592e-01
4.434094764086497498e-01
4.098508019511768463e-01
5.582115812072661054e-01
3.629300978623267726e-01
4.259186236615414844e-01
5.614926700395590498e-01
4.145350459821389721e-01
3.785115732112157572e-01
1.741861560251147523e-01
4.144841400852612989e-01
5.059777891578800535e-01
4.315116109702445413e-01
3.406879598392393294e-01
5.413808301745323126e-01
0.000000000000000000e+00
8.003674615394505698e-02
8.108225337559277213e-02
7.985306443928008591e-02
7.418850248578380546e-02
5.459482653167933852e-02
7.869632589508869513e-02
2.461057001210432416e-01
1.397393029405621379e-01
1.089327856974654229e-01
2.861166966949776902e-01
2.051443584530964759e-01
1.309099345876915121e-01
1.966119637689929256e-01
1.679776798600227661e-01
3.116001693939161599e-01
1.317182559343580694e-01
1.814066739817417895e-01
3.152740185081531199e-01
1.718393043474140680e-01
1.432710110548295335e-01
3.034081695080561789e-02
1.717971023822185694e-01
2.560135231210962092e-01
1.862022704021356612e-01
1.160682859794231747e-01
2.930932032804659526e-01
0.000000000000000000e+00
2.057444314185228607e-01
2.081177067478437448e-01
2.104000000000000314e-01
1.982758620689655249e-01
2.142857142857142461e-01
2.029155533465493710e-01
2.659431912976587542e-01
1.489814533292793952e-01
6.059067260691846091e-01
7.065286224671692983e-01
4.650475453536039305e-01
3.731418272299095729e-01
2.916478393401470415e-01
6.806166371434220208e-01
6.994625878514721951e-01
3.550022703569133409e-01
5.025391794937601464e-01
5.332217911976326885e-01
2.821521195975102980e-01
4.424752326690626902e-01
1.292369540858573362e-01
4.363019944434831654e-01
6.690622632934404290e-01
3.603182036939850952e-01
5.041376231490630744e-01
6.289884605577800158e-01
0.000000000000000000e+00
