2.915667934912867798e-01
2.980594973570783734e-01
2.981361777125771662e-01
3.047116263208487497e-01
1.887421411244068481e-01
2.930843739814966709e-01
6.720326509887044608e-01
4.296860910327661154e-01
5.796327802323932854e-01
4.663801493123684305e-01
3.173739858418638815e-01
6.339206590980409617e-01
5.014860909211404927e-01
2.894698432762554119e-01
2.301823950836879296e-01
1.439666184259000836e-01
4.036117507119952319e-01
1.848136147502309479e-01
6.090972769018226929e-01
7.667590145215413822e-02
5.593350157514143106e-01
3.006349695296466895e-01
6.773806575136479546e-01
6.957189779586316902e-01
5.000354500516928091e-01
3.292987260137132388e-01
0.000000000000000000e+00
9.018529656041469889e-02
9.026626567886744668e-02
8.616841761471884242e-02
9.458720612356477653e-02
5.944055944055944007e-02
8.974716262564021163e-02
2.973140009499274372e-01
2.218293342955078573e-01
2.104694155549308721e-01
2.456563081855565323e-01
1.791975991154635683e-01
2.313037984679775227e-01
4.027925061859313760e-01
1.420418516169942857e-01
1.903642773207990802e-01
1.702200203692627034e-01
2.596164756609553592e-01
1.488785080055628485e-01
2.671108751134786963e-01
1.491596638655461882e-01
2.993197278911564618e-01
1.752808150166063617e-01
1.964025279533300750e-01
6.843620083146786381e-01
4.212187424132070590e-01
1.801225686117772784e-01
0.000000000000000000e+00
6.557377049180328210e-02
6.621392190152801394e-02
6.249999999999999306e-02
6.790945406125166450e-02
6.250000000000000000e-02
6.901647975910278621e-02
3.095238095238094789e-01
0.000000000000000000e+00
0.000000000000000000e+00
0.000000000000000000e+00
0.000000000000000000e+00
2.068604346687614726e-01
0.000000000000000000e+00
0.000000000000000000e+00
0.000000000000000000e+00
1.692892023874118523e-01
1.347150259067357581e-01
0.000000000000000000e+00
0.000000000000000000e+00
0.000000000000000000e+00
0.000000000000000000e+00
2.343750000000000000e-01
2.112299465240641827e-01
3.692307692307692513e-01
0.000000000000000000e+00
0.000000000000000000e+00
0.000000000000000000e+00
2.773387680683270795e-01
2.831298216153555480e-01
2.791726481718635466e-01
2.785819748936125828e-01
2.155292928019588439e-01
2.765199391821412389e-01
5.497939590669962406e-01
4.973621503640160424e-01
4.426845404018917018e-01
3.930817754535359532e-01
3.126068550512953736e-01
4.193279747469104146e-01
5.483114191058985343e-01
3.500317204400891780e-01
4.925127909796278569e-01
2.905229042740682943e-01
4.451880333818342139e-01
4.593158128978744870e-01
5.164558321771679505e-01
2.507006958033910493e-01
3.071053424511296925e-01
3.468271377027922209e-01
5.980606514461699330e-01
6.961238743700327580e-01
4.805560499883265169e-01
4.410678941625056360e-01
0.000000000000000000e+00
7.691679227365731675e-02
8.016249588794305270e-02
7.793736748729113151e-02
7.760791673562539295e-02
4.645287605571250811e-02
7.646327676529508788e-02
3.022733974265619517e-01
2.473691086147181140e-01
1.959696023108340457e-01
1.545132821937040823e-01
9.772304582506158299e-02
1.758359504053454980e-01
3.006454123219243213e-01
1.225222053142487194e-01
2.425688492785425254e-01
8.440355790783944656e-02
1.981923850663851738e-01
2.109710159780352479e-01
2.667266265898110000e-01
6.285083887630442401e-02
9.431369136202562287e-02
1.202890634471115855e-01
3.576765428082172571e-01
4.845884484679451876e-01
2.309341171803829806e-01
1.945408872609473427e-01
0.000000000000000000e+00
1.692067213755373556e-01
1.573820395738204092e-01
1.696000000000000285e-01
1.767241379310344751e-01
2.142857142857142461e-01
1.678251376381140192e-01
7.046630236794171331e-01
3.703703703703703498e-01
7.124044253938832671e-01
5.076507618296012270e-01
2.874882519515521428e-01
7.407372847998012766e-01
5.106547719239185046e-01
3.028611239432282276e-01
1.765671229354286997e-01
2.250445863798942181e-01
3.682113405823542740e-01
1.523165393734569328e-01
6.852702225362063970e-01
9.875872066684787676e-02
6.642254383602254064e-01
3.447111236930441303e-01
7.772020725388599782e-01
6.254940562394399883e-01
6.860025220680958657e-01
3.175865640722108085e-01
0.000000000000000000e+00
