3.277270262124084566e-01
3.346566481289416362e-01
3.182687766651458583e-01
3.459854396214824268e-01
3.456132228799952411e-01
3.281266201851162911e-01
4.765635582708060425e-01
6.115094679136372502e-01
2.745486105829356704e-01
5.092427455824404259e-01
3.673767114270599099e-01
2.392185795178698449e-01
8.428708996341529591e-01
5.491904109988068328e-01
3.122567610851737507e-01
3.644853521158145648e-01
5.461619792428833442e-01
3.395884016554118756e-01
4.960356587559323627e-01
3.737258294538798320e-01
5.537253668011077323e-01
5.626150757887593556e-01
3.423049269781500703e-01
4.364314796705003330e-01
3.888683467692962692e-01
3.664260047375235141e-01
0.000000000000000000e+00
8.594667354010940286e-02
8.684808919533484883e-02
8.295683414076533702e-02
9.250956806998358872e-02
6.993006993006992134e-02
8.646727521584839093e-02
2.271981684547034475e-01
1.507193920911863438e-01
6.531503312260625305e-02
1.835540633646474407e-01
1.803651700982296102e-01
8.877889972417335462e-02
3.248716302952502355e-01
1.950677365305761857e-01
1.729554229554229883e-01
2.984139964879949924e-01
1.389269983392302787e-01
3.255942337747159132e-01
2.573407773167606383e-01
1.785990712074302933e-01
1.619137721313691214e-01
1.467758150222605029e-01
4.381161007667029594e-02
2.707136997538966972e-01
1.181407190147175656e-01
1.062873027552939387e-01
0.000000000000000000e+00
1.406193078324226020e-01
1.429918883229579218e-01
1.361607142857142738e-01
1.438082556591211980e-01
1.250000000000000000e-01
1.401703503448331611e-01
1.561561561561561340e-01
5.968109339407744462e-01
2.375939849624059963e-01
9.009009009009008029e-01
1.678809957498482164e-01
5.106186518928901297e-01
2.288907284768211814e-01
4.603218645948946031e-01
0.000000000000000000e+00
4.759725400457666122e-01
2.736842105263158076e-01
0.000000000000000000e+00
1.196969696969696906e-01
1.916146916146916068e-01
6.221804511278195005e-01
4.035596026490066435e-01
3.424148606811145412e-01
5.441295546558704288e-01
0.000000000000000000e+00
3.959899749373433364e-01
0.000000000000000000e+00
2.670621152747600369e-01
2.720458278843945199e-01
2.629223344640762017e-01
2.764534439486008854e-01
2.669833195997103892e-01
2.672694415111436794e-01
6.944063945902969603e-01
4.382270573669594382e-01
3.236448574017180557e-01
2.414741312088821701e-01
3.853798287467896655e-01
2.218534266088051932e-01
5.527827010874383218e-01
4.699498534998514110e-01
4.456923209185063017e-01
3.104089370057897534e-01
3.475613309165254683e-01
8.047180123459185541e-01
6.984223770721935676e-01
3.273815862176006619e-01
1.691557514697831777e-01
3.849487368750890148e-01
3.035474018519792039e-01
3.895753530513803020e-01
3.143094181487931515e-01
2.687106529699727631e-01
0.000000000000000000e+00
7.132217341502920804e-02
7.400893246930558000e-02
6.912815396003955948e-02
7.642650667104224083e-02
7.128009294448109379e-02
7.143295436567866086e-02
4.822002408478950897e-01
1.920429538085043353e-01
1.047459937225784232e-01
5.830975604308444998e-02
1.485176124049049085e-01
4.921894289806848927e-02
3.055687146215241845e-01
2.208528648045318121e-01
1.986416449257247807e-01
9.635370817306432301e-02
1.207988787484665233e-01
6.475710793939659649e-01
4.877938167951733628e-01
1.071787029943523373e-01
2.861366825530705163e-02
1.481855300217265192e-01
9.214102517108695156e-02
1.517689557051076499e-01
9.879041033703292451e-02
7.220541501954914898e-02
0.000000000000000000e+00
2.241109808518953195e-01
2.242516489091831988e-01
2.196000000000000174e-01
2.349137931034482873e-01
3.571428571428571508e-01
2.278169476272423610e-01
4.787937055754138971e-01
4.846729846729846969e-01
4.797681074408048363e-01
5.519153224206860830e-01
3.272958408907280514e-01
2.333823686674447173e-01
7.270345414923728988e-01
5.493694505211684787e-01
2.760404852698559730e-01
4.794942134819941693e-01
5.227168765765021208e-01
2.548512055301861423e-01
4.118757322335198090e-01
3.722922528533665898e-01
6.716755332937641709e-01
7.361192941121379452e-01
5.253588516746412473e-01
3.643583633700059887e-01
6.160047540547972655e-01
3.151150542245338415e-01
0.000000000000000000e+00
