3.649792907747586579e-01
3.650258404782900090e-01
3.608150762966698677e-01
3.547152767793476658e-01
2.462218544822143973e-01
3.614616204612218775e-01
2.574810197540403078e-01
2.163205061049164324e-01
5.834301423087031591e-01
6.285653194380202979e-01
4.544924539457448343e-01
3.299042157347452653e-01
3.325765373052195772e-01
6.498598362413743335e-01
6.762604600723056691e-01
2.081042830398285304e-01
6.203280261041048682e-01
5.471560854774917271e-01
1.705979556297947397e-01
3.759069941972192352e-01
1.849759445060286389e-01
3.366502101908161459e-01
5.194369781640578720e-01
5.095881156483136332e-01
3.373098504831817390e-01
6.815422860125579518e-01
0.000000000000000000e+00
2.056018558295386045e-01
2.086848089195334766e-01
1.968319634206085744e-01
2.170585019136140048e-01
1.258741258741258862e-01
2.055008195787516312e-01
2.060183477746489189e-01
1.156319257993654037e-01
2.636047167604606556e-01
4.097398265510340254e-01
2.194689033515470067e-01
1.575093962501900868e-01
2.108542887754458195e-01
2.490177842731603475e-01
5.055984555984557316e-01
1.989732460473043751e-01
3.959768734876331631e-01
2.068252326783867057e-01
1.135293394021404806e-01
1.957720588235293824e-01
2.237695078031212426e-01
2.759469488225136935e-01
2.002238527546325586e-01
4.870557261956999229e-01
2.225915381050121988e-01
3.456790123456790487e-01
0.000000000000000000e+00
6.520947176684881164e-02
6.168647425014148200e-02
5.952380952380952744e-02
5.725699067909453821e-02
6.250000000000000000e-02
6.298094783899148286e-02
9.737827715355804048e-02
0.000000000000000000e+00
1.224806201550387441e-01
3.100775193798449569e-01
0.000000000000000000e+00
0.000000000000000000e+00
0.000000000000000000e+00
3.782489740082079499e-01
4.326923076923077094e-01
2.219061166429587839e-01
2.231759656652360646e-01
0.000000000000000000e+00
0.000000000000000000e+00
0.000000000000000000e+00
0.000000000000000000e+00
0.000000000000000000e+00
0.000000000000000000e+00
1.614123581336696089e-01
0.000000000000000000e+00
2.041343669250645920e-01
0.000000000000000000e+00
4.551478531148849815e-01
4.559169259094581483e-01
4.500210486672380217e-01
4.506010792321214486e-01
3.176069659881239349e-01
4.517750050457143840e-01
4.632302114223699752e-01
3.094330814418793096e-01
4.011768789327488371e-01
5.775125765601636374e-01
4.596050747060517749e-01
4.623917107615627131e-01
4.229892949538771041e-01
4.308143968827685688e-01
6.817262818651338430e-01
3.268604243889442484e-01
6.133918445429488164e-01
5.572024552651078100e-01
3.771193528622507896e-01
3.478932021595929069e-01
2.136051360915388053e-01
4.496430384807786895e-01
5.536329569149106566e-01
5.599649573768513688e-01
4.215223369197605430e-01
6.057526368976147157e-01
0.000000000000000000e+00
2.071595681950889056e-01
2.078602433307303043e-01
2.025189442435606502e-01
2.030413326051526413e-01
1.008741848441813138e-01
2.041006551840552907e-01
2.145822287744135470e-01
9.574883189061672573e-02
1.609428881902213726e-01
3.335207760851590097e-01
2.112368246955554085e-01
2.138060941810046023e-01
1.789199436455780057e-01
1.856010445614636184e-01
4.647507233856597586e-01
1.068377370317207392e-01
3.762495549518010129e-01
3.104745761534644655e-01
1.422190063032428009e-01
1.210296801088554114e-01
4.562715416468481056e-02
2.021788620542270543e-01
3.065094509823473867e-01
3.135607534900590743e-01
1.776810805222961143e-01
3.669362571084135438e-01
0.000000000000000000e+00
2.090660414224306540e-01
2.089294774226281293e-01
2.128000000000000447e-01
1.867816091954022650e-01
2.857142857142856984e-01
2.051425789198752514e-01
2.544705789181911371e-01
1.476014760147601468e-01
6.678864527192551748e-01
6.375812637764770585e-01
3.652224290093946113e-01
4.102780500594607749e-01
3.550554249244205485e-01
6.861344356428871194e-01
6.745521629778481465e-01
2.735635340152398065e-01
5.099689043351016693e-01
5.300042592618720017e-01
2.025172011563234620e-01
3.716446593515590480e-01
1.717104695198209408e-01
3.825918556318139707e-01
7.012987012987013102e-01
5.054031605401032579e-01
4.640605296343001118e-01
6.902720269619644355e-01
0.000000000000000000e+00
