2.295701723904142455e-01
2.337171265461271963e-01
2.314386793921169583e-01
2.180019489355646267e-01
1.313425574785292982e-01
2.279008311953459598e-01
2.857606832798528229e-01
2.756501317040890853e-01
4.140005298779918519e-01
8.449494500888845572e-01
4.012420318247822970e-01
2.560704249527183674e-01
3.067068594373230650e-01
7.616295444944017889e-01
6.236282769675217663e-01
2.449142121902824210e-01
6.069350397349961845e-01
6.513549324275931252e-01
1.342324843141213253e-01
2.846897524086908216e-01
1.793172045200534248e-01
3.940021001304063186e-01
4.785182603575229843e-01
4.552168025514183869e-01
2.207898470675628555e-01
5.350560333520053558e-01
0.000000000000000000e+00
2.132485608729272064e-01
2.287244186899435316e-01
2.172990038647868993e-01
2.227446692181520027e-01
1.083916083916083989e-01
2.159006319502755344e-01
2.823332551218247222e-01
2.121853388658367923e-01
1.632160071445406535e-01
5.959528574605292839e-01
2.055391395803075061e-01
2.213162582150973445e-01
2.836720867208671337e-01
3.898068991888127277e-01
3.544401544401545312e-01
2.382956582250802535e-01
5.915125382956994970e-01
3.748707342295759526e-01
1.979161028416779877e-01
2.459700226244344035e-01
2.540464461646727568e-01
2.789187291556959325e-01
1.231278664814356577e-01
3.848063555114201728e-01
3.276961611568045551e-01
2.426194310252281494e-01
0.000000000000000000e+00
2.040072859744990544e-02
1.886436521411054626e-02
2.455357142857142461e-02
1.864181091877496754e-02
6.250000000000000000e-02
2.112862111334640192e-02
0.000000000000000000e+00
0.000000000000000000e+00
0.000000000000000000e+00
0.000000000000000000e+00
0.000000000000000000e+00
0.000000000000000000e+00
0.000000000000000000e+00
3.049632352941176738e-01
0.000000000000000000e+00
1.710526315789473728e-01
1.969696969696969613e-01
0.000000000000000000e+00
0.000000000000000000e+00
0.000000000000000000e+00
0.000000000000000000e+00
0.000000000000000000e+00
0.000000000000000000e+00
1.406593406593406870e-01
0.000000000000000000e+00
0.000000000000000000e+00
0.000000000000000000e+00
3.143204835547893095e-01
3.310760257061853284e-01
3.220004695835541608e-01
3.102782257091181162e-01
2.169612890428395946e-01
3.145472572235019637e-01
5.057984481051106540e-01
4.249364614947530594e-01
4.300233124470800306e-01
7.004493774957630814e-01
4.238953215308192135e-01
4.376340939221675108e-01
4.728397063985958493e-01
5.869328055947575784e-01
5.789648211834590441e-01
3.405477590908724816e-01
6.381480071101794938e-01
7.170922277056355210e-01
3.956688171462048875e-01
3.741737824555238512e-01
1.955730211407100683e-01
4.573344004978316391e-01
5.206946736453516023e-01
5.022374760476886468e-01
4.833780717450487097e-01
5.640708883233163107e-01
0.000000000000000000e+00
9.879736638211658595e-02
1.096113347974026625e-01
1.036843024120294027e-01
9.627257734919845988e-02
4.707220094313058906e-02
9.893997702682792716e-02
2.558320701055382118e-01
1.805709963076816971e-01
1.849200492479589897e-01
4.906293304342020378e-01
1.796872436157165576e-01
1.915236001630764850e-01
2.235773879471102954e-01
3.444901182833335351e-01
3.352002641679944772e-01
1.159727762218149411e-01
4.072328789786936465e-01
5.142212630358310443e-01
1.565538128618769176e-01
1.400060194770736954e-01
3.824880659810463157e-02
2.091547538787110749e-01
2.711229431626392405e-01
2.522424823467526167e-01
2.336543602439614675e-01
3.181759670538552576e-01
0.000000000000000000e+00
1.670574443141852605e-01
1.659056316590563074e-01
1.716000000000000303e-01
1.501436781609195303e-01
1.428571428571428492e-01
1.660547447658899389e-01
2.975549166734632323e-01
1.449751152315793545e-01
5.269497863247862846e-01
8.104499391775591421e-01
4.303509659483929495e-01
2.517639069031831212e-01
3.975276009637860875e-01
7.251839162090220059e-01
5.940687230434165134e-01
3.821168348101064982e-01
5.246249695844816818e-01
5.526782997356142202e-01
1.893614061394644221e-01
2.847408957558829612e-01
1.651927426621042083e-01
4.216373288364142491e-01
6.585610708310094541e-01
4.165745391040361345e-01
2.858944334354170391e-01
5.584865591397849549e-01
0.000000000000000000e+00
