2.406681030862303505e-01
2.423482470987940451e-01
2.387083458341046349e-01
2.445012260491898903e-01
1.443036229082241273e-01
2.390488849357030043e-01
5.230796391079948204e-01
2.825860154748404685e-01
5.970877625053101490e-01
5.747713848406270642e-01
3.474387123580054415e-01
5.815569272575965565e-01
5.620887611566625086e-01
4.722001513439502141e-01
2.809568549827103912e-01
1.696060358714438498e-01
5.240347770082984802e-01
2.513079295897691634e-01
6.437180478336915757e-01
3.149949880283718362e-01
4.882885243389882834e-01
2.016766086316011397e-01
4.891533816318880401e-01
5.810992677586329647e-01
5.304751568311372178e-01
3.719029245593656885e-01
0.000000000000000000e+00
8.964114901051063733e-02
9.440328614391549356e-02
8.910783299765935583e-02
8.737014762165118409e-02
4.895104895104894493e-02
8.874728166139914110e-02
2.805841420275574372e-01
1.416088268577895271e-01
1.938646339282028563e-01
3.778041082114445004e-01
2.341795781220832873e-01
4.699298723125775457e-01
3.053070229194753682e-01
2.882321437265690234e-01
2.710424710424710892e-01
2.419965911359297506e-01
5.272745906889748646e-01
1.969402031753756388e-01
2.877471735998952118e-01
2.059685202205882026e-01
3.077551020408163529e-01
1.422168338293103851e-01
1.360261668656871370e-01
3.660377358490567445e-01
1.969410050983248506e-01
2.139917695473251280e-01
0.000000000000000000e+00
2.914389799635701619e-02
3.018298434257686916e-02
3.273809523809523975e-02
2.663115845539280879e-02
6.250000000000000000e-02
3.034933471961476920e-02
9.737827715355804048e-02
0.000000000000000000e+00
0.000000000000000000e+00
0.000000000000000000e+00
0.000000000000000000e+00
0.000000000000000000e+00
0.000000000000000000e+00
0.000000000000000000e+00
0.000000000000000000e+00
1.609907120743034048e-01
1.843971631205673645e-01
0.000000000000000000e+00
0.000000000000000000e+00
0.000000000000000000e+00
0.000000000000000000e+00
0.000000000000000000e+00
0.000000000000000000e+00
2.735042735042735318e-01
0.000000000000000000e+00
0.000000000000000000e+00
0.000000000000000000e+00
2.477912559863506281e-01
2.502799672728512337e-01
2.437722733217954074e-01
2.438520752823265247e-01
1.956488384117633650e-01
2.450438366812630053e-01
5.664733856743763285e-01
4.089889170873706736e-01
4.181417398559830190e-01
4.727506779435222684e-01
3.935171609481135091e-01
5.566843025958171376e-01
5.718230073897007104e-01
4.447072219913261182e-01
4.947963323785097289e-01
3.122653625996515969e-01
5.946345069954517282e-01
4.573335409538152874e-01
6.290644540920791172e-01
3.788033534757915266e-01
2.637867227691380045e-01
3.809591376589602785e-01
4.534068032320345831e-01
4.554565706302116657e-01
4.164354001520886306e-01
4.909738046480111584e-01
0.000000000000000000e+00
6.140050654329315405e-02
6.264006201809947660e-02
5.942492124047613761e-02
5.946383461949746041e-02
3.827846797187229450e-02
6.004648189547349968e-02
3.208920966773907146e-01
1.672719343003001569e-01
1.748425146097885574e-01
2.234932034960599168e-01
1.548557559606634493e-01
3.098974127565912728e-01
3.269815517802017180e-01
1.977645132912425885e-01
2.448234105352246059e-01
9.750965667949189342e-02
3.535901969097239306e-01
2.091539676813550241e-01
3.957220874021655788e-01
1.434919806045054647e-01
6.958343510928205466e-02
1.451298645658586906e-01
2.055777292170929693e-01
2.074406877302330254e-01
1.734184424998301832e-01
2.410552768505435095e-01
0.000000000000000000e+00
1.606096131301289753e-01
1.565702688990360247e-01
1.744000000000000550e-01
1.594827586206896686e-01
2.142857142857142461e-01
1.614905343821675943e-01
5.605115684222764516e-01
0.000000000000000000e+00
6.702332242225856884e-01
5.855338136722749720e-01
3.430599189546054140e-01
6.339332103272301566e-01
6.047058823529412042e-01
4.889002135785573966e-01
2.621221720267181698e-01
3.061618435139759065e-01
4.758753509525025516e-01
2.175950562477955985e-01
6.789417008915157314e-01
2.888692579505300340e-01
6.008501855625301147e-01
2.478501467875606767e-01
6.638297872340425121e-01
5.406256530381154946e-01
7.734342160571668900e-01
3.068744551002616228e-01
0.000000000000000000e+00
