2.927830217955849079e-01
2.970150748481067970e-01
2.862416963946633475e-01
3.086797341198784239e-01
4.001777410037769545e-01
2.927810878887512347e-01
7.877957090345464319e-01
7.482110954084386645e-01
2.758303469841345557e-01
1.374208642189372886e-01
3.323923780165868869e-01
5.253547451976370297e-01
4.209205544503595298e-01
3.521116850186282732e-01
2.685698776536233900e-01
1.293998545783008325e-01
4.545732526080648594e-01
1.425322191744979872e-01
6.408606730855600508e-01
4.529939118502612216e-01
5.381318547719996515e-01
5.419224245239473436e-01
5.063005855318449822e-01
5.770575325901525776e-01
5.456956349396306916e-01
4.687340431854295497e-01
0.000000000000000000e+00
3.336483661253830668e-02
3.272940658695812355e-02
3.706929399597191921e-02
3.597594313832695734e-02
8.041958041958041647e-02
3.493731510081898861e-02
3.127678229620756145e-01
1.618938591192228271e-01
4.656159501042683724e-02
4.383874964261888496e-02
8.309935884004526763e-02
1.514034764449357640e-01
2.105801253795669958e-01
8.600223964165733259e-02
7.041033532680313067e-02
2.329917049545895402e-01
9.566781821487697901e-02
8.249562532547827232e-02
1.755869592511474231e-01
2.610294117647058987e-01
2.760726337779206840e-01
1.511321748288572686e-01
1.247771836007129792e-01
2.167617376042123845e-01
1.772557123257507694e-01
1.314339981006648062e-01
0.000000000000000000e+00
1.245901639344262207e-01
1.362007168458781170e-01
1.406250000000000000e-01
1.331557922769640578e-01
1.875000000000000000e-01
1.290152608987077953e-01
8.188976377952754682e-01
0.000000000000000000e+00
2.939534883720930081e-01
2.222222222222222376e-01
1.233824185631414577e-01
4.264507422402160075e-01
0.000000000000000000e+00
3.753393665158371584e-01
2.362204724409448786e-01
2.736842105263158076e-01
3.102625298329355630e-01
2.592835708927231919e-01
3.511111111111110961e-01
2.562557924003707188e-01
7.697674418604650848e-01
4.534883720930232287e-01
0.000000000000000000e+00
7.049752157150724896e-01
0.000000000000000000e+00
2.925925925925925708e-01
0.000000000000000000e+00
1.777406649276406791e-01
1.782136876654321911e-01
1.803585675413680867e-01
1.823344435707645872e-01
3.218529769347505121e-01
1.794986586559792763e-01
5.941782730518677669e-01
5.515547787417909298e-01
3.059182219197854047e-01
2.248473783820027772e-01
3.892403152565840907e-01
3.837878932901053197e-01
5.076115918103359936e-01
2.802441773593056240e-01
2.780942279397016770e-01
4.651534082300061157e-01
2.745944717115012534e-01
2.953993415069525730e-01
4.520776746148279512e-01
4.670681561616445987e-01
2.782474700253271260e-01
3.636963167953837783e-01
6.446702808578844701e-01
3.604791552629790230e-01
4.514334487093331072e-01
3.405063201229844849e-01
0.000000000000000000e+00
3.159174396891983871e-02
3.176011847131221533e-02
3.252921288557423379e-02
3.324584931226033657e-02
1.035893387617610600e-01
3.221976845929577088e-02
3.530478201668998950e-01
3.042126739529059654e-01
9.358595850256304360e-02
5.055634356525953027e-02
1.515080230210449630e-01
1.472931470360572537e-01
2.576695281402231474e-01
7.853679894379393678e-02
7.733639961337872293e-02
2.163676931879906784e-01
7.540212389451847463e-02
8.726077096274119371e-02
2.043742238851502802e-01
2.181526625002384590e-01
7.742165457549529672e-02
1.322750108505281741e-01
4.155997710213835683e-01
1.299452213791109922e-01
2.037921586136020868e-01
1.159445540436964267e-01
0.000000000000000000e+00
2.239155920281360179e-01
2.330796549974632481e-01
2.120000000000000218e-01
2.313218390804597790e-01
6.428571428571427937e-01
2.230893798197128852e-01
8.272777963644474264e-01
6.299212598425196763e-01
3.199980433810376002e-01
2.390106699664659440e-01
3.137425828191363619e-01
6.435456914913137982e-01
3.851878354203935872e-01
3.593122051601445599e-01
3.277041518803417430e-01
7.851611080157283595e-02
4.464456027503604929e-01
1.013540233881484731e-01
7.365459653503981796e-01
2.418440299120716008e-01
4.519565193510773904e-01
5.693585701304608726e-01
7.559055118110236116e-01
6.840917952431349036e-01
9.102725773595887748e-01
4.034099568199137065e-01
0.000000000000000000e+00
