5.789881911755810906e-01
5.810569924693811394e-01
5.633019555107300347e-01
5.848854383144467262e-01
4.192753223471005763e-01
5.733885846374512374e-01
3.618761084562215902e-01
4.847980252765985432e-01
5.720049580904369435e-01
2.206340116301960808e-01
4.275135719549940094e-01
4.364117627868645544e-01
1.613877945391389290e-01
5.272346590688428147e-01
2.491462999499690079e-01
2.789897287347826715e-01
1.654758391708309739e-01
5.328814457921979830e-01
6.813088341882819199e-01
1.216330206291144633e-01
4.714634511375324077e-01
8.012755298694416162e-01
5.872456343735732442e-01
5.503221306303083260e-01
3.528787212393704742e-01
5.286673239895655074e-01
0.000000000000000000e+00
6.306383709940716065e-02
6.224602068510232122e-02
5.829840509498665502e-02
6.353198469108803370e-02
5.244755244755244794e-02
6.224266027508240651e-02
1.232954758062277112e-01
5.396456743092632735e-02
3.947549412224207743e-02
4.938901247020197061e-02
6.888848785769680072e-02
6.300312016412362714e-02
3.172855956588067905e-02
1.137163422023497600e-01
3.840682788051208441e-02
8.278818870472826053e-02
7.012987717105789720e-03
1.739742323751467534e-01
1.236181317890355374e-01
1.668233082706765957e-02
1.136264482039846813e-01
1.138449127760411406e-01
8.121909050701618671e-02
1.390268123138033995e-01
6.223001108933226555e-02
9.419078619395326868e-02
0.000000000000000000e+00
2.051001821493624866e-01
2.195812110922467364e-01
2.291666666666666574e-01
2.157123834886817693e-01
2.500000000000000000e-01
2.130768230879395153e-01
4.528899445764053566e-01
6.223277909738718083e-01
8.315789473684209732e-01
7.294832826747720267e-01
3.079922027290448172e-01
7.294552169898430583e-01
0.000000000000000000e+00
7.337461300309597867e-01
5.471124620060789923e-01
6.435804475559445681e-01
2.370820668693008892e-01
8.050724082445789298e-01
7.549488054607508269e-01
3.992517721186663593e-01
8.710526315789474117e-01
9.553147268408550552e-01
8.049086528809477059e-01
8.419513977708752428e-01
0.000000000000000000e+00
7.919799498746866728e-01
0.000000000000000000e+00
2.597233511064314659e-01
2.557949218319455764e-01
2.372338261870158560e-01
2.560767596977408522e-01
2.905947796390703219e-01
2.534730658170373241e-01
3.971399100965691820e-01
1.966077511318189419e-01
1.479571276671937941e-01
1.034276460240220324e-01
3.193300801794882182e-01
1.449869248044104442e-01
2.941495441470030059e-01
2.326915666563944829e-01
1.004287147865312174e-01
9.422214887497280811e-02
1.061322775085038334e-01
3.356166504358814029e-01
2.449049462642675368e-01
1.321722296203209357e-01
1.197527433542173586e-01
1.456815223284069483e-01
3.185323716900265723e-01
1.800798206230008192e-01
3.012396724012303961e-01
1.441973629825439862e-01
0.000000000000000000e+00
6.745621910995469594e-02
6.543104203501111382e-02
5.627988828733125615e-02
6.557530685729454079e-02
8.444532595347983839e-02
6.424859509468813790e-02
1.577201081915110270e-01
3.865460780511124905e-02
2.189131162752628104e-02
1.069727796207040060e-02
1.019717001074383622e-01
2.102120836423976985e-02
8.652395432188966784e-02
5.414536519300727074e-02
1.008592675367443042e-02
8.877813338617542016e-03
1.126406032914206712e-02
1.126385360498006333e-01
5.997843270470376575e-02
1.746949828280684042e-02
1.434071954086105043e-02
2.122310594792213567e-02
1.014628718144732766e-01
3.242874179561214959e-02
9.074534022840062553e-02
2.079287949111954803e-02
0.000000000000000000e+00
6.473231731144978296e-01
6.459665144596651309e-01
6.495999999999999552e-01
6.515804597701149170e-01
4.642857142857142461e-01
6.470599457344879957e-01
3.433872763539167483e-01
6.047032474804031610e-01
6.431256095701578523e-01
2.839403451093462927e-01
4.727587801455999106e-01
5.540889980135510484e-01
2.407858208163197178e-01
5.301156827907336222e-01
2.628500784898495923e-01
3.979729495769177561e-01
2.360575756074137221e-01
4.299987780491619782e-01
7.236858736057253383e-01
1.004601836412921667e-01
5.414127249980253964e-01
8.963189640806068503e-01
7.005032163974903581e-01
5.721700347217710814e-01
6.625885771536347280e-01
5.881384911255773673e-01
0.000000000000000000e+00
