3.443935823581456557e-01
3.529946813253178606e-01
3.402421877952258589e-01
3.503795115151371875e-01
2.806043336663304189e-01
3.434525934211430931e-01
4.694722247233913959e-01
4.190529876175647650e-01
3.191728040333476901e-01
4.844612121631309276e-01
3.415062559693231026e-01
3.820707824385223272e-01
4.606372134408295849e-01
5.348283625941053776e-01
3.697437811319955747e-01
3.474893798298615000e-01
5.760745387824601771e-01
3.161072808731408279e-01
4.614373853136657377e-01
4.518395038820789966e-01
4.232855346138908459e-01
4.306370268296770276e-01
5.916130603804784505e-01
5.571022479365949076e-01
2.886860680649881994e-01
3.527354504996513818e-01
0.000000000000000000e+00
8.815190308445743084e-02
9.158659135920192707e-02
8.747482445158129283e-02
9.950792782941497716e-02
5.944055944055944007e-02
8.851583497181822469e-02
2.891878875182776198e-01
1.844588520055325254e-01
7.613137581353107697e-02
2.123217279988461048e-01
1.220939838089169227e-01
2.506345215380683111e-01
3.815210027100270351e-01
1.817309230523116437e-01
2.829564258135686683e-01
2.554223158444369202e-01
2.491794925592338283e-01
1.643309679183159178e-01
2.108085250338295191e-01
1.957720588235293824e-01
1.887755102040816479e-01
1.848341232227488362e-01
1.458434613514827394e-01
3.773584905660377631e-01
1.628342524191031260e-01
1.436072087413083620e-01
0.000000000000000000e+00
8.706739526411656771e-02
9.356725146198829890e-02
7.812500000000000000e-02
8.921438082556591709e-02
1.250000000000000000e-01
8.744785279559681712e-02
3.939393939393939226e-01
0.000000000000000000e+00
0.000000000000000000e+00
4.166666666666666297e-01
1.780998389694041784e-01
1.872925557136083663e-01
0.000000000000000000e+00
2.427568042142230209e-01
1.986754966887417095e-01
2.280701754385965063e-01
2.582781456953642252e-01
0.000000000000000000e+00
0.000000000000000000e+00
1.208479020979021101e-01
3.953924914675768232e-01
0.000000000000000000e+00
3.497786211258697708e-01
2.637362637362637430e-01
0.000000000000000000e+00
0.000000000000000000e+00
0.000000000000000000e+00
2.880186963283246082e-01
2.923240537313939180e-01
2.843614569902599420e-01
2.927047992985968294e-01
2.080962321771284707e-01
2.869594789711259475e-01
5.834832321931860966e-01
4.680503495812142756e-01
3.342012449321040135e-01
3.151278684508780903e-01
3.198830209649032863e-01
4.395197685170645907e-01
5.235752110305165186e-01
3.783470218043336608e-01
4.793071520777868466e-01
3.246470604502046386e-01
4.715190028817525802e-01
5.001142654510383201e-01
4.621971293615999565e-01
3.370739061223289590e-01
1.946364441507956178e-01
3.769492458211372021e-01
4.824169899625484481e-01
5.830498972674330593e-01
3.085567699802633790e-01
4.206217188172184374e-01
0.000000000000000000e+00
8.295476943466767450e-02
8.545335238995485638e-02
8.086143822162347727e-02
8.567609953243185417e-02
4.330404184631735098e-02
8.234574257138009556e-02
3.404526822506074302e-01
2.190711297430968096e-01
1.116904721141681739e-01
9.930557347439392113e-02
1.023251471016327629e-01
1.931776269172940097e-01
2.741310016056499044e-01
1.431464689082088959e-01
2.297353460329186192e-01
1.053957138589587950e-01
2.223301700786021740e-01
2.501142785076316821e-01
2.136261863901035563e-01
1.136188181885646464e-01
3.788334539166577503e-02
1.420907339251241686e-01
2.327261522045256381e-01
3.399471827035642213e-01
9.520728030065318814e-02
1.769226303407512024e-01
0.000000000000000000e+00
2.325127002735443982e-01
2.426179604261796130e-01
2.360000000000000431e-01
2.385057471264367956e-01
3.571428571428571508e-01
2.392042047696200657e-01
4.114004071573984511e-01
4.067796610169491234e-01
5.105326201102651229e-01
5.685448693807062526e-01
3.353714791984105936e-01
3.753837480306451702e-01
5.141928494041170250e-01
5.490652592418101552e-01
3.389775863843278447e-01
4.197942511939902754e-01
4.484613844202657296e-01
3.039534734401723171e-01
5.302554665512017040e-01
3.909947531855659242e-01
4.807012688002328948e-01
4.175945520210045947e-01
7.228915662650602370e-01
5.116662643816878298e-01
4.961653461498806705e-01
3.402350230414746268e-01
0.000000000000000000e+00
