2.174209710901034154e-01
2.219407249893549650e-01
2.170791797619835706e-01
2.273815809086169315e-01
2.035928477354389532e-01
2.181799337730917776e-01
5.971345886499770383e-01
5.797385217660694368e-01
3.972367354001977713e-01
5.589104779211366836e-01
3.072863913096822164e-01
5.356770250542191025e-01
4.656300571222788398e-01
4.849815059553517216e-01
2.843836385518010434e-01
3.126904960848747583e-01
5.791347401234367975e-01
2.062508793610856594e-01
4.443007364688594807e-01
4.304608208507265110e-01
5.110717086577581947e-01
3.758875297290649731e-01
3.663908666071599152e-01
4.831786418964757468e-01
5.351393394310326457e-01
3.331496169285552700e-01
0.000000000000000000e+00
1.046195263052381447e-01
1.038656201863126238e-01
1.031517064939306561e-01
1.089119737561509149e-01
7.692307692307691347e-02
1.051909177608591622e-01
4.528000968500061063e-01
1.804979253112033166e-01
1.957393673376721654e-01
4.501113950180624101e-01
3.321493978578167749e-01
2.661856554705741562e-01
2.427800024268899071e-01
3.860853231224939397e-01
4.000179581574930809e-01
5.485379248923853979e-01
3.745035742652899069e-01
1.858195449844881053e-01
2.482864965226421750e-01
2.785612379280069661e-01
2.746698679471788473e-01
2.340207506084283628e-01
1.581618780023565374e-01
5.542452830188679958e-01
2.868588076162730260e-01
2.735042735042735318e-01
0.000000000000000000e+00
3.679417122040072596e-02
4.055838521033766630e-02
3.422619047619047256e-02
2.796271637816245131e-02
6.250000000000000000e-02
3.417610271014498435e-02
2.222222222222222099e-01
0.000000000000000000e+00
0.000000000000000000e+00
0.000000000000000000e+00
0.000000000000000000e+00
2.165570175438596701e-01
0.000000000000000000e+00
0.000000000000000000e+00
0.000000000000000000e+00
0.000000000000000000e+00
1.220657276995305157e-01
0.000000000000000000e+00
0.000000000000000000e+00
0.000000000000000000e+00
0.000000000000000000e+00
0.000000000000000000e+00
0.000000000000000000e+00
2.914979757085019996e-01
0.000000000000000000e+00
0.000000000000000000e+00
0.000000000000000000e+00
2.410132410635170974e-01
2.444638561645756658e-01
2.406341781985866790e-01
2.415552649505035565e-01
2.233608694639349079e-01
2.402250656159980180e-01
6.696604666926736504e-01
4.494084181231581820e-01
3.938209201480746269e-01
5.360224781217307610e-01
4.407483947270861568e-01
4.080463591149551261e-01
4.309953935428016969e-01
4.674840970730814727e-01
5.110373794618843224e-01
4.451579695216172916e-01
5.324492508301919003e-01
4.606373271826992299e-01
5.025150137559277752e-01
3.940558041842534553e-01
2.508830536053180404e-01
4.422122699365031440e-01
4.297823150751857724e-01
5.137486114243654534e-01
4.436718062682785124e-01
4.738739011891206498e-01
0.000000000000000000e+00
5.808738236794099702e-02
5.976257697085432530e-02
5.790480771730918685e-02
5.834894602530797669e-02
4.989007800768497508e-02
5.770808215021053927e-02
4.484451406510492899e-01
2.019679262799593533e-01
1.550949171462761844e-01
2.873200970517613695e-01
1.942591474545032892e-01
1.665018311869708723e-01
1.857570292551144753e-01
2.185413810162342152e-01
2.611592032072698744e-01
1.981656178286091419e-01
2.835022047096327213e-01
2.121867471940211414e-01
2.525213390501203081e-01
1.552799768112987366e-01
6.294230658632887776e-02
1.955516916823947515e-01
1.847128383513862715e-01
2.639376357404636941e-01
1.968446716773569194e-01
2.245564742281964954e-01
0.000000000000000000e+00
1.301289566236811523e-01
1.316083206494165214e-01
1.431999999999999940e-01
1.364942528735632044e-01
2.142857142857142461e-01
1.364199390825733826e-01
6.111736399967375721e-01
4.973357015985790386e-01
4.806975776627218644e-01
5.941528714095308805e-01
2.670741701953285308e-01
6.806907544511668906e-01
5.587808417997097710e-01
4.849254150941789132e-01
2.714801132405432749e-01
4.106585632689805365e-01
5.191994069681246105e-01
2.036317371302900081e-01
4.994024087524134847e-01
4.365135453474676130e-01
5.747656281087594188e-01
4.200982047751422588e-01
5.517241379310344751e-01
4.508442097455008235e-01
7.810919805725843323e-01
2.207826668648729673e-01
0.000000000000000000e+00
