2.999021319338088798e-01
3.054974066077112416e-01
2.990949894022563171e-01
3.056980900601732887e-01
2.884290289523927520e-01
3.002330361251553947e-01
4.348412012795112580e-01
4.517806213597783671e-01
3.973658001046358468e-01
5.272256491312077298e-01
3.729178280775479748e-01
5.458033504127690616e-01
4.758480358542235833e-01
4.972771318156716802e-01
3.575161648900970768e-01
3.301600767573600326e-01
6.281544748313943050e-01
3.328044556741148186e-01
4.034510939064862578e-01
5.261281761978755522e-01
3.786932812106604818e-01
3.803016047065637673e-01
5.267553584778195130e-01
4.684717990525271158e-01
4.255756288178392799e-01
3.792010873133030424e-01
0.000000000000000000e+00
6.681559125927198639e-02
6.969852563632361608e-02
6.521147460671711249e-02
6.615636960087478702e-02
6.643356643356643221e-02
6.660417469781129696e-02
1.601663278757469999e-01
1.509958506224066688e-01
1.186547406777287428e-01
3.117840581577612236e-01
1.809976043805612278e-01
3.652543383301357638e-01
1.959454723857582681e-01
1.723457580120513755e-01
1.876447876447877028e-01
5.228302942419018606e-01
2.136616362192215735e-01
1.952358877438219453e-01
1.463464140730716956e-01
2.911481900452488891e-01
2.422787296736876594e-01
1.771226604546550232e-01
8.951406649616368283e-02
2.735849056603774088e-01
1.969410050983248506e-01
1.467063170226187430e-01
0.000000000000000000e+00
6.520947176684881164e-02
6.413884172797584826e-02
7.812500000000000000e-02
6.924101198402131396e-02
6.250000000000000000e-02
6.909479869172134581e-02
3.581267217630854094e-01
0.000000000000000000e+00
1.736263736263736202e-01
0.000000000000000000e+00
0.000000000000000000e+00
3.464912280701755165e-01
0.000000000000000000e+00
2.033088235294117918e-01
1.619870410367170444e-01
3.219814241486068096e-01
1.481481481481481677e-01
0.000000000000000000e+00
0.000000000000000000e+00
0.000000000000000000e+00
2.805084745762712051e-01
0.000000000000000000e+00
2.581699346405229023e-01
0.000000000000000000e+00
0.000000000000000000e+00
0.000000000000000000e+00
0.000000000000000000e+00
2.169299951484329192e-01
2.212263298919837640e-01
2.165790923395949641e-01
2.190853203975204611e-01
2.158534234349629710e-01
2.171327689988628296e-01
3.502829016191968958e-01
3.465193980610659086e-01
3.825178004891348071e-01
4.521731506483657181e-01
3.419680019166947971e-01
4.739474423901313682e-01
3.980177621903689955e-01
3.514022331977493807e-01
4.553791551028930629e-01
4.078858099770070744e-01
4.462270831568715956e-01
4.943855388521486982e-01
3.670600656444474308e-01
3.607792520356472021e-01
1.904153384668672289e-01
3.893973744218189870e-01
3.789819252239919889e-01
4.531413385100910296e-01
3.691379367588243920e-01
3.924015012632771637e-01
0.000000000000000000e+00
4.705862279509914065e-02
4.894108903747681344e-02
4.690650323864281601e-02
4.799837761368420247e-02
4.659270040859342377e-02
4.714663937311353026e-02
1.226981111667639485e-01
1.200756932326034337e-01
1.463198676910455187e-01
2.044605581672696293e-01
1.169421143348965547e-01
2.246261781481468378e-01
1.584181390190290695e-01
1.234835294963653879e-01
2.073701749022246743e-01
1.663708339805990977e-01
1.991186097426896340e-01
2.444170610261293952e-01
1.347330917909060621e-01
1.301616686994010452e-01
3.625800112345160808e-02
1.516303152066063031e-01
1.436272996464834639e-01
2.053370726667169410e-01
1.362628163545618332e-01
1.539789381936737811e-01
0.000000000000000000e+00
2.741305197342712718e-01
2.720446473871131476e-01
2.720000000000000195e-01
2.564655172413792816e-01
3.571428571428571508e-01
2.772121700965308189e-01
4.753919376628843452e-01
5.007836990595611049e-01
4.920504336053093675e-01
5.653516046318689536e-01
3.520751772819773473e-01
6.253770149831552327e-01
5.404375441072688524e-01
5.214816046766637125e-01
3.671804875501593624e-01
4.078988871228468316e-01
6.658618376928235882e-01
3.221244629659558711e-01
4.717851479119689051e-01
4.945145021908759486e-01
4.084272092355525352e-01
4.455740932950299493e-01
7.280683632265940730e-01
4.694564432899989703e-01
6.289789206096367824e-01
4.127415479361322137e-01
0.000000000000000000e+00
