2.327217223307395944e-01
2.308432988949363773e-01
2.278440821053024645e-01
2.168503051928531433e-01
1.741708612011307888e-01
2.286936687269809643e-01
1.790959520478996314e-01
3.134991505313249327e-01
4.036909309700007498e-01
6.806834629903975031e-01
6.815493353238943897e-01
3.104782866020414644e-01
2.780239831361433489e-01
7.158787561246403586e-01
6.648905774700436533e-01
3.698992853572901085e-01
6.714753647062683406e-01
6.115249881487743178e-01
7.798368252061349537e-02
2.298333217466618783e-01
1.507797485423193751e-01
1.986461298315105872e-01
4.837602943425129975e-01
4.700865735484323071e-01
4.453489748874021048e-01
7.043727438602612745e-01
0.000000000000000000e+00
7.305896841080275483e-02
7.549328834445830083e-02
7.588046377442708712e-02
7.676325861126298555e-02
5.244755244755244794e-02
7.413551460135113513e-02
1.217476085500941718e-01
1.639653617174815226e-01
1.163756530034719683e-01
4.005170113408940136e-01
4.544441185098269664e-01
2.547528060182180365e-01
2.630723149336756106e-01
5.364901615741480834e-01
3.474903474903475176e-01
6.194286639588701959e-01
3.317677936250301718e-01
3.950361944157186889e-01
7.849156043016879136e-02
1.245990251624728984e-01
2.225765306122448883e-01
1.407711028564109235e-01
1.575583670275205739e-01
3.773584905660377631e-01
2.533721777130371056e-01
3.136469803136470169e-01
0.000000000000000000e+00
2.877959927140255267e-02
2.716468590831918814e-02
1.860119047619047256e-02
1.597869507323568944e-02
6.250000000000000000e-02
2.352865959234777538e-02
0.000000000000000000e+00
0.000000000000000000e+00
0.000000000000000000e+00
0.000000000000000000e+00
2.068836513280957745e-01
0.000000000000000000e+00
0.000000000000000000e+00
2.541360294117647189e-01
0.000000000000000000e+00
2.488038277511961938e-01
1.092436974789915971e-01
0.000000000000000000e+00
0.000000000000000000e+00
0.000000000000000000e+00
0.000000000000000000e+00
0.000000000000000000e+00
0.000000000000000000e+00
0.000000000000000000e+00
0.000000000000000000e+00
0.000000000000000000e+00
0.000000000000000000e+00
2.498671045834018334e-01
2.508553210404587674e-01
2.514872595270432609e-01
2.438146246078990720e-01
2.304773631423693014e-01
2.493704786967634590e-01
4.293825884553073013e-01
4.719499873407689838e-01
4.411886539164831533e-01
6.317042227944078547e-01
6.605670669490572022e-01
4.938849875052233607e-01
4.884409586394050096e-01
8.157605099513981495e-01
6.779042120618395950e-01
5.145306856955893515e-01
5.160002125886768987e-01
8.664043298603104626e-01
3.335193723991355941e-01
3.324873543904774409e-01
1.976874254950265197e-01
4.315768168383005143e-01
5.520431863794665883e-01
6.161789696320522092e-01
4.822698223210620805e-01
6.487646251347622961e-01
0.000000000000000000e+00
6.243356995289266881e-02
6.292839209431161374e-02
6.324584170442243414e-02
5.944557117269075319e-02
5.311981492105957020e-02
6.218563564545295796e-02
1.843694072685797825e-01
2.227367905509519963e-01
1.946474283446383291e-01
3.990502250962869035e-01
4.363488499376801943e-01
2.439223808830345563e-01
2.385745700765809774e-01
6.654652095961649527e-01
4.595541207311835130e-01
2.647418265223733247e-01
2.662562193915596898e-01
7.506564628006937578e-01
1.112351717655132854e-01
1.105478408295789416e-01
3.908031819885165320e-02
1.862585488322800187e-01
3.047516796279945428e-01
3.796765226168175023e-01
2.325841815215888286e-01
4.208955388262488051e-01
0.000000000000000000e+00
1.340367330988667671e-01
1.287671232876712590e-01
1.408000000000000362e-01
1.077586206896551657e-01
1.428571428571428492e-01
1.298641982795541439e-01
1.933333333333333293e-01
8.333333333333332871e-02
6.080861909175161450e-01
7.309185304850832621e-01
6.157146645025992626e-01
4.226336418814400919e-01
2.869789428448646929e-01
6.317004989270323945e-01
7.078359868089920681e-01
3.657119229350827005e-01
6.524647887323944406e-01
5.702564475076636885e-01
1.384149783604089745e-01
3.220181891907548111e-01
1.453458585600860276e-01
3.132764277718546042e-01
6.000000000000000888e-01
4.322089768391928488e-01
5.887335077450076559e-01
7.744390522409363431e-01
0.000000000000000000e+00
