1.979534691757305620e-01
2.005319464297793952e-01
2.036606792658230136e-01
2.101144029740665831e-01
1.161274514632440469e-01
1.996497572932804665e-01
6.080766289324299745e-01
5.090186090437281985e-01
6.605546045413548395e-01
5.178800468943560720e-01
2.352647543044629197e-01
5.868757474956473041e-01
6.677376705366506737e-01
3.725804965620257980e-01
1.461840633045838889e-01
1.612782249789590505e-01
4.184102610774675379e-01
2.026371822043475657e-01
6.001130389343675153e-01
2.940267334722456716e-01
5.666455047052962879e-01
3.078603384525075426e-01
6.143400589455426664e-01
6.216151863534187250e-01
6.530739297029316548e-01
2.537966915925894407e-01
0.000000000000000000e+00
1.293639201535068672e-01
1.343211325460280103e-01
1.353764084698710068e-01
1.408419901585565848e-01
6.993006993006992134e-02
1.320210872509795241e-01
5.518612223482048940e-01
3.847057015521745948e-01
1.816295316769295787e-01
3.894986037889567321e-01
1.741152313081290037e-01
4.852370093974570642e-01
5.569105691056910334e-01
2.661974084146536690e-01
1.526651905798825370e-01
3.763747014452076267e-01
3.773860462732839260e-01
1.694817878892335705e-01
1.979161028416779877e-01
2.175245098039215730e-01
3.265306122448979886e-01
2.257685693914356917e-01
2.485415653864851415e-01
5.782105903834449112e-01
2.788572234100039626e-01
1.880533732385584467e-01
0.000000000000000000e+00
3.934426229508196371e-02
3.942652329749103679e-02
3.348214285714285615e-02
3.328894806924101446e-02
6.250000000000000000e-02
3.693007262760329701e-02
1.805555555555555247e-01
0.000000000000000000e+00
0.000000000000000000e+00
0.000000000000000000e+00
0.000000000000000000e+00
1.732456140350877583e-01
0.000000000000000000e+00
0.000000000000000000e+00
0.000000000000000000e+00
0.000000000000000000e+00
7.647058823529412352e-02
0.000000000000000000e+00
0.000000000000000000e+00
0.000000000000000000e+00
0.000000000000000000e+00
0.000000000000000000e+00
0.000000000000000000e+00
0.000000000000000000e+00
0.000000000000000000e+00
0.000000000000000000e+00
0.000000000000000000e+00
2.318245174969139899e-01
2.342501203745028238e-01
2.343872008903574722e-01
2.339365856791834897e-01
1.908207990268944720e-01
2.310478081022222796e-01
7.025772557924560013e-01
6.807283471097025362e-01
4.752432177845631878e-01
5.182222993382650245e-01
3.725772281992363322e-01
5.818553620824500339e-01
6.224046634471503969e-01
4.312727046280610543e-01
3.506434675444710658e-01
4.024275797462849580e-01
4.169576672841276421e-01
4.330759723247546433e-01
5.336201174139624248e-01
3.561912448111725915e-01
2.887379714974755429e-01
4.459335516899055607e-01
6.203126958384893586e-01
6.720610766567957084e-01
5.121617016028279235e-01
4.471756734914054121e-01
0.000000000000000000e+00
5.374260691267698092e-02
5.487311889546905158e-02
5.493735994121679012e-02
5.472632611923396867e-02
3.641257734126245038e-02
5.338308962884132786e-02
4.936148003568580078e-01
4.633910825587076454e-01
2.258561160502257081e-01
2.685543515314383622e-01
1.388137909726258057e-01
3.385556623840990098e-01
3.873875650807604987e-01
1.859961457572027743e-01
1.229508413316105081e-01
1.619479569404524977e-01
1.738536963070212993e-01
1.875547978050316200e-01
2.847504297088910841e-01
1.268722028801327062e-01
8.336961618447696898e-02
1.988567325227737492e-01
3.847878406184142563e-01
4.516660907570915207e-01
2.623096085887041129e-01
1.999660829624921032e-01
0.000000000000000000e+00
1.082454083626416819e-01
1.096905124302384599e-01
1.208000000000000046e-01
1.149425287356321823e-01
1.428571428571428492e-01
1.125093322517349143e-01
6.395536147944462790e-01
3.062831806779067745e-01
6.955994653970034580e-01
5.026789945422511785e-01
2.100848586258708128e-01
6.880990926110632788e-01
6.282051282051281937e-01
4.059275418032255445e-01
1.418309796084039065e-01
1.743610728988636005e-01
3.711267605633803424e-01
2.124107499415418265e-01
7.054053938076152441e-01
2.574921444114695590e-01
6.503089136542544724e-01
3.903740741064974928e-01
7.533783783783782884e-01
6.068570679061859874e-01
8.695881318506225588e-01
1.906266927020361379e-01
0.000000000000000000e+00
