3.971622465650451739e-01
3.880092815970117570e-01
3.879694575609855534e-01
3.688466835155460033e-01
2.642243297624942699e-01
3.904139283794267890e-01
6.497192308678628736e-02
2.128839753102088062e-01
6.838026836430974864e-01
6.136393209211032929e-01
6.649404967898964181e-01
1.549921895746753098e-01
5.259336879023406297e-01
7.459928025314839228e-01
5.330467605019123534e-01
2.846293661142065279e-01
5.824577929165648538e-01
8.645673514339882182e-01
7.628814955203971904e-02
3.909505496472848729e-01
7.349311461828453296e-02
4.364840720995397105e-01
5.532441667852228129e-01
4.073508361627593555e-01
5.594057910988570193e-02
9.612111156157611136e-01
0.000000000000000000e+00
9.542629664633273112e-02
8.962077312403725349e-02
8.611398399651624957e-02
8.671405139420448882e-02
7.692307692307691347e-02
9.261235343469799430e-02
1.854582126634427008e-02
4.823741656142883222e-02
1.143364692949264128e-01
5.811593694041641278e-01
2.443905170804554494e-01
1.838430071862907356e-01
3.389779957582184089e-01
4.013437849944009317e-01
2.228731194248436132e-01
4.492908901993064030e-01
3.149324861000793452e-01
3.950361944157186889e-01
3.707035123354078532e-02
1.933187748783723459e-01
5.357142857142857539e-02
2.853080568720378629e-01
1.753045715894012702e-01
4.573420836751436180e-01
1.405098324836125401e-01
5.295870583226905959e-01
0.000000000000000000e+00
8.451730418943532996e-02
8.602150537634407901e-02
7.217261904761904101e-02
6.524633821571239334e-02
1.250000000000000000e-01
8.355998150210997011e-02
0.000000000000000000e+00
0.000000000000000000e+00
0.000000000000000000e+00
0.000000000000000000e+00
2.625830959164292544e-01
0.000000000000000000e+00
0.000000000000000000e+00
3.668730650154798933e-01
0.000000000000000000e+00
3.941052631578947918e-01
2.702702702702702853e-01
3.075639599555061166e-01
0.000000000000000000e+00
0.000000000000000000e+00
0.000000000000000000e+00
2.215909090909090884e-01
4.647058823529411908e-01
4.912841835918759781e-01
0.000000000000000000e+00
1.979949874686716682e-01
0.000000000000000000e+00
3.315688125962171218e-01
3.240836125201947415e-01
3.176405816469655141e-01
3.133421887367006109e-01
2.907833606019861739e-01
3.255694173231071797e-01
3.180239781428979007e-01
2.024086816194562433e-01
4.659147723684350373e-01
7.547843333832340296e-01
4.162602936162219103e-01
4.701274927793507308e-01
5.050618948554618237e-01
6.991220786577543311e-01
4.948618471675682584e-01
4.173740692747495151e-01
5.752969197210179297e-01
8.044344188352202663e-01
3.203182617051709702e-01
4.042436600701491134e-01
1.266738990256996988e-01
5.132731154246723548e-01
5.072211801983644852e-01
5.046022063924763268e-01
3.115828135375959262e-01
9.324692238911658215e-01
0.000000000000000000e+00
1.099378774864653296e-01
1.050301879041397185e-01
1.008955391090226028e-01
9.818332724230612041e-02
8.455496280298473166e-02
1.059954454961075238e-01
1.011392506738343910e-01
4.096927439492639711e-02
2.170765751111306263e-01
5.696993899207731804e-01
1.732726320414632593e-01
2.210198594669983974e-01
2.550875176349895468e-01
4.887716808667391111e-01
2.448882477820976122e-01
1.742011137029634005e-01
3.309665458404913441e-01
6.471147342067585795e-01
1.026037887818223859e-01
1.634129367069102889e-01
1.604627669437315787e-02
2.634492910177491098e-01
2.572733256418217596e-01
2.546233866961553627e-01
9.708384969200428705e-02
8.694988535041934252e-01
0.000000000000000000e+00
2.256740914419695654e-01
2.172501268391679452e-01
2.368000000000000105e-01
2.083333333333333148e-01
2.857142857142856984e-01
2.209142802340778311e-01
8.398911073214845868e-02
2.152019240404850486e-01
8.970067913054935449e-01
5.749706896119703980e-01
7.204939821245515130e-01
1.417258105955462866e-01
4.762000840689366021e-01
7.448642746731282127e-01
5.674758527551182485e-01
2.868506090789788576e-01
4.953469059727917401e-01
8.172502163309746104e-01
1.272023620111085440e-01
4.296691233463833526e-01
4.998361970322062753e-02
4.215296618504510429e-01
6.678088108263748879e-01
3.395495387646909058e-01
9.317938700032016297e-02
9.312749176894044023e-01
0.000000000000000000e+00
