2.698234860885339037e-01
2.767561522961004550e-01
2.713858648182756461e-01
2.848641413197832706e-01
2.623294977509724180e-01
2.722194662495995843e-01
4.534167518075525316e-01
5.676534802261484769e-01
3.619658057989407762e-01
5.060325701744430305e-01
3.511423105074321094e-01
4.262443641072274358e-01
4.889360527590683181e-01
5.156649436824209953e-01
3.574133112480647467e-01
2.287211755405065272e-01
6.225005550100992657e-01
3.513774951086844900e-01
3.980003353896821583e-01
4.899700637676480119e-01
5.136522422264275800e-01
4.531838704682619734e-01
4.944862472924854702e-01
4.993552980632324223e-01
4.871529326088539502e-01
3.326943069144815412e-01
0.000000000000000000e+00
1.386144285018758582e-01
1.402625981075331929e-01
1.372815851069620618e-01
1.446692181519956266e-01
8.041958041958041647e-02
1.395288369122190952e-01
2.368790304253459988e-01
2.091468197578582600e-01
1.787037463559729145e-01
2.737033022014676575e-01
3.497244137036636391e-01
2.329418460720945327e-01
3.116289198606270738e-01
2.286567482536127627e-01
1.924162968939088780e-01
4.185715699371629905e-01
2.774603499961566522e-01
2.952702334948020813e-01
3.227690335446193326e-01
1.891131452581031880e-01
2.625231910946196345e-01
2.413344484713316751e-01
1.857585139318885248e-01
3.891509433962264675e-01
2.828145286424522675e-01
1.870978960180838535e-01
0.000000000000000000e+00
7.030965391621128713e-02
6.413884172797584826e-02
6.101190476190476025e-02
5.459387483355526705e-02
6.250000000000000000e-02
6.633163101065386869e-02
1.969696969696969613e-01
0.000000000000000000e+00
0.000000000000000000e+00
0.000000000000000000e+00
0.000000000000000000e+00
1.847953216374269292e-01
0.000000000000000000e+00
1.311669829222011363e-01
0.000000000000000000e+00
1.784897025171624796e-01
1.293532338308457652e-01
0.000000000000000000e+00
0.000000000000000000e+00
0.000000000000000000e+00
0.000000000000000000e+00
0.000000000000000000e+00
1.748893105629348854e-01
1.969230769230769507e-01
0.000000000000000000e+00
0.000000000000000000e+00
0.000000000000000000e+00
2.804967577544044133e-01
2.881335480986463304e-01
2.875189523990273055e-01
2.890746735698740411e-01
2.205788628238052607e-01
2.828155511678455691e-01
4.883168799125172654e-01
4.611033702083942032e-01
3.908455947071537429e-01
4.057900825556067792e-01
4.473840886395907268e-01
3.907977822176347815e-01
5.044252980196404224e-01
4.278383877200403473e-01
4.243160176695973673e-01
3.403273855590042141e-01
4.952983393480622221e-01
5.349100452508797066e-01
5.088954601764965613e-01
3.129603221803181068e-01
2.541690040525344529e-01
4.624237508091008642e-01
4.385502326565337006e-01
5.131629282876691844e-01
4.466332301555149820e-01
4.738404436288605748e-01
0.000000000000000000e+00
7.867843111073302698e-02
8.302094153991493308e-02
8.266714798863414315e-02
8.356416689952925192e-02
4.865503472464310225e-02
7.998463598237225136e-02
2.384533752074957380e-01
2.126163180175394407e-01
1.527602789019887053e-01
1.646655911004862027e-01
2.001525227678771779e-01
1.527229065862218960e-01
2.544448812822029393e-01
1.830456860068835345e-01
1.800440828509859981e-01
1.158227293614270820e-01
2.453204449609482085e-01
2.861287565102982322e-01
2.589745893882481886e-01
9.794416325920853039e-02
6.460188262105726054e-02
2.138357253123574497e-01
1.923263065630998470e-01
2.633361909687756408e-01
1.994812422791492346e-01
2.245247660183954941e-01
0.000000000000000000e+00
1.754591637358343392e-01
1.797057331303906769e-01
1.808000000000000163e-01
1.767241379310344751e-01
3.571428571428571508e-01
1.801772751821303364e-01
4.649203663730236968e-01
5.333333333333333259e-01
5.009485446985446622e-01
5.561730750728230976e-01
3.259018466541235837e-01
4.966771937053515162e-01
5.120107962213225061e-01
5.232090004963508845e-01
3.504812154265292135e-01
2.744650995951154471e-01
5.692521325133902410e-01
3.564855176825587613e-01
4.603804367978049372e-01
5.278104960083758179e-01
5.337193622286751093e-01
5.217092595960383106e-01
6.666666666666666297e-01
5.026278292962089722e-01
6.742759832293250266e-01
2.990903225806452181e-01
0.000000000000000000e+00
