3.189863753051104256e-01
3.194867399746304515e-01
3.186156403503856982e-01
3.066155857722862588e-01
2.082225644247294727e-01
3.163992266236017592e-01
1.939329570107078959e-01
1.817842000725385931e-01
5.802790654226117617e-01
6.133444456506447207e-01
5.670119668782465094e-01
2.704336356221075377e-01
4.041299158252530943e-01
6.042216891770492149e-01
5.253269863397969086e-01
2.273818035683463634e-01
6.424582903597488848e-01
6.071872460523881632e-01
1.446678763977986559e-01
4.351436638016905056e-01
2.112364537644118856e-01
4.704490604547703625e-01
5.956769381638082894e-01
6.344499926964508596e-01
2.642473546214783031e-01
5.861768983141997236e-01
0.000000000000000000e+00
9.459575564911074097e-02
9.551822782953127422e-02
9.689184040063142378e-02
9.699289229086932584e-02
4.545454545454545581e-02
9.560520149482608365e-02
1.272618856500699336e-01
1.875395727677885427e-01
2.104694155549308721e-01
3.851456526573271422e-01
3.135979922427560851e-01
1.635195088828560739e-01
2.096242584047461888e-01
1.986242201247800376e-01
2.590056919953827586e-01
2.211417635548021399e-01
3.044672949359207847e-01
2.545176120835656031e-01
1.742219215155614565e-02
2.927762321144674051e-01
2.116914562435143476e-01
1.186440677966101864e-01
1.453337933413834659e-01
5.129716981132076414e-01
1.466940705783754961e-01
2.504409171075838159e-01
0.000000000000000000e+00
5.901639344262295250e-02
5.395208451235615488e-02
4.985119047619047256e-02
5.592543275632490263e-02
6.250000000000000000e-02
5.672942686338559859e-02
0.000000000000000000e+00
0.000000000000000000e+00
3.291666666666666075e-01
6.201550387596899139e-01
1.575498575498575637e-01
0.000000000000000000e+00
0.000000000000000000e+00
1.694240196078431460e-01
5.555555555555555802e-01
3.040935672514619714e-01
2.096774193548386900e-01
3.023510114816839733e-01
0.000000000000000000e+00
0.000000000000000000e+00
1.334677419354838857e-01
2.487244897959183521e-01
3.353547604608854149e-01
3.991683991683991906e-01
0.000000000000000000e+00
4.876543209876542662e-01
0.000000000000000000e+00
2.950716686205619999e-01
2.950335310415815315e-01
2.944542891149523611e-01
2.855718703404837577e-01
2.280427649817965974e-01
2.926492679214234838e-01
3.988261478403968274e-01
4.199194560154807521e-01
4.243484318653375498e-01
5.705396514530516328e-01
5.317148985910477021e-01
4.107930113457129995e-01
4.311741377802330577e-01
3.877879717947050886e-01
3.983366751428519259e-01
3.056719328327047180e-01
5.725422485852413867e-01
6.462512781108787907e-01
2.861838651398850297e-01
4.301796315406958282e-01
2.257741392621351040e-01
2.930587918119350599e-01
5.150516976116977785e-01
6.618955731824320843e-01
3.569987987486292758e-01
4.968825456067444413e-01
0.000000000000000000e+00
8.706728962252276161e-02
8.704478443886383421e-02
8.670332837819196004e-02
8.155129312976208689e-02
5.200350266054291209e-02
8.564359401494511803e-02
1.590622962012100405e-01
1.763323495403372465e-01
1.800715916265710204e-01
3.255154938801696485e-01
2.827207333836881387e-01
1.687508981704790578e-01
1.859111370905273952e-01
1.503795110686509673e-01
1.586721067638618976e-01
9.343533052168154218e-02
3.278046264150443201e-01
4.176407144599444399e-01
8.190120466640392338e-02
1.850545153924888497e-01
5.097396195955796599e-02
8.588345545827109906e-02
2.652782512126918291e-01
4.381057497985004212e-01
1.274481423079643350e-01
2.468922641286385444e-01
0.000000000000000000e+00
1.750683860883157916e-01
1.764586504312531945e-01
1.600000000000000311e-01
1.666666666666666852e-01
2.142857142857142461e-01
1.698106466754240040e-01
2.051940735733197851e-01
0.000000000000000000e+00
6.251177394034534984e-01
5.377083944856164699e-01
5.304237769136239677e-01
2.990981281400494907e-01
4.442307692307692624e-01
6.587390427935985171e-01
5.072810688093865039e-01
2.296910201763635584e-01
6.219582555574411087e-01
5.884957203065380726e-01
2.727190277525848305e-01
3.509810779194152963e-01
1.920196125446632651e-01
5.910511645823659510e-01
7.500000000000000000e-01
6.424222919516184849e-01
3.829625729991796845e-01
5.459585253456222809e-01
0.000000000000000000e+00
