2.740679069668150447e-01
2.784481696336342238e-01
2.758334734128985444e-01
2.642632892862277760e-01
1.490298558918843885e-01
2.724352466403090478e-01
2.655308723369084190e-01
1.449241303823171623e-01
5.287232658870388846e-01
6.437711886048649301e-01
4.666964293846027068e-01
3.327438487516294341e-01
2.868864162768574588e-01
6.860139849722535210e-01
6.953642223062719285e-01
2.035775487399958950e-01
5.893428475651789622e-01
5.969187425058741781e-01
2.355894516145251583e-01
5.236518422083842328e-01
1.853899613931138390e-01
4.826532697485436674e-01
5.109143267474242078e-01
3.485989449775273030e-01
2.083309068752657589e-01
4.996716668265259731e-01
0.000000000000000000e+00
6.882034539049745880e-02
7.112154331401746021e-02
7.304991562789178716e-02
6.670311645708038029e-02
2.797202797202796853e-02
7.001288022971539904e-02
2.478407449028736387e-01
1.212788245697571654e-01
1.551201434658374123e-01
3.544029352901935104e-01
3.739522671424243550e-01
1.737755666113874609e-01
1.895389523515487729e-01
3.225083986562150007e-01
3.509387249845265511e-01
3.127850019503540246e-01
3.447180301826845983e-01
3.694499115988924554e-01
1.135293394021404806e-01
2.780530690537084126e-01
1.268748463240718105e-01
2.029375346910891609e-01
1.072409307703425380e-01
1.777729305267749804e-01
8.709406603915201273e-02
2.129629629629629650e-01
0.000000000000000000e+00
8.597449908925318407e-02
8.677607998490850794e-02
8.110119047619046562e-02
7.989347536617844026e-02
6.250000000000000000e-02
8.521205573834557401e-02
1.063394683026584880e-01
0.000000000000000000e+00
0.000000000000000000e+00
3.636363636363636465e-01
0.000000000000000000e+00
2.389594676346037672e-01
0.000000000000000000e+00
4.170437405731523550e-01
4.918032786885246366e-01
2.372984484332217869e-01
1.688311688311688319e-01
4.054252199413490021e-01
0.000000000000000000e+00
0.000000000000000000e+00
0.000000000000000000e+00
3.179347826086956208e-01
2.541360294117647189e-01
0.000000000000000000e+00
0.000000000000000000e+00
0.000000000000000000e+00
0.000000000000000000e+00
2.053263556375402865e-01
2.098177117230967947e-01
2.086003633859686013e-01
1.963534409797237645e-01
1.489711872836346485e-01
2.040677141886605428e-01
5.328810824136734903e-01
3.094749599278408536e-01
3.719988295548778967e-01
5.236095269976103195e-01
4.276261032097058989e-01
4.008396460493872659e-01
4.148338629754078632e-01
4.847143365403068227e-01
5.211862417223619426e-01
3.109119758484731877e-01
5.267809434687038550e-01
5.407621722743901627e-01
3.577274788050486820e-01
3.868173429243681460e-01
1.676398829211445396e-01
3.834088928680426944e-01
4.066305357381567176e-01
4.610738009599421594e-01
2.649651916478489300e-01
4.861239745223160935e-01
0.000000000000000000e+00
4.215891231939367795e-02
4.402347215271654873e-02
4.351411160475815443e-02
3.855467378457786559e-02
2.219241464069575051e-02
4.164363197418485124e-02
2.839622479943681443e-01
9.577475082233868897e-02
1.383831291901990723e-01
2.741669367626611842e-01
1.828640841463179956e-01
1.606724218449980535e-01
1.720871338710994181e-01
2.349479880477098048e-01
2.716350985606801882e-01
9.666625672600154262e-02
2.774981624017778259e-01
2.924237269629172409e-01
1.279689490922165107e-01
1.496276567870682694e-01
2.810313034581505068e-02
1.470023791302982885e-01
1.653483925947003830e-01
2.125890499316483717e-01
7.020655278498132146e-02
2.363165186053734768e-01
0.000000000000000000e+00
2.409144196951934769e-01
2.411973617453069818e-01
2.448000000000000176e-01
2.155172413793103314e-01
2.142857142857142461e-01
2.392375961145948304e-01
2.840345756181940073e-01
0.000000000000000000e+00
6.472055288461537881e-01
6.698687835406306190e-01
4.058536974431746769e-01
2.936143183211031293e-01
3.162931556632344043e-01
6.837279326167613469e-01
6.745521629778481465e-01
3.156194467235373669e-01
5.345053119701007605e-01
5.229742336656864055e-01
3.303623541887926729e-01
5.952457436556375381e-01
1.963192593062296210e-01
5.145670916078284307e-01
6.942529875539247275e-01
3.945028822053905926e-01
4.118933638436182432e-01
5.061883192594422987e-01
0.000000000000000000e+00
