3.285086126629929160e-01
3.310245967530854871e-01
3.209891789965271247e-01
3.192152130428299595e-01
1.988286730261297208e-01
3.249168084881698393e-01
1.534290808719196986e-01
2.384961478237878074e-01
5.434395904160926882e-01
7.057848946553773040e-01
4.896102413733805503e-01
2.273315479442764575e-01
4.687902865713739486e-01
7.417103502929347503e-01
7.415197576154253234e-01
2.418740224925147730e-01
5.253064276357659601e-01
6.388310794629337153e-01
1.464258988841283249e-01
4.223233564271181018e-01
1.833385637498171905e-01
3.004010431102483447e-01
4.979037141939780531e-01
4.148303917132073471e-01
1.716873287718471974e-01
7.313366757436863264e-01
0.000000000000000000e+00
1.971246097889280124e-01
2.000146702853370373e-01
1.838767622883893116e-01
2.038272279934390530e-01
1.398601398601398427e-01
1.950821003917408425e-01
1.244180446299566756e-01
1.538137875809856558e-01
2.019739458854421521e-01
4.202801867911941658e-01
3.218395257835806600e-01
1.185670215232083047e-01
2.502602617489588788e-01
2.286567482536127627e-01
4.169884169884170433e-01
3.191855337949340288e-01
2.334141549266334215e-01
3.302004110324243680e-01
6.135726219184915731e-02
2.118189488910318108e-01
1.821801891488302461e-01
1.879936808846761620e-01
1.787414841403560106e-01
3.118172790466733346e-01
1.396105309279995765e-01
3.307710225949220262e-01
0.000000000000000000e+00
8.087431693989070858e-02
8.130541407281643984e-02
7.663690476190476719e-02
5.725699067909453821e-02
1.250000000000000000e-01
8.188202279898247615e-02
7.807807807807806699e-02
0.000000000000000000e+00
0.000000000000000000e+00
5.063291139240506666e-01
0.000000000000000000e+00
1.099972152603731629e-01
0.000000000000000000e+00
3.127828054298643079e-01
5.660377358490565891e-01
3.374188896899783519e-01
2.727272727272727626e-01
3.365794278758368896e-01
0.000000000000000000e+00
0.000000000000000000e+00
0.000000000000000000e+00
0.000000000000000000e+00
2.058823529411764885e-01
2.289803220035778186e-01
0.000000000000000000e+00
0.000000000000000000e+00
0.000000000000000000e+00
4.029979396071622921e-01
4.100994279959238598e-01
3.961202683271597969e-01
4.023868517467187322e-01
2.932038478254375136e-01
4.005491878925499516e-01
3.911111139379315760e-01
3.078256812170873102e-01
4.157866737117372202e-01
5.000148420826117102e-01
4.906355907786784099e-01
3.431923504669034952e-01
5.052203728588604559e-01
4.690655898602228979e-01
4.823152722185425345e-01
3.513291041550060667e-01
3.880296493070778951e-01
6.360386111906755069e-01
3.210950545735389849e-01
3.296754324433166516e-01
1.671715736334124791e-01
3.793293598353077445e-01
4.708618985535650281e-01
4.321897866696715607e-01
2.884135522893665482e-01
6.630404104649985086e-01
0.000000000000000000e+00
1.624073393276180000e-01
1.681815408425839375e-01
1.569112669795810766e-01
1.619151784586358445e-01
8.596849637964232294e-02
1.604396519213812933e-01
1.529679034457696873e-01
9.475665001676385202e-02
1.728785580362706131e-01
2.500148423028991096e-01
2.407232829387427608e-01
1.177809894189978945e-01
2.552476251516459516e-01
2.200225275909188094e-01
2.326280218152466939e-01
1.234321394263590971e-01
1.505670087413738811e-01
4.045451149253633805e-01
1.031020340715839978e-01
1.086858907566878446e-01
2.794633503107145367e-02
1.438907632330644337e-01
2.217109275094678034e-01
1.867880117015762176e-01
8.318237714417119066e-02
4.396225859095937993e-01
0.000000000000000000e+00
1.946072684642438377e-01
2.034500253678335757e-01
2.136000000000000121e-01
1.896551724137930939e-01
2.142857142857142461e-01
1.992600444689404116e-01
1.207797961896322769e-01
2.185792349726775885e-01
6.569559944559943965e-01
7.010253107138408879e-01
4.598185085115432669e-01
3.415090019413127842e-01
3.480893300248139033e-01
7.628173672542716277e-01
7.569585414787012301e-01
2.805150791442805325e-01
5.163334847796456906e-01
6.032457409178016983e-01
2.208772770853308087e-01
3.920988125935122581e-01
2.083480491335774065e-01
3.587304756135746286e-01
6.557377049180327377e-01
4.296101858556600761e-01
3.057763179760892291e-01
7.356098790322582737e-01
0.000000000000000000e+00
