2.929805040280328843e-01
2.968741153713022607e-01
2.946695362310054467e-01
2.919247258813867374e-01
1.849747310618605201e-01
2.922122769637880424e-01
3.638125370937484448e-01
3.230902537773970851e-01
6.958407147789611447e-01
4.497976718371373139e-01
3.576441460121563831e-01
4.049494159930864257e-01
4.679216365623845575e-01
5.500871235916344748e-01
5.233438318477612317e-01
1.706275901315964516e-01
5.734336955731607066e-01
4.371026498724302489e-01
4.308443023665514682e-01
4.708047463929304066e-01
3.046649118005828605e-01
4.324921815132016234e-01
5.349311468452752072e-01
4.807814535758687668e-01
4.339217259941791083e-01
4.713742471270631063e-01
0.000000000000000000e+00
1.947475441761892245e-01
2.045477884544854297e-01
1.990093081487126492e-01
2.098414434117003846e-01
1.223776223776223832e-01
1.990358032888715212e-01
3.791705164317139554e-01
1.304651670670452235e-01
2.104694155549308721e-01
4.835223482321547861e-01
1.091836012178715454e-01
1.881576245755350041e-01
1.959454723857582681e-01
1.953545497236571227e-01
2.492865536343797372e-01
2.207966819618245036e-01
2.719089224252051462e-01
3.127169185873552859e-01
2.956270920874581321e-01
3.633247217806040430e-01
3.583535108958838533e-01
2.356012531126998044e-01
1.173020527859237466e-01
3.118172790466733346e-01
3.602943995093341178e-01
2.157244964262508002e-01
0.000000000000000000e+00
7.723132969034608719e-02
8.338049424636860552e-02
8.407738095238095899e-02
9.587217043941412276e-02
6.250000000000000000e-02
8.474824331670023636e-02
1.256038647342995196e-01
0.000000000000000000e+00
0.000000000000000000e+00
0.000000000000000000e+00
0.000000000000000000e+00
2.980569703829466510e-01
0.000000000000000000e+00
2.140092879256965952e-01
2.542372881355932090e-01
1.225451688923802074e-01
1.818181818181818232e-01
0.000000000000000000e+00
1.362068965517241326e-01
0.000000000000000000e+00
0.000000000000000000e+00
0.000000000000000000e+00
1.869506423258958938e-01
2.204362801377726944e-01
0.000000000000000000e+00
0.000000000000000000e+00
0.000000000000000000e+00
3.527668961712115969e-01
3.624382102889043278e-01
3.595924020108942076e-01
3.529911514042803344e-01
2.494506630956470905e-01
3.537051914450766166e-01
5.484435972215958577e-01
3.691757529106390323e-01
4.951945926437660850e-01
5.129692048772604984e-01
3.101997073978401964e-01
3.665034739162008615e-01
4.555411921046879087e-01
3.505539404691731531e-01
4.084443579625314791e-01
2.764113544097684949e-01
5.053941165658543122e-01
5.892594782852318414e-01
4.110487282895521344e-01
3.882859936666153144e-01
2.711092232107302213e-01
4.711387390570833111e-01
3.968111795583744716e-01
4.470522746851446350e-01
5.275478149178536302e-01
4.890111330307814197e-01
0.000000000000000000e+00
1.244444830342704145e-01
1.313614562774240158e-01
1.293066955839645704e-01
1.246027529697195657e-01
6.222563331885803267e-02
1.251073624551983232e-01
3.007903793333640552e-01
1.362907365371371637e-01
2.452176845836253616e-01
2.631374051524089097e-01
9.622385846970565870e-02
1.343247963926433031e-01
2.075177777041601335e-01
1.228880651784645950e-01
1.668267935514245182e-01
7.640323684664263038e-02
2.554232130593803163e-01
3.472267327489836908e-01
1.689610570284580393e-01
1.507660128776708297e-01
7.350021090992553408e-02
2.219717114402985081e-01
1.574591122225084960e-01
1.998557363011620458e-01
2.783066970246020899e-01
2.391318882280486224e-01
0.000000000000000000e+00
1.774130519734271327e-01
1.801116184677828413e-01
1.856000000000000427e-01
1.910919540229885083e-01
2.142857142857142461e-01
1.748333161629808674e-01
3.656292072542963734e-01
2.469135802469135665e-01
8.129634442134441308e-01
5.030586235071545786e-01
3.520751772819773473e-01
4.252689462517515451e-01
4.886713286713286197e-01
5.642006988695998926e-01
5.247749557377008323e-01
2.698099465920988926e-01
5.801207243460765328e-01
3.716815075620240050e-01
4.817449664429531708e-01
4.576756271614082494e-01
2.435150613572016898e-01
4.778949669380839760e-01
7.199999999999999734e-01
4.637159685570743650e-01
5.024859238078409618e-01
4.615591397849463928e-01
0.000000000000000000e+00
