2.352711352359115604e-01
2.345625475997143994e-01
2.310419345215109221e-01
2.206710886866162791e-01
1.644953234279580290e-01
2.315718423933747216e-01
2.011753845255206397e-01
2.571603140157390777e-01
4.817527667078402853e-01
7.636118130768538848e-01
5.683203991298872992e-01
3.374054804161242815e-01
2.781965373020184873e-01
6.051801904558228307e-01
7.413634965641836549e-01
3.479177647724228661e-01
6.418346126247980177e-01
5.714858513382039540e-01
8.911165459383207921e-02
2.438931620617382223e-01
1.447553194127606246e-01
2.365277444133676021e-01
5.160595422660099185e-01
4.755936927259478697e-01
3.277841423210932081e-01
6.753108948588953941e-01
0.000000000000000000e+00
7.254346020563048891e-02
6.780605882784419836e-02
6.717108486201077422e-02
6.910880262438490185e-02
4.895104895104894493e-02
7.104437876391972440e-02
9.601431541687385773e-02
1.212788245697571654e-01
1.163756530034719683e-01
5.008829415688891284e-01
2.277977412731006512e-01
1.396761711157473995e-01
1.763539207972724676e-01
2.187776271586019949e-01
4.706914706914707702e-01
3.301944485676116536e-01
2.693781245619772391e-01
3.547052740434332163e-01
8.974553615630882775e-02
1.501620809614168106e-01
2.323897300855826409e-01
1.072313101972175442e-01
1.575583670275205739e-01
3.066037735849056478e-01
2.533721777130371056e-01
2.258652094717668590e-01
0.000000000000000000e+00
6.630236794171219528e-02
6.093189964157705307e-02
5.803571428571428076e-02
5.459387483355526705e-02
6.250000000000000000e-02
6.262024721853917675e-02
1.274509803921568540e-01
0.000000000000000000e+00
0.000000000000000000e+00
0.000000000000000000e+00
2.068836513280957745e-01
1.117713638936049941e-01
0.000000000000000000e+00
2.666345226615236541e-01
5.607476635514018204e-01
3.732057416267943184e-01
1.111111111111111188e-01
1.839042234785500662e-01
0.000000000000000000e+00
0.000000000000000000e+00
0.000000000000000000e+00
0.000000000000000000e+00
0.000000000000000000e+00
0.000000000000000000e+00
0.000000000000000000e+00
0.000000000000000000e+00
0.000000000000000000e+00
2.394114454020834226e-01
2.387383445637258073e-01
2.378087408083670584e-01
2.342765390050046137e-01
2.139577308615254192e-01
2.381001112603018943e-01
3.705036661738396742e-01
3.650460178735762673e-01
4.065479723337907525e-01
6.861449638548442476e-01
3.916778235774579509e-01
4.302885203264505964e-01
3.568811049542595648e-01
5.058479247677174495e-01
6.493319069148396627e-01
3.909075664032754527e-01
5.083400565657412162e-01
6.600903920958185456e-01
3.396026529128312599e-01
3.395740451406729088e-01
1.943564475734522179e-01
3.477236914797156575e-01
5.396045164454923437e-01
5.489910012632939207e-01
4.776120410550614426e-01
5.348801808377983136e-01
0.000000000000000000e+00
5.731784018951476684e-02
5.699599716502826152e-02
5.655299720486110099e-02
5.488549672816347286e-02
4.577791059541294616e-02
5.669166298216814226e-02
1.372729666482560285e-01
1.332585951653553757e-01
1.652812538087166938e-01
4.707949114233656029e-01
1.534115174823743044e-01
1.851482107247262587e-01
1.273641230733732199e-01
2.558821229918062379e-01
4.216319253376618614e-01
1.528087254713312304e-01
2.584096131092609716e-01
4.357193257372115047e-01
1.153299618654329423e-01
1.153105321331997640e-01
3.777442871337207547e-02
1.209117656162805032e-01
2.911730341683735901e-01
3.013911194680739536e-01
2.281132617607817270e-01
2.860968078530758407e-01
0.000000000000000000e+00
1.535756154747948687e-01
1.431760527650938752e-01
1.568000000000000504e-01
1.336206896551724033e-01
2.142857142857142461e-01
1.468289429669654145e-01
1.809624537281861179e-01
1.709401709401709435e-01
6.073884100848983003e-01
7.498672380996411757e-01
5.256525391074948761e-01
4.296962575938746975e-01
4.117647058823529771e-01
5.964582605658400594e-01
6.899763740215489882e-01
4.120338281179067863e-01
6.146731133067059316e-01
5.634279512873955342e-01
1.384149783604089745e-01
2.619081272084805012e-01
1.574619249945687360e-01
3.508818036889533865e-01
7.234927234927235329e-01
4.454391854826323383e-01
3.944514501891551173e-01
7.744390522409363431e-01
0.000000000000000000e+00
