2.996039003311946614e-01
3.083267350603868806e-01
3.020912498017184200e-01
3.220920893224565873e-01
2.444176192783814594e-01
3.024009737205729520e-01
6.526240218904069135e-01
4.456911514951218956e-01
5.051325635404713132e-01
4.857985546486244810e-01
3.281179756301520478e-01
6.029170529950133028e-01
4.227698397275529429e-01
4.320635555315791576e-01
2.418302199593804214e-01
2.347151954660969819e-01
4.870818792826889232e-01
2.142169486756065888e-01
5.173229537609564943e-01
3.178467081023002572e-01
6.071688990753967285e-01
3.368034902490574800e-01
4.063332155882386498e-01
6.097204386675563192e-01
4.186199823309797452e-01
2.661091263116976968e-01
0.000000000000000000e+00
1.544519861385571236e-01
1.643512066309689712e-01
1.612323771161069119e-01
1.807545106615636998e-01
8.391608391608391948e-02
1.606771628445769484e-01
5.214620024380820507e-01
1.567323651452282307e-01
1.720162370509291105e-01
2.782144618151231041e-01
2.206344550140384997e-01
2.776975338361953316e-01
2.903059115336915630e-01
1.310510318349064063e-01
2.956516235204760257e-01
4.215940433082146499e-01
3.024417740654384845e-01
1.865787867083639751e-01
3.069733135162714954e-01
1.454635268204197973e-01
2.571920334398820618e-01
1.090047393364929063e-01
1.173020527859237466e-01
3.959171048561708206e-01
2.946103423160961188e-01
1.086419753086419748e-01
0.000000000000000000e+00
5.391621129326047701e-02
5.998868138087153079e-02
5.952380952380952744e-02
5.592543275632490263e-02
6.250000000000000000e-02
5.745374988265633531e-02
3.907103825136611919e-01
0.000000000000000000e+00
3.224489795918366597e-01
3.278688524590164244e-01
0.000000000000000000e+00
0.000000000000000000e+00
0.000000000000000000e+00
2.904411764705882582e-01
0.000000000000000000e+00
1.345987920621225242e-01
1.940298507462686617e-01
0.000000000000000000e+00
0.000000000000000000e+00
0.000000000000000000e+00
0.000000000000000000e+00
1.450892857142856984e-01
1.936274509803921628e-01
1.136094674556213102e-01
0.000000000000000000e+00
0.000000000000000000e+00
0.000000000000000000e+00
2.957098003400261965e-01
3.058881696555095786e-01
3.032683420416980025e-01
3.124632829354049846e-01
2.200118024288253149e-01
2.990832366751579596e-01
6.541321807163390512e-01
4.049001361226076123e-01
3.607162841925087293e-01
3.543750378912885468e-01
3.586941581615114560e-01
4.228235544232280541e-01
4.128085043244107410e-01
3.004080303338553803e-01
4.388334441879367942e-01
3.910348599530825697e-01
4.317547262524242258e-01
4.100675040424581197e-01
5.257417638390592396e-01
2.890174151992157547e-01
2.560555218204609296e-01
3.543929888780177895e-01
3.785409641590561924e-01
5.018190126044814736e-01
4.045167992004110591e-01
3.622494183841131199e-01
0.000000000000000000e+00
8.744428601713817584e-02
9.356757233519777395e-02
9.197168728472032706e-02
9.763330318277096964e-02
4.840519320798045144e-02
8.945078246008857092e-02
4.278889098487131948e-01
1.639441202321061386e-01
1.301162376816507038e-01
1.255816674804521860e-01
1.286614990991953589e-01
1.787797581750924514e-01
1.704108612425569991e-01
9.024498468906656801e-02
1.925747917378469731e-01
1.529082616985268928e-01
1.864121436413057886e-01
1.681553578716113995e-01
2.764044022446051629e-01
8.353106628843587345e-02
6.556443025474853470e-02
1.255943905658948312e-01
1.432932615464678483e-01
2.518223214113367581e-01
1.636338408353457397e-01
1.312246411196282825e-01
0.000000000000000000e+00
2.051582649472450115e-01
2.166412988330796985e-01
2.240000000000000324e-01
2.183908045977011603e-01
3.571428571428571508e-01
2.105594850301300558e-01
6.415168872210151862e-01
3.846153846153846367e-01
5.667037507946599550e-01
5.748107847953851657e-01
3.343402428674753235e-01
7.107140196254839726e-01
4.790697674418605279e-01
4.733795718776507844e-01
2.070333089496743662e-01
3.025919642244212504e-01
4.365542089747789234e-01
2.266430365728160645e-01
5.831935123042506497e-01
3.851590106007066194e-01
7.191652193018677197e-01
4.039039429130618641e-01
5.581395348837209225e-01
6.379820989779323437e-01
6.068483849063924795e-01
1.991189016262330247e-01
0.000000000000000000e+00
