2.849625424475723534e-01
2.874171829117922461e-01
2.842154343667203653e-01
2.694024792601430462e-01
1.633467459934397348e-01
2.817791874575367173e-01
2.234817780025326051e-01
1.833866982567741166e-01
5.548668756236132538e-01
6.915540295182349695e-01
5.153900522615004753e-01
2.735064265555866569e-01
2.527656217357596713e-01
6.664703135151494040e-01
7.237114129340866953e-01
2.791603382602231287e-01
5.584703600232188148e-01
5.840602171122017960e-01
2.315356142184921695e-01
4.170398834439152380e-01
1.477708145469373846e-01
4.213808968972045377e-01
4.864401573699445036e-01
4.052850730031066773e-01
2.864702060228153657e-01
5.641861731065551666e-01
0.000000000000000000e+00
1.084285591545665478e-01
1.096457126091102408e-01
1.061999891132763690e-01
1.096774193548387122e-01
7.692307692307691347e-02
1.084114688854931480e-01
1.854959938119353502e-01
1.439355250558570221e-01
1.105274280280206245e-01
3.493723088119352616e-01
1.741152313081290037e-01
2.268921242458463994e-01
3.438868042526578850e-01
2.875813287595503920e-01
3.127413127413127825e-01
2.649749686264455395e-01
2.677115015788759100e-01
2.117677474298923501e-01
7.414884979702300594e-02
3.132352941176470007e-01
1.679748822605965641e-01
1.712484989732622198e-01
1.211564171122994499e-01
2.212101496421600422e-01
2.403495994173343031e-01
3.983539094650205836e-01
0.000000000000000000e+00
7.213114754098359782e-02
7.225051877004337597e-02
7.366071428571427382e-02
6.524633821571239334e-02
6.250000000000000000e-02
7.141428758780210551e-02
1.155555555555555503e-01
0.000000000000000000e+00
2.164383561643835330e-01
4.545454545454545858e-01
0.000000000000000000e+00
2.389594676346037672e-01
0.000000000000000000e+00
0.000000000000000000e+00
7.241379310344827624e-01
1.282894736842105365e-01
1.911764705882352811e-01
1.621700879765395897e-01
0.000000000000000000e+00
0.000000000000000000e+00
0.000000000000000000e+00
1.646959459459459429e-01
0.000000000000000000e+00
2.786647314949201593e-01
0.000000000000000000e+00
0.000000000000000000e+00
0.000000000000000000e+00
2.895116810892394144e-01
2.929274482621697095e-01
2.907750650916178237e-01
2.801063017507465780e-01
2.316892874637628830e-01
2.879421612589512236e-01
5.329508354990838415e-01
3.080059108892738706e-01
3.004118953801245273e-01
4.734200156462848863e-01
3.710052587394743195e-01
3.549698380618249716e-01
4.576791389735870297e-01
4.901824876646027618e-01
4.211555962110432594e-01
3.169082628006862912e-01
4.597894878126215223e-01
4.549032782470477931e-01
3.155948869526140621e-01
4.225382382441045248e-01
1.756002854069738106e-01
3.943063546529161356e-01
4.966026475092987780e-01
3.871483599652945085e-01
3.875414515785794434e-01
6.530236947052256991e-01
0.000000000000000000e+00
8.381701348711748101e-02
8.580648994538608854e-02
8.455013847903461444e-02
7.845954028048029993e-02
5.367992592546614455e-02
8.291068823047587077e-02
2.840365930591714494e-01
9.486764114273130155e-02
9.024730688587888350e-02
2.241265112145286731e-01
1.376449020123442502e-01
1.260035859336382236e-01
2.094701942516039583e-01
2.402788712130583815e-01
1.773720362198792644e-01
1.004308470313488438e-01
2.114063731029928450e-01
2.069369925599109650e-01
9.960013267063325126e-02
1.785385627784316642e-01
3.083546023501065533e-02
1.554775013196713074e-01
2.466141895132448747e-01
1.498838526238172597e-01
1.501883766916324581e-01
4.264399458464639414e-01
0.000000000000000000e+00
1.678389996092223557e-01
1.770674784373414412e-01
1.856000000000000427e-01
1.666666666666666852e-01
1.428571428571428492e-01
1.737944206886045673e-01
2.118235891484113453e-01
2.998500749625187395e-02
6.685584827406636510e-01
7.119011466513340824e-01
4.855331978782497782e-01
2.523668994470266713e-01
3.071654184080219729e-01
7.095476977015479081e-01
7.234125708543099886e-01
4.081507273679974013e-01
5.353986947598100565e-01
5.487162804350885770e-01
3.036828037816859949e-01
4.078154229889836002e-01
1.242002957469142133e-01
5.372994899344297748e-01
7.290133536135281478e-01
4.100835104800259479e-01
4.891982316700432820e-01
5.438335980271664649e-01
0.000000000000000000e+00
