3.641323413778503326e-01
3.664180837235153088e-01
3.590183224071271662e-01
3.526460939235906977e-01
3.373026270426807138e-01
3.602445013093545922e-01
4.121595062996114556e-01
5.546874902657902284e-01
3.327917612677619985e-01
4.418436249865210219e-01
4.558624687674384668e-01
4.835173601684848999e-01
3.782351542531535160e-01
5.401649742267707888e-01
3.986424261778365175e-01
3.834962036128671814e-01
5.543735369683475689e-01
4.437302721137386663e-01
3.014710719246745940e-01
3.582068345531314590e-01
2.325067198227593612e-01
3.373282159211853926e-01
4.489532198187669021e-01
7.922114979895695797e-01
3.358103301298077659e-01
5.382270448654056239e-01
0.000000000000000000e+00
4.957470573073287368e-02
5.055380327147362962e-02
5.040553045560938750e-02
5.008201202843084315e-02
3.496503496503496067e-02
4.926122208462907492e-02
3.142707645838164199e-01
7.836493947395495319e-02
8.870101695892521065e-02
2.103440861400713568e-01
1.723765265319355811e-01
1.514034764449357640e-01
9.603989206920267307e-02
1.980314728590794049e-01
1.645553463735281996e-01
1.481010474627811879e-01
1.571794192922071898e-01
1.348057320135913617e-01
9.651016022105730896e-02
1.075864467408585157e-01
8.197564740181786935e-02
4.468957859999383997e-02
6.270690094219506794e-02
5.933465739821252027e-01
1.127892564623503291e-01
1.715399610136452424e-01
0.000000000000000000e+00
1.118397085610200320e-01
1.235615921524240712e-01
1.175595238095238082e-01
1.131824234354194408e-01
1.875000000000000000e-01
1.126287326909621439e-01
3.421052631578946901e-01
0.000000000000000000e+00
1.950617283950616954e-01
4.938271604938271331e-01
4.945226917057902738e-01
6.078793474915359374e-01
0.000000000000000000e+00
4.280185758513931904e-01
3.947368421052631637e-01
6.190476190476190688e-01
1.547619047619047672e-01
6.259196378041879116e-01
1.385964912280701622e-01
2.625830959164292544e-01
3.283730158730158721e-01
4.028925619834710647e-01
5.467128027681661395e-01
5.987525987525987858e-01
0.000000000000000000e+00
0.000000000000000000e+00
0.000000000000000000e+00
2.647924102787136413e-01
2.653350738881388726e-01
2.675024030495822824e-01
2.598552700008790461e-01
2.137439511936259640e-01
2.643279896342736190e-01
6.869133473481457974e-01
3.705403044886590447e-01
3.641617573729866164e-01
3.723455133770872671e-01
3.806341784346855550e-01
2.894760558951336993e-01
3.350709473885014611e-01
4.027976609355789495e-01
3.689065651744539709e-01
1.693153772194537221e-01
5.030072558729148380e-01
2.511365491014764251e-01
3.979052159439357417e-01
2.397302617247439038e-01
1.625608997149921575e-01
2.018634215816894617e-01
3.275452734183106340e-01
9.695226449005701630e-01
2.950151061201142233e-01
5.408253144982838601e-01
0.000000000000000000e+00
7.011502054121063199e-02
7.040270143522410484e-02
7.155753563730117561e-02
6.752476134722977530e-02
4.568647667186314515e-02
6.986928610409666451e-02
4.718499467650344448e-01
1.373001172505481648e-01
1.326137855329819759e-01
1.386411813320466979e-01
1.448823777926480094e-01
8.379638693660257376e-02
1.122725397838279238e-01
1.622459556551736071e-01
1.360920538288136472e-01
2.866769696296590092e-02
2.530162994608000648e-01
6.306956629459828378e-02
1.583285608753901286e-01
5.747059838661421755e-02
2.642604611614773197e-02
4.074884097266689292e-02
1.072859061386759183e-01
9.399741589749972537e-01
8.703391283906225517e-02
2.924920208021676848e-01
0.000000000000000000e+00
1.744822196170379425e-01
1.780821917808219079e-01
1.700000000000000400e-01
1.666666666666666852e-01
5.357142857142855874e-01
1.738133428438216610e-01
3.212012673922026718e-01
7.958609368587676869e-01
4.713732084361578756e-01
4.759311660617432382e-01
3.440280569381085618e-01
5.257572628986268981e-01
3.633657949447423596e-01
5.718083591269076393e-01
3.724517843612162316e-01
5.738646887848684042e-01
6.177485968442232300e-01
3.910739592337403314e-01
2.669891500472567625e-01
3.565108197295797088e-01
2.125843092828392233e-01
4.035430869623828354e-01
5.594541910331383150e-01
5.362165967650689424e-01
5.659963207703331278e-01
6.352589013458054268e-01
0.000000000000000000e+00
