2.419866150052835396e-01
2.381642768210879280e-01
2.288689975906314789e-01
2.445463932347828329e-01
2.606184927256429695e-01
2.390224119634548894e-01
2.863610214778520291e-01
5.525346865995373058e-01
3.168542287128253143e-01
3.296969459448580442e-01
6.309925712912016760e-01
1.490711227253733728e-01
2.316797454440055470e-01
4.551756522803775407e-01
3.395961492031098761e-01
2.899361929019388384e-01
9.362114119985434080e-01
2.959665501932846610e-01
5.121080027460738204e-01
5.281531789155484713e-01
9.627123276999888235e-01
7.359852201786849513e-01
3.727257470234370818e-01
1.433753968231479270e-01
4.197045664474757798e-01
5.333696105986299729e-01
0.000000000000000000e+00
6.025718131569149372e-02
5.756619966258343102e-02
5.671983016711119874e-02
5.904866047020228964e-02
3.496503496503496067e-02
5.915870745375466366e-02
1.661582918606517578e-01
1.951228854133418844e-01
8.870101695892521065e-02
2.322629500748246978e-01
1.977119389850395814e-01
8.825644774930604952e-02
4.953360917537745489e-02
1.500559910414333564e-01
1.216216216216216284e-01
3.535883924595517036e-01
3.501335836522492251e-01
1.309337158488174113e-01
8.564934676134934588e-02
1.431451612903225645e-01
8.033395176252320358e-01
3.649289099526066282e-01
6.684491978609623242e-02
5.226925038245797128e-02
4.573925710123816768e-01
1.904761904761904934e-01
0.000000000000000000e+00
3.934426229508196371e-02
4.508583286172419824e-02
3.943452380952380820e-02
4.926764314247669696e-02
1.250000000000000000e-01
4.145978785919458842e-02
1.666666666666666574e-01
0.000000000000000000e+00
0.000000000000000000e+00
0.000000000000000000e+00
0.000000000000000000e+00
0.000000000000000000e+00
0.000000000000000000e+00
4.372232764073371580e-01
2.884615384615384914e-01
1.578947368421052821e-01
4.141592920353982521e-01
0.000000000000000000e+00
4.937499999999999667e-01
0.000000000000000000e+00
1.970238095238095177e-01
4.352678571428570953e-01
3.388480392156862919e-01
0.000000000000000000e+00
0.000000000000000000e+00
0.000000000000000000e+00
0.000000000000000000e+00
2.690366648090778967e-01
2.624736706512496021e-01
2.565791483008203477e-01
2.575972316016468810e-01
2.245239929324886197e-01
2.632771630519620265e-01
5.605009512718472919e-01
7.208111583292380331e-01
5.588044638886929816e-01
5.701816909246459897e-01
5.392902067738342131e-01
4.491060977360048501e-01
3.550141840017343453e-01
3.897906244860396274e-01
4.146495454070420195e-01
5.502141294858066134e-01
7.913784041830044247e-01
5.508281872263540713e-01
2.375758395290920866e-01
4.753939429399052785e-01
9.347429342799886687e-01
7.373273472071798507e-01
4.535865405167605613e-01
3.942730048827095546e-01
9.769696515789650926e-01
5.863690558532033137e-01
0.000000000000000000e+00
7.238072701159212197e-02
6.889242778514063914e-02
6.583285934277437190e-02
6.635633372883251169e-02
5.041102340234819568e-02
6.931486458468939793e-02
3.141613163766456829e-01
5.195687259719377060e-01
3.122624288619295085e-01
3.251071606656885105e-01
2.908339271221647704e-01
2.016962870236618799e-01
1.260350708424173016e-01
1.519367309372167407e-01
1.719342455062665698e-01
3.027355882858239200e-01
6.262797786072387130e-01
3.034116918430714294e-01
5.644227952795290854e-02
2.259994009839499385e-01
8.737443531863633428e-01
5.436516169395771980e-01
2.057407497379629135e-01
1.554512023792411768e-01
9.544697001063244812e-01
3.438286696621772331e-01
0.000000000000000000e+00
1.350136772176631639e-01
1.299847792998478080e-01
1.456000000000000072e-01
1.192528735632183978e-01
2.857142857142856984e-01
1.357849905961678316e-01
2.938740993278204927e-01
2.477876106194690231e-01
5.295799055986418757e-01
4.320939785464948946e-01
6.660675039100298900e-01
2.276308309023637455e-01
4.123113719573897051e-01
4.458641462395492305e-01
4.129145777124513805e-01
4.410701721583325519e-01
7.469682962640710189e-01
2.756077242159579166e-01
5.844764647197534524e-01
8.293984594056516002e-01
6.566138368577371098e-01
6.579336571166634062e-01
4.285091543156059890e-01
1.824735465184181282e-01
1.060353360723535338e-01
6.022544837464192113e-01
0.000000000000000000e+00
