3.139320882892563391e-01
3.196818089573959520e-01
3.152163762350348453e-01
3.207927607645287837e-01
3.496426026799052678e-01
3.156247532661383692e-01
4.091644315490384209e-01
6.068468082484341775e-01
4.644126074778811564e-01
4.796811119237391341e-01
3.298882874395973608e-01
4.636332220498406986e-01
5.238277912472912856e-01
4.656098110888404751e-01
4.721804533004885229e-01
2.961341334557077154e-01
7.423939466172178037e-01
3.667455878035252304e-01
2.374232281065397077e-01
2.886927625521553131e-01
3.957341597288682733e-01
4.832114766509231774e-01
5.280046195603750325e-01
5.362490656684276713e-01
3.990904473751647474e-01
4.231186820513248570e-01
0.000000000000000000e+00
1.596357075350115784e-01
1.641018117802391096e-01
1.576397583147352011e-01
1.694915254237288060e-01
1.398601398601398427e-01
1.617210924797941596e-01
3.947223455122937930e-01
1.739419087136929720e-01
2.167139488162645455e-01
3.258632791024635988e-01
1.209713418444781918e-01
3.001540759559178095e-01
2.971684889262685147e-01
2.302542231540825601e-01
3.474903474903475176e-01
5.326236773468477903e-01
5.686231546657171121e-01
2.548382331215836571e-01
1.018897858242732574e-01
2.690201080432172986e-01
3.304178814382896512e-01
3.125467697680218704e-01
2.120163573450770667e-01
5.105438401775805879e-01
2.674799708667152109e-01
1.876543209876543328e-01
0.000000000000000000e+00
3.132969034608379388e-02
3.150348990756461631e-02
3.273809523809523975e-02
2.529960053262317321e-02
1.250000000000000000e-01
3.243058823512056515e-02
1.333333333333333315e-01
0.000000000000000000e+00
0.000000000000000000e+00
0.000000000000000000e+00
0.000000000000000000e+00
1.979949874686716960e-01
0.000000000000000000e+00
0.000000000000000000e+00
0.000000000000000000e+00
1.866028708133971592e-01
1.744966442953020114e-01
0.000000000000000000e+00
0.000000000000000000e+00
0.000000000000000000e+00
0.000000000000000000e+00
2.389705882352941013e-01
0.000000000000000000e+00
0.000000000000000000e+00
0.000000000000000000e+00
0.000000000000000000e+00
0.000000000000000000e+00
3.781616715840699916e-01
3.829535655904961478e-01
3.759068443928725300e-01
3.796977795030999081e-01
3.742115446702616310e-01
3.781526767173690740e-01
6.890575190319357946e-01
5.189031338884095845e-01
5.430530405012196082e-01
5.284840513345477886e-01
3.810639588247093923e-01
4.610992874806708608e-01
5.348167705912360015e-01
4.290296751047171231e-01
6.029148853396225638e-01
5.055367372629865352e-01
6.716008243716062864e-01
6.545333150266205990e-01
4.119580657012129055e-01
3.662269900741383921e-01
2.855063507830932767e-01
5.101340820468932558e-01
4.873932025877596996e-01
6.643683249998668661e-01
4.503654108533981515e-01
4.201641856833035482e-01
0.000000000000000000e+00
1.430062498552579775e-01
1.466534333984743921e-01
1.413059556614072731e-01
1.441704037595847310e-01
1.400342801645031998e-01
1.429994469085110742e-01
4.748002645344464590e-01
2.692604623592126378e-01
2.949066047976192095e-01
2.792953925149768701e-01
1.452097407151597963e-01
2.126125529151822735e-01
2.860289781056387648e-01
1.840664621204590734e-01
3.635063589640902260e-01
2.555673927225059483e-01
4.510476672966211020e-01
4.284138604797373961e-01
1.697094478962848096e-01
1.341222082587630871e-01
8.151387633747871064e-02
2.602367816658264776e-01
2.375521339287529898e-01
4.413852712631289310e-01
2.028290032931501785e-01
1.765379429309136272e-01
0.000000000000000000e+00
1.500586166471278016e-01
1.453069507864028220e-01
1.527999999999999914e-01
1.681034482758620441e-01
2.857142857142856984e-01
1.518239412153267742e-01
3.516997035608413480e-01
5.304213691568711031e-01
5.576256066694500468e-01
5.899996206595061743e-01
3.631016146500846142e-01
5.702982229528590352e-01
6.862933357487375208e-01
4.990950283637910490e-01
4.713699117614454370e-01
2.669698269233493626e-01
6.279874737144672814e-01
3.190099359264164658e-01
2.733168235729517281e-01
2.688919291573838577e-01
3.867124464567865960e-01
4.551267448524541903e-01
6.375773363725171228e-01
4.875444854126020355e-01
6.318444282206145957e-01
4.595562485158290467e-01
0.000000000000000000e+00
