3.150915044539559506e-01
3.236662865909237241e-01
3.245076981503272062e-01
3.318334371700642493e-01
2.303561715200686533e-01
3.176136042107111646e-01
7.863149196754959380e-01
4.966925355461915270e-01
5.439971419099773886e-01
3.932475509353354215e-01
1.952890040777203184e-01
6.596596413502208156e-01
6.437380890658030985e-01
2.836748123408816546e-01
8.134444055827239062e-02
1.992259060109057289e-01
4.200851721058433408e-01
1.619617022812683271e-01
7.605413954469502080e-01
2.624920438133878098e-01
5.379623813062895943e-01
2.079732687161986449e-01
6.422386406093574251e-01
7.017501290595318242e-01
5.463920203545070686e-01
2.726160956658194578e-01
0.000000000000000000e+00
2.190337085087492863e-01
2.308222694931416075e-01
2.247564095585433686e-01
2.368507381082558816e-01
7.692307692307691347e-02
2.218986622435665801e-01
6.500842831915234488e-01
2.061904227879332030e-01
1.907231887555786431e-01
4.516163929105890817e-01
1.124337674645682905e-01
2.798918321306380630e-01
3.309094944397719673e-01
1.227200908128671802e-01
9.012598255626147470e-02
2.507968208131485244e-01
2.163256848825104717e-01
1.722738211444973522e-01
4.738836265223275723e-01
1.948371397269509364e-01
3.510204081632654072e-01
1.411747809852075264e-01
2.120163573450770667e-01
4.481132075471698784e-01
2.715339344166227131e-01
2.040531097134870575e-01
0.000000000000000000e+00
4.881602914389798764e-02
4.319939634031313980e-02
5.729166666666666435e-02
4.926764314247669696e-02
6.250000000000000000e-02
5.227691228775530052e-02
2.342342342342342287e-01
0.000000000000000000e+00
0.000000000000000000e+00
2.583979328165374456e-01
0.000000000000000000e+00
2.474937343358395991e-01
0.000000000000000000e+00
0.000000000000000000e+00
0.000000000000000000e+00
0.000000000000000000e+00
1.818181818181818232e-01
0.000000000000000000e+00
1.436363636363636176e-01
0.000000000000000000e+00
0.000000000000000000e+00
0.000000000000000000e+00
3.252941176470588447e-01
2.953846153846154121e-01
0.000000000000000000e+00
0.000000000000000000e+00
0.000000000000000000e+00
3.578333070970187713e-01
3.702035418771897901e-01
3.690422944785863857e-01
3.637921708642694041e-01
2.480741380754203917e-01
3.590242132384663387e-01
7.219824208667304788e-01
5.106869261537174687e-01
3.953306929791914892e-01
4.659842791559510866e-01
2.757503552747437303e-01
4.806706440491556043e-01
5.071293509414214196e-01
2.894152703301965945e-01
3.086820652043784641e-01
3.280165786890290036e-01
3.649338662051999638e-01
3.861561537780091036e-01
6.755540593800166693e-01
2.974179910757555612e-01
2.945354483732690598e-01
3.388092877501198141e-01
4.535458811467042994e-01
5.391519727026869990e-01
4.388206790447734540e-01
3.341408811023277026e-01
0.000000000000000000e+00
1.280446756679893550e-01
1.370506624184161526e-01
1.361922151140197157e-01
1.323447435821377971e-01
6.154077798186273485e-02
1.288983856914997228e-01
5.212586160405846547e-01
2.608011365443324014e-01
1.562863568114077339e-01
2.171413484204913757e-01
7.603825843414736829e-02
2.310442680506299973e-01
2.571801785862672940e-01
8.376119870030075687e-02
9.528461737884014182e-02
1.075948758948559736e-01
1.331767267034747737e-01
1.491165751006254259e-01
4.563732871448190620e-01
8.845746141553820219e-02
8.675113034844263160e-02
1.147917334657435062e-01
2.057038663051404259e-01
2.906848496691990524e-01
1.925635883573161011e-01
1.116501284238399228e-01
0.000000000000000000e+00
2.078937084798749557e-01
2.099441907661085960e-01
2.172000000000000042e-01
2.040229885057471271e-01
2.857142857142856984e-01
2.109431751612528827e-01
8.458778346721901320e-01
4.195817019832937533e-01
6.508121530429684665e-01
4.130995243932760186e-01
2.107045608937751224e-01
7.422727791559124988e-01
6.503694886673609954e-01
3.082471630831214449e-01
8.179048973864044836e-02
3.465305960519813322e-01
4.103149998688594424e-01
1.767480406948163385e-01
7.870370601728077231e-01
2.944403114561899293e-01
6.034548725039236006e-01
2.399597863093050343e-01
7.963784183296378494e-01
7.263342783303747829e-01
7.282249563251274038e-01
2.525127222271746352e-01
0.000000000000000000e+00
