2.413830472948495232e-01
2.415217185608374284e-01
2.395130926169342922e-01
2.260089834068594872e-01
1.554975058862891890e-01
2.380318135530606616e-01
2.263731362996180274e-01
4.316312736868495592e-01
5.827570612419863405e-01
6.251605059969254086e-01
5.488180108676012914e-01
3.383761791341240999e-01
2.306477288117923519e-01
6.849416568420549911e-01
7.123232267547955354e-01
2.085394607722729221e-01
5.413325484947260069e-01
6.077964106604234473e-01
1.762660397111412425e-01
4.329224279074950776e-01
1.032236574228318771e-01
3.621854696749725044e-01
5.201902597243237558e-01
4.391254091842120566e-01
3.365164735453286537e-01
5.751435749509586914e-01
0.000000000000000000e+00
1.067101984706589762e-01
1.045844641678280729e-01
1.048935822764139186e-01
1.085839256424275534e-01
6.293706293706292920e-02
1.069153514685508427e-01
2.654251618772408561e-01
4.656846473029045974e-01
1.648062660814287872e-01
3.553345327861672232e-01
2.314924889225116189e-01
1.357586581467178088e-01
2.067907955865272429e-01
4.677314787528732420e-01
4.085359490764897128e-01
4.560195027208710505e-01
3.566322478157267217e-01
3.967897126927745211e-01
1.265119183928385960e-01
2.214350627891605860e-01
1.410564225690276174e-01
2.553059962909540181e-01
1.440879382055852420e-01
2.814198912695874411e-01
1.611116891524757289e-01
2.147315855181023969e-01
0.000000000000000000e+00
7.140255009107467077e-02
7.168458781362006815e-02
7.589285714285715079e-02
6.391478029294274388e-02
6.250000000000000000e-02
7.562442881980104004e-02
0.000000000000000000e+00
0.000000000000000000e+00
0.000000000000000000e+00
0.000000000000000000e+00
2.625830959164292544e-01
1.776878092667566467e-01
0.000000000000000000e+00
2.085218702865761775e-01
5.263157894736841813e-01
1.368421052631579038e-01
1.313131313131313260e-01
3.023510114816839733e-01
0.000000000000000000e+00
0.000000000000000000e+00
0.000000000000000000e+00
2.065677966101694962e-01
1.161764705882352977e-01
0.000000000000000000e+00
0.000000000000000000e+00
2.659932659932660037e-01
0.000000000000000000e+00
2.368316803724236086e-01
2.376003275199310705e-01
2.364052578179081654e-01
2.291641903335149277e-01
1.900930114019668826e-01
2.349733837796034175e-01
5.191391632395635503e-01
8.397913523356502763e-01
4.045278466074421764e-01
5.147858632480771801e-01
3.783582571760694679e-01
3.714031186045134714e-01
4.394533519757175544e-01
6.476599660317691187e-01
6.149772380946475492e-01
3.735281339847696391e-01
4.626315415107323248e-01
6.355060472091808021e-01
3.702750563500968317e-01
3.894718574123057775e-01
1.701809318952442196e-01
4.420222075222047242e-01
4.722895853445788217e-01
4.704985878276275457e-01
3.333420666334409033e-01
4.895565510676859744e-01
0.000000000000000000e+00
5.608924482802581102e-02
5.645391563757850423e-02
5.588744592395163135e-02
5.251622613121546129e-02
3.613535298386830880e-02
5.521249108483678586e-02
2.695054708090742213e-01
7.052495154577401726e-01
1.636427786808542229e-01
2.650044850000681240e-01
1.431549707733127119e-01
1.379402765091582994e-01
1.931192485626938571e-01
4.194634316002723295e-01
3.781970033745206683e-01
1.395232668781439811e-01
2.140279432005964544e-01
4.038679360394375473e-01
1.371036173550674031e-01
1.516883277161914789e-01
2.896154958073375238e-02
1.953836319428030599e-01
2.230574524249542556e-01
2.213689211477917751e-01
1.111169333874533621e-01
2.396656166932878140e-01
0.000000000000000000e+00
1.645173896053146179e-01
1.648909183155758407e-01
1.664000000000000479e-01
1.537356321839080664e-01
2.142857142857142461e-01
1.656279803773609283e-01
2.260346507391875204e-01
1.242236024844720343e-01
6.872907763532762893e-01
6.721928180957715826e-01
5.364781885236741266e-01
4.065822425349978064e-01
2.352501867064973884e-01
6.455175980149783221e-01
6.973001001286298628e-01
3.349448121671019241e-01
5.009750812567714817e-01
5.141197323586529366e-01
2.575722206011088478e-01
4.078154229889836002e-01
7.395940700187808581e-02
4.430792734756877627e-01
7.058823529411764053e-01
4.449510665514040952e-01
5.595056031051844903e-01
5.619370497964295552e-01
0.000000000000000000e+00
