2.285782959729184827e-01
2.327004086982293884e-01
2.275436892599440875e-01
2.318405532537203273e-01
2.341756877887333221e-01
2.287291193890254870e-01
4.499980267420327640e-01
5.952699867512792897e-01
4.613144105214035395e-01
5.822593724322582265e-01
3.311498231230874389e-01
4.135722629805136386e-01
4.561403869764678043e-01
6.150702116578420364e-01
4.660741326589417088e-01
1.897539721471642737e-01
7.103944988926211845e-01
3.956492657630030219e-01
3.923238921985566785e-01
4.607877141752227401e-01
3.931197360130308516e-01
3.818816093593955796e-01
3.996495339717147655e-01
3.589049033694065027e-01
3.890737802284208735e-01
4.379562427700637306e-01
0.000000000000000000e+00
8.279634561961221606e-02
8.193354360742316489e-02
8.154156006749768704e-02
8.540185893931109828e-02
5.594405594405593707e-02
8.368749841408898438e-02
3.014588032181573229e-01
2.198340248962656063e-01
1.927361536234737938e-01
5.211985295161313259e-01
2.699178644763860491e-01
3.751243781094527607e-01
3.304058973425554324e-01
2.921870962184512366e-01
3.551469144689484159e-01
2.486155673034105562e-01
2.994440031771246624e-01
3.028512335647805531e-01
2.142012677159746414e-01
2.627392114050860483e-01
2.913441238564391522e-01
2.202626058581306778e-01
2.139037433155080437e-01
2.446933962264150886e-01
2.117913136811438446e-01
2.012161415146489496e-01
0.000000000000000000e+00
2.695810564663023504e-02
2.471231843048481494e-02
2.529761904761904795e-02
2.263648468708388817e-02
6.250000000000000000e-02
2.639523730795270001e-02
0.000000000000000000e+00
0.000000000000000000e+00
0.000000000000000000e+00
0.000000000000000000e+00
0.000000000000000000e+00
0.000000000000000000e+00
0.000000000000000000e+00
0.000000000000000000e+00
0.000000000000000000e+00
0.000000000000000000e+00
1.115879828326180323e-01
0.000000000000000000e+00
0.000000000000000000e+00
0.000000000000000000e+00
2.121794871794871751e-01
0.000000000000000000e+00
0.000000000000000000e+00
0.000000000000000000e+00
0.000000000000000000e+00
0.000000000000000000e+00
0.000000000000000000e+00
2.364842501001087616e-01
2.392226005575306957e-01
2.352073695180077473e-01
2.362360896622466844e-01
2.114670388482416674e-01
2.357163948474631232e-01
7.194227680680090886e-01
5.810025707050808785e-01
4.110594202523787377e-01
5.680581457137967583e-01
4.333098417944445946e-01
5.332636099396093066e-01
4.766036832943969515e-01
5.541852141762924067e-01
5.621730513360748693e-01
3.565955401038709005e-01
5.510903711761121482e-01
5.736334855090068352e-01
5.104538030453278363e-01
4.129639084202038068e-01
2.438575584237780702e-01
4.048559449831961032e-01
5.424934567617555325e-01
4.530045969735094769e-01
4.040753963588752384e-01
4.705726190704836998e-01
0.000000000000000000e+00
5.592480054541080353e-02
5.722745261750786933e-02
5.532250667558064744e-02
5.580749005890907333e-02
4.471830851924374350e-02
5.556221879988514772e-02
5.175691192146362196e-01
3.375639871659125157e-01
1.689698469782217327e-01
3.226900569117971407e-01
1.877574189959265727e-01
2.843700776858237300e-01
2.271510709297858144e-01
3.071212516116230695e-01
3.160385396485129728e-01
1.271603792219714035e-01
3.037005972030250578e-01
3.290553756972119936e-01
2.605630850434383361e-01
1.705391896576905209e-01
5.946650880040632581e-02
1.639083361882367473e-01
2.942991506293187176e-01
2.052131648791317986e-01
1.632769259425821406e-01
2.214385898188545865e-01
0.000000000000000000e+00
1.332551778038296442e-01
1.364789446981227727e-01
1.315999999999999948e-01
1.271551724137930939e-01
2.857142857142856984e-01
1.352350140301590842e-01
4.588833856528310440e-01
4.803610218938626497e-01
5.520919483360240410e-01
6.132123621987061179e-01
2.562678481190664437e-01
4.298649319161386706e-01
4.667046332831633060e-01
6.040457806295957965e-01
4.474308319185462124e-01
2.604981398492116629e-01
6.259369323765000548e-01
3.585274116550469792e-01
4.303657172477766135e-01
4.136893076822404924e-01
3.751011884697867949e-01
4.683034680784836645e-01
5.570137693631669329e-01
3.735718883256899381e-01
5.453709123354358868e-01
4.198699271592091775e-01
0.000000000000000000e+00
