4.077214554847524708e-01
4.195525507023275535e-01
4.153489848900842052e-01
4.384416648150326612e-01
3.152669562619228039e-01
4.129089834075303500e-01
6.795785120022610482e-01
4.342054453910619283e-01
5.269882614581271607e-01
4.929865223153128695e-01
3.112217385815516102e-01
5.337912077349021844e-01
4.791054181450130067e-01
4.668922827552614008e-01
2.664844532039348235e-01
1.864608753931619178e-01
5.591166819360766649e-01
2.222006372227056659e-01
5.479122267960891968e-01
4.212892574497190679e-01
5.467087069328920856e-01
3.315454800130236968e-01
4.813024762291910896e-01
4.716492306581532290e-01
4.465503590017362301e-01
2.377166320350145579e-01
0.000000000000000000e+00
3.286364807973193303e-01
3.369764541920340362e-01
3.211039137771488083e-01
3.680699835975942968e-01
2.237762237762238038e-01
3.345086668693966758e-01
4.608075727035431113e-01
2.373392650896180289e-01
2.014216088481069478e-01
2.621747831887925040e-01
2.137577002053388520e-01
2.607216443037337905e-01
1.685557149689143608e-01
1.911160880925718564e-01
1.842819778303649292e-01
1.821267555005535166e-01
2.719089224252051462e-01
2.441686774675398963e-01
1.541600032804362752e-01
3.106617647058823595e-01
2.599355531686359244e-01
1.533872316699191884e-01
1.263976665046183667e-01
3.773584905660377631e-01
2.567922487805954779e-01
1.481481481481481677e-01
0.000000000000000000e+00
7.249544626593806829e-02
7.941897755140539528e-02
6.622023809523808202e-02
7.856191744340879080e-02
6.250000000000000000e-02
7.194216890424587341e-02
3.095238095238094789e-01
0.000000000000000000e+00
0.000000000000000000e+00
0.000000000000000000e+00
0.000000000000000000e+00
2.309941520467836407e-01
0.000000000000000000e+00
0.000000000000000000e+00
0.000000000000000000e+00
0.000000000000000000e+00
2.222222222222222376e-01
0.000000000000000000e+00
2.375939849624059963e-01
0.000000000000000000e+00
2.398550724637681375e-01
1.256443298969072142e-01
0.000000000000000000e+00
0.000000000000000000e+00
0.000000000000000000e+00
0.000000000000000000e+00
0.000000000000000000e+00
6.014724966446542975e-01
6.177550327647332029e-01
6.114049582131213523e-01
6.393340563277409849e-01
4.136165948490583277e-01
6.089607642890856321e-01
6.208852075095179224e-01
4.844661301744122572e-01
4.227013903340613998e-01
3.899723530878315692e-01
3.438148935001011930e-01
4.068387185034763043e-01
3.866198777858572133e-01
3.853244828584511672e-01
3.964776122151317250e-01
2.620517103206355114e-01
4.525718935284162026e-01
5.017884038635821442e-01
3.757538166643112909e-01
3.502293624506753744e-01
2.314647921510146755e-01
3.597495499249416806e-01
4.485003081509456591e-01
4.881060204074708642e-01
3.936157258455926788e-01
3.193195279295648614e-01
0.000000000000000000e+00
3.617691642199536428e-01
3.816212805061566238e-01
3.738160229275887536e-01
4.087480355804830601e-01
1.710786875345300662e-01
3.708332124435473331e-01
3.854984409041370408e-01
2.347074312861705536e-01
1.786764653903485101e-01
1.520784361728603762e-01
1.182086809924858956e-01
1.655177428735508383e-01
1.494749298991511488e-01
1.484749570901327809e-01
1.571944969878122933e-01
6.867109888197024670e-02
2.048213188118960526e-01
2.517916022519613994e-01
1.411909307377968714e-01
1.226606063226065302e-01
5.357595000551242798e-02
1.294197386711981312e-01
2.011525264114932543e-01
2.382474871580184395e-01
1.549333396329528323e-01
1.019649609171601884e-01
0.000000000000000000e+00
1.971473231731145359e-01
2.047691527143581935e-01
2.052000000000000490e-01
2.191091954022988397e-01
2.857142857142856984e-01
2.005390091549538178e-01
6.878586740376223529e-01
3.131223383069334232e-01
6.755504652775579100e-01
5.663197292602373256e-01
2.770825232927780490e-01
5.612659535271327105e-01
5.837652463476135090e-01
4.895870826238082341e-01
3.026130469975391590e-01
2.668793560065467751e-01
5.068885171977532966e-01
1.905729720161151441e-01
6.068945348389526151e-01
3.725474691594001242e-01
6.301657130649112037e-01
3.661328879833928296e-01
6.653116131647809350e-01
4.642347189941068986e-01
7.180678370330949578e-01
1.794456230111686756e-01
0.000000000000000000e+00
