1.897353014056987475e-01
1.920424284604773657e-01
1.886212013585006619e-01
1.782193872194669515e-01
1.262719837719893379e-01
1.857142392302335854e-01
6.979409240429550465e-01
2.430248609401415849e-01
2.423315498925615596e-02
3.237552309501893766e-01
5.100873836492718638e-01
6.620373491719898640e-01
6.834678463840304641e-02
7.660317422072502325e-01
2.995103667726431440e-01
2.655435816456099829e-01
7.516817564900122317e-01
4.602541411392879200e-01
4.678462745521981825e-01
4.248362089072520997e-01
1.449854450064157196e-01
3.309808536260849254e-01
4.604805145666595045e-01
5.308886765475497871e-01
3.776335939218513627e-01
3.890130039714932986e-01
0.000000000000000000e+00
6.125955838130422992e-02
5.857844935083987570e-02
5.927821022263349282e-02
5.762711864406779710e-02
3.846153846153846367e-02
5.952028931832646641e-02
3.978379402986805813e-01
1.382480405716920158e-01
8.303737051259937885e-02
4.088508805066832785e-01
2.352658482240377325e-01
2.788914902611127067e-01
5.535794941282744241e-02
5.414955829289536116e-01
2.724914655416586506e-01
2.274445773559535255e-01
2.693781245619772391e-01
3.508642340079774491e-01
2.936883819833752685e-01
3.356092436974789650e-01
8.061224489795917880e-02
1.511321748288572686e-01
1.077382824787668919e-01
2.830188679245282390e-01
2.749841161612248119e-01
2.024691358024691690e-01
0.000000000000000000e+00
3.351548269581056116e-02
3.320128277683455364e-02
2.604166666666666435e-02
2.396804260985353069e-02
6.250000000000000000e-02
2.913923032964936544e-02
5.531914893617020379e-01
0.000000000000000000e+00
0.000000000000000000e+00
0.000000000000000000e+00
0.000000000000000000e+00
1.539961013645224364e-01
0.000000000000000000e+00
4.170437405731523550e-01
0.000000000000000000e+00
3.462270133164235819e-01
1.625000000000000056e-01
0.000000000000000000e+00
0.000000000000000000e+00
0.000000000000000000e+00
0.000000000000000000e+00
0.000000000000000000e+00
0.000000000000000000e+00
4.102564102564102422e-01
0.000000000000000000e+00
0.000000000000000000e+00
0.000000000000000000e+00
2.108301779572869239e-01
2.077133139138184759e-01
2.057148299106641987e-01
1.999124808168933898e-01
1.561542443213809750e-01
2.066289834309818496e-01
7.302954592185894045e-01
3.887607513365162193e-01
4.183768025301411453e-01
6.050507275321048706e-01
5.228414702053313379e-01
5.814574589349289502e-01
2.949793868146179388e-01
9.619478535889396387e-01
5.116411624047406681e-01
3.226560443931537070e-01
6.091137115311239247e-01
7.649109266684341879e-01
5.884471671710264085e-01
5.417453102161287060e-01
1.436139301034523863e-01
4.447357018471940759e-01
4.522260097308597460e-01
4.706558370418789661e-01
5.502924118315886126e-01
6.309391461040119164e-01
0.000000000000000000e+00
4.444936393750126974e-02
4.314482077706048579e-02
4.231859124517350218e-02
3.996499998636477563e-02
2.438414801958154257e-02
4.269553679372098398e-02
5.333314577552902280e-01
1.511349217797325617e-01
1.750391488953446928e-01
3.660863828871293579e-01
2.733632029664723739e-01
3.380927765510645111e-01
8.701283864552800118e-02
9.253436730243678188e-01
2.617766790668741295e-01
1.041069229834367532e-01
3.710195135752213380e-01
5.850887257367627381e-01
3.462700685516059140e-01
2.934879811411696404e-01
2.062496091975930812e-02
1.977898444975163261e-01
2.045083638770956724e-01
2.215169169415917849e-01
3.028217385194267863e-01
3.980842060864597243e-01
0.000000000000000000e+00
1.258304025009769622e-01
1.293759512937595058e-01
1.328000000000000291e-01
1.178160919540229834e-01
2.142857142857142461e-01
1.278968663546638518e-01
6.620522161505767444e-01
0.000000000000000000e+00
2.837155297532655829e-01
3.453757824808038057e-01
4.888704098170018053e-01
8.020614009005342382e-01
1.277948717948718116e-01
6.935561169370232371e-01
2.884985086573136903e-01
3.634899050462352399e-01
7.087323943661972825e-01
4.088925281576223369e-01
5.837695317561090169e-01
2.659777318487899778e-01
1.375638620933096190e-01
4.543919357771946110e-01
6.343612334801762564e-01
5.340815833936760626e-01
4.004583250651320703e-01
4.124571036376115107e-01
0.000000000000000000e+00
