2.500901939436634969e-01
2.535908016388557229e-01
2.494312769653163342e-01
2.560195532551726161e-01
2.571605874646624157e-01
2.507766752021575174e-01
4.400130616744925560e-01
5.774542918844322026e-01
4.470645934556096712e-01
5.585079523733886830e-01
3.324644357322256716e-01
4.285457928022166074e-01
4.391544929429642141e-01
5.264012533799529159e-01
4.495204186764860665e-01
1.887752491726478743e-01
7.402805841448187874e-01
4.333219633978652729e-01
3.790588629526894238e-01
4.333336546818007950e-01
4.483883800375847439e-01
3.959216767778812041e-01
4.403466181996468221e-01
3.624278849836582994e-01
4.836270721914837090e-01
4.423895366831084308e-01
0.000000000000000000e+00
8.273906693014863867e-02
8.186019218073790904e-02
8.159599368570027988e-02
8.551120831055220028e-02
5.944055944055944007e-02
8.372958552586769188e-02
2.750236427584457077e-01
2.238596491228070362e-01
1.402184163649276560e-01
2.934385635621488131e-01
2.699178644763860491e-01
2.564252970953094790e-01
3.304058973425554324e-01
2.696805624502141563e-01
2.632681107257378583e-01
2.445488234716956533e-01
3.044672949359207847e-01
2.308317328999852092e-01
1.697871816951654900e-01
3.140332006164910927e-01
2.540464461646727568e-01
1.550440081245768598e-01
1.447538262954084498e-01
1.635220125786163992e-01
3.058922789584129776e-01
2.012161415146489496e-01
0.000000000000000000e+00
5.428051001821493360e-02
5.319750990379172595e-02
4.836309523809523975e-02
5.059920106524634642e-02
6.250000000000000000e-02
5.266235855267654975e-02
0.000000000000000000e+00
0.000000000000000000e+00
1.698924731182795689e-01
0.000000000000000000e+00
0.000000000000000000e+00
0.000000000000000000e+00
0.000000000000000000e+00
0.000000000000000000e+00
2.500000000000000000e-01
0.000000000000000000e+00
1.226415094339622647e-01
0.000000000000000000e+00
0.000000000000000000e+00
0.000000000000000000e+00
2.470149253731343253e-01
1.819029850746268495e-01
0.000000000000000000e+00
1.289889150151158903e-01
0.000000000000000000e+00
0.000000000000000000e+00
0.000000000000000000e+00
2.413129895739422326e-01
2.436805749519853070e-01
2.405571692757816626e-01
2.407839044130555273e-01
2.080379793507605712e-01
2.405621998635778802e-01
6.263543873161918629e-01
5.607978073248390816e-01
3.801379488872123624e-01
4.616962422861394799e-01
4.010568942614580190e-01
4.705717854958343938e-01
4.453391521679337939e-01
4.606290492077293464e-01
4.934237122712786805e-01
3.170206664256693396e-01
5.740842623877613349e-01
4.826022862391424195e-01
4.566165998341952248e-01
4.130292709607665258e-01
2.439823769130223530e-01
3.898264075121024574e-01
4.661319895882838349e-01
3.795880666711123896e-01
4.605611015017391230e-01
4.879502413903754610e-01
0.000000000000000000e+00
5.823195893711354681e-02
5.938022260893010412e-02
5.786775168997708441e-02
5.797688862439547008e-02
4.327980085234747060e-02
5.787017200320399707e-02
3.923198185102418911e-01
3.144941807003472367e-01
1.445048601841768532e-01
2.131634201411416185e-01
1.608466324346463083e-01
2.214378053047375561e-01
1.983269604536540553e-01
2.121791209740167272e-01
2.434669598315695183e-01
1.005021029409755018e-01
3.295727403213000173e-01
2.329049666832471166e-01
2.084987192441415393e-01
1.705931786703823450e-01
5.952740024412809389e-02
1.519646279937917621e-01
2.172790317175320174e-01
1.440871003591128741e-01
2.121165282164952370e-01
2.380954380729257414e-01
0.000000000000000000e+00
1.512309495896834721e-01
1.445966514459665064e-01
1.584000000000000408e-01
1.364942528735632044e-01
2.857142857142856984e-01
1.474958501654233256e-01
4.440434334448821740e-01
4.938271604938271331e-01
5.697487353072459015e-01
6.049170019869433146e-01
2.947053515623383468e-01
5.213025378639826179e-01
4.961209730440500620e-01
5.472094133631559831e-01
3.974428363394044150e-01
3.092606576508547533e-01
6.268886043533932195e-01
3.807913484336422627e-01
5.114079919126114371e-01
3.522394370450908085e-01
4.483981751252632542e-01
4.438246814567947673e-01
6.499032882011606116e-01
3.905935546681068016e-01
5.984780623559594614e-01
4.553007107709131085e-01
0.000000000000000000e+00
