2.856065646484808873e-01
2.894179478225681890e-01
2.892727068975177174e-01
2.802397974965908367e-01
2.156657243328966578e-01
2.851964564386607615e-01
3.766764372027188723e-01
3.412690232844607374e-01
6.988069456099113008e-01
4.353070328577187120e-01
4.016228182386915591e-01
3.644483277281033162e-01
4.227989706746261844e-01
5.761614552615548224e-01
4.878474092766273973e-01
2.959715540877480011e-01
6.426445765126456156e-01
4.650655897795627491e-01
2.611486179199917768e-01
4.317094212779064022e-01
1.741004847838788228e-01
5.164346516283169208e-01
6.198485328214269341e-01
4.212825360514966810e-01
3.249274892407703064e-01
5.637580057801953037e-01
0.000000000000000000e+00
1.960935933785834806e-01
2.038289444729699806e-01
1.947090523107071203e-01
2.092946965554948191e-01
1.643356643356643221e-01
1.987786678453751510e-01
3.165426530817966322e-01
1.752166897187644456e-01
2.009397147952435292e-01
4.423414058985060127e-01
2.834737661969836675e-01
2.172037416403819476e-01
2.903059115336915630e-01
3.456952769909755752e-01
2.674682846111418044e-01
7.367650596551211795e-01
4.680163289432365814e-01
2.952702334948020813e-01
2.031604779706887576e-01
2.149653979238754231e-01
9.044526901669758256e-02
2.853080568720378629e-01
2.161632898998267494e-01
2.358490566037735603e-01
2.066705176181027892e-01
3.040935672514619714e-01
0.000000000000000000e+00
5.537340619307831724e-02
5.206564799094509643e-02
6.770833333333334259e-02
4.260985352862849823e-02
6.250000000000000000e-02
5.839574544759251751e-02
2.222222222222222099e-01
0.000000000000000000e+00
0.000000000000000000e+00
0.000000000000000000e+00
0.000000000000000000e+00
0.000000000000000000e+00
0.000000000000000000e+00
3.319327731092436840e-01
0.000000000000000000e+00
1.909424724602203360e-01
1.984732824427480891e-01
0.000000000000000000e+00
0.000000000000000000e+00
0.000000000000000000e+00
0.000000000000000000e+00
3.098516949152542721e-01
3.782489740082079499e-01
2.503259452411994990e-01
0.000000000000000000e+00
0.000000000000000000e+00
0.000000000000000000e+00
3.176722678799616117e-01
3.270250888530277789e-01
3.205370957249986108e-01
3.210442308609794404e-01
2.803890494039294468e-01
3.184462515411110584e-01
4.702601760088712113e-01
4.302792744471145014e-01
4.832683751397567895e-01
5.302860812290731696e-01
4.443949707444979635e-01
4.113634444878790375e-01
4.644595208205155035e-01
5.182766615481289030e-01
5.071366396536614030e-01
4.597140652410550699e-01
6.163546400932171654e-01
6.076069115439259871e-01
3.905890718683197593e-01
3.637924139278465585e-01
1.673303127222674214e-01
3.980368899262744509e-01
5.751688440452878970e-01
3.700339082245286404e-01
3.573300090367247384e-01
5.882212975348722894e-01
0.000000000000000000e+00
1.009156697799981073e-01
1.069454087393307135e-01
1.027440297358169496e-01
1.030693981691178790e-01
7.861801902563916866e-02
1.014080151205845742e-01
2.211446331398944642e-01
1.851402540187352397e-01
2.335483224102206934e-01
2.812033279452872403e-01
1.974868900230031810e-01
1.692198834609323077e-01
2.157226464808228439e-01
2.686106979054737054e-01
2.571875712792074942e-01
2.113370217804570461e-01
3.798930423644393262e-01
3.691861589559483625e-01
1.525598230629554297e-01
1.323449204314496863e-01
2.799943355573180498e-02
1.584333657421811703e-01
3.308191991603928184e-01
1.369250932359189210e-01
1.276847353581858080e-01
3.460042948736087864e-01
0.000000000000000000e+00
2.280187573270809065e-01
2.299340436326737791e-01
2.340000000000000413e-01
2.133620689655172376e-01
2.857142857142856984e-01
2.356777582920439595e-01
3.600575469002738060e-01
2.194404418828049819e-01
7.427854177072923392e-01
4.387987975089371329e-01
3.865083569614808923e-01
4.239512940665957630e-01
5.288111888111888259e-01
5.821255748963288790e-01
4.719239705721938738e-01
3.635106670560614983e-01
6.166886693294093558e-01
4.463699197777812877e-01
3.359384040152743056e-01
4.850529174036379287e-01
1.812670974128767765e-01
5.893959068645548971e-01
7.058823529411764053e-01
4.110952700023919326e-01
4.589126720274261384e-01
5.973051570632217366e-01
0.000000000000000000e+00
