2.929352548936909884e-01
2.935941636678610078e-01
2.858973951258368951e-01
2.753670739319486471e-01
1.893658534767270751e-01
2.883212895999943681e-01
1.479928388450622023e-01
3.953717412260825959e-01
5.215624871219650682e-01
7.559735950122634662e-01
5.294077521496745042e-01
2.637539835726734339e-01
4.248376044579473265e-01
7.317164899972419256e-01
7.116249182224250180e-01
2.741338209006956017e-01
5.251643762292717010e-01
5.825444918170750164e-01
1.634450676820888848e-01
2.947645012785114482e-01
1.525575551227282001e-01
4.198268319999619025e-01
4.101131700626833299e-01
4.505140963609783888e-01
2.398290021981391573e-01
6.713761012229615410e-01
0.000000000000000000e+00
2.924363490563335888e-01
3.067703366830484835e-01
3.028686516792771233e-01
3.082558775287042030e-01
1.468531468531468764e-01
3.002726861735364738e-01
2.118141345163651879e-01
4.973720608575381008e-01
2.614422335718635804e-01
4.671262323030168639e-01
3.497244137036636391e-01
4.525662286856316774e-01
3.057225466620863141e-01
3.663058355107627340e-01
4.296244296244297045e-01
3.078594897901216210e-01
2.994440031771246624e-01
5.160289555325748845e-01
1.566603518267929429e-01
3.045343137254901689e-01
2.913441238564391522e-01
2.472332347585779466e-01
1.758361279796972765e-01
5.105438401775805879e-01
5.709615677772319486e-01
3.811332700221589098e-01
0.000000000000000000e+00
1.384335154826958278e-02
1.282776834559517035e-02
2.232142857142856845e-02
1.065246338215712629e-02
6.250000000000000000e-02
1.699052179569568444e-02
0.000000000000000000e+00
0.000000000000000000e+00
0.000000000000000000e+00
0.000000000000000000e+00
0.000000000000000000e+00
0.000000000000000000e+00
0.000000000000000000e+00
0.000000000000000000e+00
0.000000000000000000e+00
0.000000000000000000e+00
1.460674157303370746e-01
0.000000000000000000e+00
0.000000000000000000e+00
0.000000000000000000e+00
0.000000000000000000e+00
0.000000000000000000e+00
0.000000000000000000e+00
0.000000000000000000e+00
0.000000000000000000e+00
0.000000000000000000e+00
0.000000000000000000e+00
3.670118057172308546e-01
3.746608522388989448e-01
3.683415584725061587e-01
3.581243879688596476e-01
2.738578117473252638e-01
3.667455806645864014e-01
4.483138972037667980e-01
5.762240623823736696e-01
4.289945462872285509e-01
5.351141652553190742e-01
4.741525517489026953e-01
4.258495597086315310e-01
4.536072320418499948e-01
4.780501404129153808e-01
5.614239574466591831e-01
3.572884998763498632e-01
4.957889212207464702e-01
6.492997272069507275e-01
3.494453320087244630e-01
3.613872871605758319e-01
1.896002045354351351e-01
4.414604192497487145e-01
4.107796186684783968e-01
5.067067123212615209e-01
4.396481533110426776e-01
6.120588906587941525e-01
0.000000000000000000e+00
1.346976655358224084e-01
1.403707542003780617e-01
1.356755036979546969e-01
1.282530772580703637e-01
7.499810105503344759e-02
1.345023209370046491e-01
2.009853504260295520e-01
3.320341700684455444e-01
1.840363207441850779e-01
2.863471698568970103e-01
2.248206423299958512e-01
1.813478475040352922e-01
2.057595209606687126e-01
2.285319367488080622e-01
3.151968599950681349e-01
1.276550721438924341e-01
2.458066544052315283e-01
4.215901357510206671e-01
1.221120400626876518e-01
1.306007713212805343e-01
3.594823755987883174e-02
1.948873017641639394e-01
1.687398951134205516e-01
2.567516923114217531e-01
1.932904987098101046e-01
3.746160856344739054e-01
0.000000000000000000e+00
1.758499413833528868e-01
1.711821410451547787e-01
1.776000000000000356e-01
1.609195402298850275e-01
2.142857142857142461e-01
1.747445841374900000e-01
1.507225258044929961e-01
3.389830508474576121e-01
6.305547337278105680e-01
7.819892798837728698e-01
4.816221666921105538e-01
2.969699839349682624e-01
4.920203735144313417e-01
7.611943515792625181e-01
7.121945827868798595e-01
3.884151491906959741e-01
5.009750812567714817e-01
5.407388756788283901e-01
2.237084870848709273e-01
2.751135790005047599e-01
1.431400264680645074e-01
5.111909277493439374e-01
5.769230769230769829e-01
4.340747754940370018e-01
3.430012610340479329e-01
7.094100751215199896e-01
0.000000000000000000e+00
