2.825605743086290200e-01
2.834844448817503970e-01
2.778906903969939890e-01
2.731589906039971205e-01
1.552479215376547095e-01
2.794330696186373419e-01
1.978904230690888832e-01
1.447547219448349076e-01
5.469703601485633726e-01
7.700479689980170850e-01
4.791483257811364749e-01
2.351883497544220436e-01
3.786142262915162537e-01
7.340035350127837033e-01
6.993287067900463283e-01
1.401433253183136385e-01
6.179260265883088632e-01
6.687744603641219143e-01
1.599621853131381055e-01
4.847230639851206058e-01
1.876260082475292579e-01
3.369639006284195770e-01
5.169423005045657993e-01
4.131886734663996474e-01
1.922201853685903961e-01
6.462471340828763733e-01
0.000000000000000000e+00
1.161611822321505366e-01
1.184625540966771640e-01
1.085406346959882501e-01
1.136139967195188560e-01
9.790209790209790375e-02
1.139318886944098858e-01
1.338629180909168548e-01
1.329668049792531170e-01
1.520205842288481768e-01
6.310873915943963075e-01
3.218395257835806600e-01
1.755113322277501442e-01
2.345282365379707246e-01
2.661974084146536690e-01
3.712660028449502603e-01
3.278403410061586087e-01
3.353120688934408400e-01
4.428040220906950264e-01
8.362652232746954628e-02
2.676657527417746762e-01
1.480946360845223075e-01
2.155131869324554139e-01
1.291494299263444834e-01
2.485361093038386537e-01
1.628342524191031260e-01
3.630062811349361040e-01
0.000000000000000000e+00
7.285974499089252487e-02
7.149594416147896092e-02
7.663690476190476719e-02
5.725699067909453821e-02
6.250000000000000000e-02
7.446166256191683042e-02
0.000000000000000000e+00
0.000000000000000000e+00
0.000000000000000000e+00
0.000000000000000000e+00
1.170370370370370366e-01
0.000000000000000000e+00
0.000000000000000000e+00
5.204705882352941293e-01
5.999999999999999778e-01
0.000000000000000000e+00
1.713344316309720061e-01
0.000000000000000000e+00
0.000000000000000000e+00
0.000000000000000000e+00
0.000000000000000000e+00
0.000000000000000000e+00
0.000000000000000000e+00
1.491841491841492118e-01
0.000000000000000000e+00
0.000000000000000000e+00
0.000000000000000000e+00
2.717126269423665863e-01
2.727812196492332419e-01
2.637159909252329015e-01
2.635459214033035735e-01
2.159511404675780455e-01
2.675176891390458334e-01
4.285013634327697329e-01
2.541543318859563194e-01
3.973475352123498339e-01
6.657430849395407080e-01
4.269799580521570492e-01
3.844967024850883264e-01
4.546301363003799056e-01
4.259693695775201849e-01
5.218105781824258216e-01
3.397360970773916078e-01
5.586652109857332960e-01
7.052672990931989627e-01
2.970135854764963668e-01
3.344154956282532343e-01
1.645634424534460349e-01
4.122662281282341579e-01
4.675991963296542986e-01
4.049506519936341697e-01
3.169951042619408299e-01
6.713931974358814392e-01
0.000000000000000000e+00
7.382775163992166823e-02
7.440959379332323653e-02
6.954612386967751192e-02
6.945645268831628083e-02
4.663489506924761718e-02
7.156571400229516655e-02
1.836134184637425448e-01
6.459442441639684507e-02
1.578850637393295619e-01
4.432138551448167041e-01
1.823118845782217834e-01
1.478377142219065299e-01
2.066885608325019774e-01
1.814499038182699475e-01
2.722862795030774885e-01
1.154206156573788500e-01
3.121068179657339736e-01
4.974019631702158994e-01
8.821706995760400516e-02
1.118337237162902731e-01
2.708112659212864176e-02
1.699634428550812482e-01
2.186490084081385843e-01
1.639850305500694660e-01
1.004858961260387540e-01
4.507688255631766561e-01
0.000000000000000000e+00
1.805392731535756246e-01
1.808219178082192125e-01
1.732000000000000206e-01
1.709770114942528729e-01
2.142857142857142461e-01
1.810162483392491195e-01
1.940792029174067401e-01
0.000000000000000000e+00
6.601931490384616019e-01
7.064676836293201090e-01
4.362611889171561508e-01
2.877941888584485963e-01
4.578026481715007923e-01
7.350079205695311257e-01
6.877646523308182935e-01
1.948055796010694785e-01
5.434085445661753777e-01
6.060125706633795462e-01
2.557808529354271831e-01
4.287329596516875063e-01
1.933896724601246175e-01
3.836977981657655468e-01
7.214152313758041002e-01
4.060805918155664940e-01
3.544341245207889846e-01
6.452369777895292646e-01
0.000000000000000000e+00
