3.000563296774426680e-01
3.045700283874184788e-01
2.943764133499525704e-01
3.067960681404605094e-01
2.913021248694154242e-01
2.989461702977742608e-01
4.573987539173676731e-01
4.857996420727769271e-01
4.333958759121878668e-01
4.615745923737510359e-01
3.591465749691003517e-01
4.910226418716080454e-01
4.682625909325813240e-01
4.748655358343385480e-01
3.363601609058549657e-01
2.882512465174529304e-01
5.051929677347137826e-01
3.461835149010096813e-01
4.973749698812962583e-01
4.532515228606047164e-01
4.555965026140513796e-01
3.923946340247810860e-01
5.125508179094544481e-01
5.383789237350482537e-01
5.074332026327570411e-01
3.728156108381118772e-01
0.000000000000000000e+00
6.180370593120829148e-02
6.322892980268465801e-02
5.982254640465951845e-02
6.200109349371240447e-02
7.692307692307691347e-02
6.140797265074007805e-02
2.113192634945725568e-01
1.509958506224066688e-01
1.648062660814287872e-01
2.731325834384639162e-01
2.699178644763860491e-01
2.798918321306380630e-01
1.879350178393869863e-01
2.232552144174917985e-01
2.653562653562653861e-01
3.809177661650891555e-01
1.578558904191706413e-01
2.308317328999852092e-01
1.647641600618596769e-01
3.589154411764705621e-01
3.561710398445092629e-01
1.483133537775299660e-01
1.484230055658626868e-01
3.066037735849056478e-01
2.749841161612248119e-01
1.541339319117097095e-01
0.000000000000000000e+00
8.160291438979963563e-02
8.488964346349744949e-02
8.630952380952380820e-02
9.587217043941412276e-02
6.250000000000000000e-02
8.517846795401783078e-02
3.333333333333333148e-01
0.000000000000000000e+00
2.025641025641025383e-01
0.000000000000000000e+00
0.000000000000000000e+00
2.590588621085423982e-01
0.000000000000000000e+00
2.904411764705882582e-01
1.499999999999999944e-01
3.665413533834586679e-01
1.448467966573816212e-01
2.702834799608993532e-01
1.564356435643564358e-01
0.000000000000000000e+00
3.377551020408163240e-01
2.176339285714285476e-01
2.904411764705882582e-01
6.028257456828884919e-01
0.000000000000000000e+00
1.605691056910568959e-01
0.000000000000000000e+00
1.994845830551819355e-01
2.011878237065798103e-01
1.941040908820387823e-01
1.962864589758884504e-01
2.398848478234946457e-01
1.972781624751370200e-01
4.225582914392136957e-01
3.444426453749203088e-01
4.113455759111316890e-01
3.814432108468095994e-01
3.758890183676206753e-01
3.999763230264285485e-01
3.790083851903287560e-01
3.686811340702680351e-01
3.999303282264195514e-01
3.130031032968298987e-01
3.752336708710994895e-01
3.579685088166884577e-01
3.754860766046640985e-01
3.486345085324984994e-01
2.616820291354703398e-01
3.094338722464485270e-01
4.551374185512996884e-01
3.736920999802098020e-01
4.345126109477475129e-01
3.276579313245497893e-01
0.000000000000000000e+00
3.979409887669977525e-02
4.047654040778983497e-02
3.767639809714277976e-02
3.852837397729313995e-02
5.754474021530117667e-02
3.891867338956655348e-02
1.785555096640273898e-01
1.186407359528730970e-01
1.692051828216605824e-01
1.454989231011236395e-01
1.412925541293734433e-01
1.599810589817418915e-01
1.436473560445805930e-01
1.359257786193389383e-01
1.599442674352916649e-01
9.797094267344595708e-02
1.408003077554006166e-01
1.281414533044435700e-01
1.409897937239636689e-01
1.215460205396967502e-01
6.847748437245716746e-02
9.574932129343143028e-02
2.071500697655409839e-01
1.396457855876191700e-01
1.888012090726286230e-01
1.073597199598833873e-01
0.000000000000000000e+00
2.415005861664713260e-01
2.519533231861998956e-01
2.568000000000000282e-01
2.557471264367816022e-01
3.571428571428571508e-01
2.507065694554442836e-01
5.035003741827989154e-01
4.456824512534818816e-01
5.377592912705271289e-01
5.368174003747416823e-01
3.343402428674753235e-01
5.892047671747095983e-01
5.629990262901656273e-01
5.097933850990085114e-01
3.526756630539123472e-01
3.396032127411270363e-01
5.168690833525745321e-01
3.161797278673179612e-01
6.091005907647794038e-01
4.444142430008155009e-01
4.422680783967152252e-01
4.620934940107064293e-01
6.720000000000000417e-01
5.384345582910934347e-01
7.043775896234912848e-01
3.659504608294930628e-01
0.000000000000000000e+00
