9.337510362519167995e-01
9.254470562209419215e-01
8.974617582787023373e-01
9.345697891751296726e-01
6.704819692477417270e-01
9.199455810642404030e-01
3.209864416014796551e-01
7.923999411212744037e-02
5.720859627404566439e-01
1.450962553762851215e-01
5.896368323930287758e-01
4.201963413491237587e-01
8.043368563826571727e-01
5.663768067679767482e-01
3.704384130368015837e-01
1.362590305945231561e-01
4.657054200775600505e-01
5.529919485541645585e-01
7.560118653843796999e-01
6.086110973353899833e-01
2.641999037083317958e-01
5.677271624845685594e-01
5.543600728925641707e-01
4.179613775202121184e-01
4.678098784184349102e-01
5.239928722584675791e-01
0.000000000000000000e+00
5.871065670017469595e-02
5.665664197168635008e-02
5.410701649338631181e-02
5.861126298523784001e-02
2.447552447552447247e-02
5.747408644037088621e-02
1.183433842230691146e-02
0.000000000000000000e+00
7.008293850212565790e-03
0.000000000000000000e+00
4.131654481250301991e-02
3.559857933559049115e-02
6.214072538555402703e-02
7.374212531058320363e-02
5.259483198000378112e-02
0.000000000000000000e+00
4.535446054232311619e-02
9.682076330853051083e-02
8.433223137664654090e-02
5.357475268588449135e-02
2.398789533896741877e-02
1.733757273981645364e-02
2.127433251781725432e-02
4.776689754000479349e-02
1.683066212370055992e-02
7.813720893889672392e-02
0.000000000000000000e+00
1.000000000000000000e+00
1.000000000000000000e+00
9.999999999999998890e-01
1.000000000000000000e+00
1.000000000000000000e+00
9.999999999999998890e-01
6.112115732368896825e-01
4.737793851717902460e-01
1.000000000000000000e+00
7.233273056057866190e-01
1.000000000000000000e+00
9.022556390977445329e-01
1.000000000000000000e+00
1.000000000000000000e+00
8.679927667269439207e-01
6.087370324545541278e-01
6.582278481012657778e-01
1.000000000000000000e+00
1.000000000000000000e+00
1.000000000000000000e+00
8.080470162748644158e-01
8.815551537070525079e-01
1.000000000000000000e+00
8.813465015996662100e-01
1.000000000000000000e+00
1.000000000000000000e+00
0.000000000000000000e+00
0.000000000000000000e+00
0.000000000000000000e+00
0.000000000000000000e+00
0.000000000000000000e+00
0.000000000000000000e+00
0.000000000000000000e+00
0.000000000000000000e+00
0.000000000000000000e+00
0.000000000000000000e+00
0.000000000000000000e+00
0.000000000000000000e+00
0.000000000000000000e+00
0.000000000000000000e+00
0.000000000000000000e+00
0.000000000000000000e+00
0.000000000000000000e+00
0.000000000000000000e+00
0.000000000000000000e+00
0.000000000000000000e+00
0.000000000000000000e+00
0.000000000000000000e+00
0.000000000000000000e+00
0.000000000000000000e+00
0.000000000000000000e+00
0.000000000000000000e+00
0.000000000000000000e+00
0.000000000000000000e+00
0.000000000000000000e+00
0.000000000000000000e+00
0.000000000000000000e+00
0.000000000000000000e+00
0.000000000000000000e+00
0.000000000000000000e+00
0.000000000000000000e+00
0.000000000000000000e+00
0.000000000000000000e+00
0.000000000000000000e+00
0.000000000000000000e+00
0.000000000000000000e+00
0.000000000000000000e+00
0.000000000000000000e+00
0.000000000000000000e+00
0.000000000000000000e+00
0.000000000000000000e+00
0.000000000000000000e+00
0.000000000000000000e+00
0.000000000000000000e+00
0.000000000000000000e+00
0.000000000000000000e+00
0.000000000000000000e+00
0.000000000000000000e+00
0.000000000000000000e+00
0.000000000000000000e+00
0.000000000000000000e+00
1.000000000000000000e+00
1.000000000000000000e+00
1.000000000000000000e+00
9.999999999999998890e-01
1.000000000000000000e+00
1.000000000000000000e+00
3.507544540953961842e-01
1.446654611211573294e-01
6.609055501460565640e-01
2.392535633587472843e-01
5.902540636525064333e-01
5.053288258561494661e-01
9.143135345666990599e-01
6.111989409053212308e-01
3.872309079797960352e-01
2.157638875354398467e-01
4.922089499019434156e-01
5.135643962764426806e-01
8.570214935009772272e-01
6.289305362973565128e-01
3.066907089944052034e-01
6.630999858448392015e-01
7.377938517179023492e-01
4.318142237784031168e-01
7.132937616440417905e-01
5.433544303797468444e-01
0.000000000000000000e+00
