3.376529594336195039e-01
3.436800162550581739e-01
3.426818589821764016e-01
3.458521732288832307e-01
3.044305911015029453e-01
3.393586721821206798e-01
5.434754096770755272e-01
4.255130154144348698e-01
3.923284476990434033e-01
4.967124071059698109e-01
3.811338332156030684e-01
4.452627560469706314e-01
4.716029801679040845e-01
5.606556069990040747e-01
3.585134724525421146e-01
2.299845295647723331e-01
6.548697387265407510e-01
3.229471702254076981e-01
3.631691460439046004e-01
5.032090228397998466e-01
3.960442058776891816e-01
4.722233219857043252e-01
4.602550946392969244e-01
4.710298144440372425e-01
5.090811793508794869e-01
3.440853784337178922e-01
0.000000000000000000e+00
1.238938053097344977e-01
1.235971539646446016e-01
1.266670295574547078e-01
1.295790049207217187e-01
9.090909090909091161e-02
1.257523218521599540e-01
3.973082891849948339e-01
1.329668049792531170e-01
1.676859241563343206e-01
3.328176230962485160e-01
2.043976728268309673e-01
1.799393057388792572e-01
2.336098506333900149e-01
3.225083986562150007e-01
2.125557839843554286e-01
2.612438770966304946e-01
3.149324861000793452e-01
2.363509843528013299e-01
1.605139109875239889e-01
2.392769607843137081e-01
2.412427657630216438e-01
4.502369668246445356e-01
2.139037433155080437e-01
3.685141509433962348e-01
6.573005711657147199e-01
1.562106324011086067e-01
0.000000000000000000e+00
4.626593806921674989e-02
4.319939634031313980e-02
4.613095238095237666e-02
4.926764314247669696e-02
6.250000000000000000e-02
4.676986305355687601e-02
1.444444444444444309e-01
0.000000000000000000e+00
0.000000000000000000e+00
2.040816326530612013e-01
0.000000000000000000e+00
2.099946836788942339e-01
0.000000000000000000e+00
2.112299465240641827e-01
0.000000000000000000e+00
3.351235230934478948e-01
2.521212121212121349e-01
0.000000000000000000e+00
0.000000000000000000e+00
0.000000000000000000e+00
0.000000000000000000e+00
2.487244897959183521e-01
2.258986928104575187e-01
0.000000000000000000e+00
0.000000000000000000e+00
0.000000000000000000e+00
0.000000000000000000e+00
3.466120042350213093e-01
3.496924179371182495e-01
3.547745394321826784e-01
3.499146187921145512e-01
2.772309461716458423e-01
3.481900193827895951e-01
6.971300323335201110e-01
3.381170794499241961e-01
4.454489469866381723e-01
4.812242212027376120e-01
4.633295709912636506e-01
3.661863577388584368e-01
4.838240289597395272e-01
6.240477550371019699e-01
4.904192366117398616e-01
2.785101241759095902e-01
4.637734678336191130e-01
5.404204085836878946e-01
5.222538901400695099e-01
3.768439391300869579e-01
2.411875988692357975e-01
5.034083976338099564e-01
4.546232506584310662e-01
4.759735922672769792e-01
7.294191832493978067e-01
3.643612675690987568e-01
0.000000000000000000e+00
1.201398814798184528e-01
1.222847871627081445e-01
1.258649738293173281e-01
1.224402404444308590e-01
7.685699751522598322e-02
1.212362895977873722e-01
4.859902819813348152e-01
1.143231594157463199e-01
1.984247643715047749e-01
2.315767510721813138e-01
2.146742913549483933e-01
1.340924485940511723e-01
2.340856909988348333e-01
3.894356005668467846e-01
2.405110276388415791e-01
7.756788926848055821e-02
2.150858294664209358e-01
2.920542180137601918e-01
2.727491257664357849e-01
1.420113544590806964e-01
5.817145784830738547e-02
2.534200148082401127e-01
2.066823000392386811e-01
2.265508605358160510e-01
5.320523448922185317e-01
1.327591333045603783e-01
0.000000000000000000e+00
2.098475967174678047e-01
2.125824454591577761e-01
1.984000000000000208e-01
2.126436781609195581e-01
2.857142857142856984e-01
2.106187333384091365e-01
5.653829214582823948e-01
3.921568627450980338e-01
6.144085081585082264e-01
5.328357704417702179e-01
3.386640491916721452e-01
5.028906386136515749e-01
4.195177956371986538e-01
5.422347823325818217e-01
3.357703846965628403e-01
2.667022686930697883e-01
6.268886043533932195e-01
3.088936812468706661e-01
4.546399673838049660e-01
4.775971731448763191e-01
4.015184019915204461e-01
5.198898724657990966e-01
6.315789473684210176e-01
4.758686653625427421e-01
5.585913782635093527e-01
3.068744551002616228e-01
0.000000000000000000e+00
