5.882388520641427254e-01
5.951273111540550387e-01
5.714966100745223487e-01
6.005175861663334391e-01
3.135041025994621533e-01
5.826961256165786862e-01
4.176656259193041731e-01
4.298700240806386796e-01
6.823175589960546183e-01
2.300479801474459296e-01
4.414143950432656838e-01
3.669630382905307853e-01
1.507781848495567401e-01
4.059495843498843182e-01
2.904712435279159788e-01
3.568051967554537462e-01
7.212103168135841624e-02
4.506096506631229182e-01
6.016287057869859067e-01
2.433405976248649849e-01
5.089195690210900347e-01
5.706725260236003017e-01
6.692458301397740117e-01
7.444007485107890787e-01
2.345083009335315605e-01
4.385154026410446049e-01
0.000000000000000000e+00
6.251968954950309909e-02
6.176190126897967980e-02
5.720973273093461764e-02
6.407873154729359921e-02
2.797202797202796853e-02
6.153355150785302929e-02
1.455314097792826111e-01
3.862255706961177648e-02
6.147787044501459852e-02
6.234712030242384184e-02
7.148528405201914904e-02
5.424371930211313586e-02
4.883468834688346749e-02
7.614781634938409816e-02
3.948753948753949694e-02
9.956324413798067763e-02
0.000000000000000000e+00
1.457177775688633936e-01
8.480554681144193696e-02
1.779745989304815090e-02
1.061507936507936622e-01
3.878810440858521114e-02
9.844433641225082410e-02
2.339622641509434275e-01
2.255300639313750910e-02
9.240054869684499739e-02
0.000000000000000000e+00
2.043715846994535734e-01
2.201471420486700581e-01
2.269345238095238082e-01
2.170439414114513910e-01
1.875000000000000000e-01
2.119467289586532965e-01
4.814814814814813992e-01
2.911111111111110983e-01
8.777777777777776569e-01
6.646525679758308325e-01
4.654882154882155065e-01
5.249867091972355571e-01
0.000000000000000000e+00
5.783006535947712301e-01
6.344410876132930976e-01
6.945460327556051139e-01
1.969696969696969613e-01
6.193996415770609554e-01
6.671111111111110992e-01
4.431089743589743390e-01
1.000000000000000000e+00
7.617187500000000000e-01
9.035947712418300748e-01
1.000000000000000000e+00
0.000000000000000000e+00
3.989898989898990056e-01
0.000000000000000000e+00
2.625853979382886116e-01
2.586638430409345935e-01
2.376046541063982498e-01
2.617152203379139452e-01
1.920169118343293402e-01
2.554101108161302980e-01
4.188845216633598212e-01
1.867826670132197442e-01
1.918500504300315601e-01
1.442096745598316077e-01
2.487550160973060753e-01
2.169876980517895237e-01
3.736921056036320299e-01
1.900318753207622946e-01
7.056359197718395371e-02
1.036673478590595665e-01
1.023577264174703183e-01
3.841006743577259352e-01
1.964603510752118420e-01
1.130906485075887369e-01
1.000852413933559781e-01
1.043110626556264381e-01
3.164026286299904123e-01
2.769758823290151550e-01
2.283992039747287095e-01
2.984353299517586433e-01
0.000000000000000000e+00
6.895109121040939038e-02
6.690698369670522450e-02
5.645597165302116555e-02
6.849485655652286231e-02
3.687049443039260022e-02
6.523432470710796571e-02
1.754642424891417196e-01
3.488776469657133006e-02
3.680644185000565144e-02
2.079643023665254942e-02
6.187905803357100082e-02
4.708366110581456432e-02
1.396457897904760936e-01
3.611211363792574819e-02
4.979220512722499353e-03
1.074691901213126188e-02
1.047710415735370222e-02
1.475333280420598192e-01
3.859666954459548688e-02
1.278949477986698544e-02
1.001705554476633661e-02
1.088079779234602494e-02
1.001106234039676329e-01
7.671563939193647153e-02
5.216619637628973349e-02
8.906364616341506946e-02
0.000000000000000000e+00
6.709652207893708198e-01
6.790461694571283680e-01
6.767999999999999572e-01
6.803160919540229834e-01
4.642857142857142461e-01
6.725123093869829205e-01
4.138780548539228166e-01
6.502525252525253041e-01
7.360307932085277116e-01
2.949434365677677805e-01
4.328482149771800680e-01
5.306328071507531163e-01
1.682692307692307820e-01
4.135245539146809035e-01
3.176236014802921170e-01
5.323290084895082597e-01
9.495934570160133315e-02
3.845745103060234094e-01
7.031381082214767098e-01
3.087529787428371919e-01
6.082660148068484984e-01
6.972850796290042119e-01
7.721248741188319054e-01
7.428665666909495258e-01
5.451348171966269307e-01
5.410203455438067355e-01
0.000000000000000000e+00
