2.967527565404808332e-01
3.043829145790407642e-01
2.999781948435867873e-01
3.138367688689904234e-01
3.149377486502584755e-01
3.003827468859919803e-01
4.521889606055787270e-01
6.540101664550664884e-01
4.201687368186106664e-01
5.034888819000720162e-01
3.394128889558422624e-01
4.257021600222657964e-01
4.912720061043002739e-01
5.369574195134190209e-01
4.099768326171868704e-01
1.963427850849454037e-01
6.718795321650818941e-01
3.826218975539338873e-01
3.949036842739290787e-01
5.427893229557612109e-01
4.540576440269592506e-01
4.111617755682598907e-01
4.983882530381757991e-01
4.100585467005124496e-01
4.441824357018144820e-01
3.496676287552362705e-01
0.000000000000000000e+00
3.644929404015236352e-01
3.748698012176336913e-01
3.617658265744924106e-01
4.121377802077637598e-01
2.692307692307692180e-01
3.735596337200210448e-01
3.025007398352439481e-01
2.091468197578582600e-01
1.787037463559729145e-01
3.148765843895930949e-01
1.575975359342915438e-01
3.517117256096776723e-01
2.751634853305054418e-01
2.406980920788522882e-01
2.381223328591750010e-01
2.243521855658754949e-01
4.808805174174513586e-01
1.966406568267995425e-01
1.749962411667418394e-01
2.973007195752410126e-01
3.510204081632654072e-01
1.550440081245768598e-01
1.384083044982699073e-01
3.207547169811321153e-01
2.828145286424522675e-01
2.127070159590485066e-01
0.000000000000000000e+00
5.646630236794171476e-02
5.961139407658931633e-02
6.398809523809523281e-02
6.125166444740347271e-02
6.250000000000000000e-02
6.132134373552433626e-02
9.318996415770609831e-02
0.000000000000000000e+00
0.000000000000000000e+00
0.000000000000000000e+00
0.000000000000000000e+00
0.000000000000000000e+00
0.000000000000000000e+00
2.098671726755218236e-01
0.000000000000000000e+00
1.784897025171624796e-01
1.293532338308457652e-01
0.000000000000000000e+00
0.000000000000000000e+00
0.000000000000000000e+00
1.859550561797752855e-01
1.904296875000000000e-01
1.748893105629348854e-01
0.000000000000000000e+00
0.000000000000000000e+00
0.000000000000000000e+00
0.000000000000000000e+00
4.695473437747699763e-01
4.826079711665600125e-01
4.770705174952104555e-01
4.998574730315274439e-01
3.925811941271638017e-01
4.764555279198345872e-01
5.544772776280765259e-01
5.345652839133110401e-01
4.009411185990433557e-01
4.232385690889666208e-01
3.936832001178592333e-01
4.876728880671291066e-01
5.017279279905012546e-01
4.536929102294737781e-01
4.149691698574578536e-01
2.540910483318701840e-01
6.026917507175738598e-01
4.881788751284866779e-01
4.439444599963098259e-01
3.999570213812375097e-01
2.534862116092998496e-01
3.736748071577473684e-01
4.386665043421605348e-01
5.291123927418589501e-01
4.225670702736604722e-01
4.137178666267723459e-01
0.000000000000000000e+00
2.204747080459420194e-01
2.329104538335032282e-01
2.275962786631479384e-01
2.498574933454642266e-01
1.541199939823098553e-01
2.270098700853682983e-01
3.074450514058430506e-01
2.857600427653187447e-01
1.607537805834521050e-01
1.791308863644759664e-01
1.549864620550384098e-01
2.378248457557345930e-01
2.517309137256416030e-01
2.058372567924892926e-01
1.721994119321876571e-01
6.456226084238880780e-02
3.632373463830141369e-01
2.383186141217145670e-01
1.970866835614150936e-01
1.599656189521516947e-01
6.425525947603473453e-02
1.396328615043797017e-01
1.924283020317708037e-01
2.799599241530152383e-01
1.785629288796646841e-01
1.711624731662078625e-01
0.000000000000000000e+00
1.731144978507229426e-01
1.795027904616945946e-01
1.896000000000000463e-01
1.939655172413792816e-01
3.571428571428571508e-01
1.870714670591025475e-01
4.767878355904014986e-01
6.250000000000000000e-01
5.216346153846154188e-01
5.206114680159805719e-01
3.193446215711368552e-01
4.966771937053515162e-01
5.174948944860449096e-01
5.373497842935496260e-01
3.985819964489115130e-01
3.033879050527372723e-01
6.169716804031603052e-01
3.823413810595593931e-01
4.613207770110597794e-01
5.326667167882113141e-01
5.063551849752855327e-01
4.679558741586034021e-01
6.885245901639344135e-01
3.947863866763215435e-01
6.261134129986588581e-01
3.980947580645161632e-01
0.000000000000000000e+00
