4.216344494611490301e-01
4.196761413394226592e-01
3.970415195831231703e-01
4.146309584493327316e-01
3.928325174101909290e-01
4.124950762129572235e-01
3.967359878859386124e-01
3.558191120135741348e-01
2.954161562829908938e-01
1.262015016421831892e-01
5.037204577534475369e-01
3.653997973225409091e-01
3.550272851567672361e-01
5.432667707361543696e-01
3.746616613516754457e-01
5.131214742736237566e-01
4.752828024202547241e-01
4.575918025000110245e-01
3.852204089455300018e-01
9.536246328461389643e-02
2.827854987031651612e-01
8.595490491673800637e-01
4.560383180825906546e-01
5.786552168529387474e-01
8.174378920127741699e-01
5.566745044167830114e-01
0.000000000000000000e+00
5.515937795343242578e-02
5.359055233624293590e-02
5.084099940123019967e-02
5.478403499179879815e-02
7.692307692307691347e-02
5.454655890118205452e-02
1.707398397075713115e-01
6.041930552522385700e-02
1.820352303492192569e-02
2.640356729047432793e-02
6.047845486405953319e-02
6.535697580473698309e-02
7.865531036262742026e-02
1.160347677704900576e-01
6.784335355763926323e-02
3.133607111638875842e-01
1.489844547827073318e-01
1.292657704239916772e-01
5.510773394399919034e-02
0.000000000000000000e+00
6.258503401360543394e-02
1.393364928909953115e-01
2.139037433155081824e-02
2.989840348330914388e-01
1.835050116186314195e-01
1.228236783792339415e-01
0.000000000000000000e+00
1.060109289617486295e-01
1.035653650254668851e-01
9.375000000000000000e-02
9.187749667110520213e-02
6.250000000000000000e-02
1.009780584121876407e-01
4.126984126984126200e-01
0.000000000000000000e+00
6.076923076923076428e-01
6.153846153846154188e-01
6.301994301994302550e-01
4.399888610414926515e-01
0.000000000000000000e+00
7.643188854489163520e-01
8.076923076923077094e-01
5.052631578947368585e-01
2.000000000000000111e-01
5.663082437275985814e-01
2.507936507936507353e-01
3.376068376068376287e-01
5.253968253968254176e-01
1.000000000000000000e+00
7.745098039215686514e-01
7.218045112781954487e-01
8.507692307692307221e-01
8.359788359788359324e-01
0.000000000000000000e+00
2.942072050469017874e-01
2.912814633067646874e-01
2.776043569270482680e-01
2.934074863822537238e-01
4.546163733782204175e-01
2.908895667944561558e-01
5.354899884353516715e-01
3.077330341902938526e-01
1.851963549296345712e-01
9.690561630945569715e-02
1.733999822052681994e-01
2.774188935878458828e-01
3.836450301948496344e-01
2.331203991319053814e-01
7.375228593550803291e-02
4.728881244437935782e-01
5.150675497138295089e-01
3.923526632281484350e-01
3.205670640728989218e-01
1.125871579527629174e-01
1.252366845266706941e-01
1.736861704976095933e-01
1.088076394503842970e-01
5.877951030220404105e-01
4.125495987800841258e-01
1.995926882722685591e-01
0.000000000000000000e+00
8.655787950150972687e-02
8.484489086613009046e-02
7.706417898488003571e-02
8.608795306515243384e-02
2.066760469435654779e-01
8.461674006986638630e-02
2.867495277144930244e-01
9.469962033196455131e-02
3.429768987922318657e-02
9.390698472315446577e-03
3.006755382878732730e-02
7.696124251950453576e-02
1.471835091932070794e-01
5.434512049141886764e-02
5.439399680712933213e-03
2.236231782399687729e-01
2.652945807682082213e-01
1.539406123422208672e-01
1.027632425683180639e-01
1.267586813588038493e-02
1.568422715123283379e-02
3.016688582212471992e-02
1.183910240276482735e-02
3.455030831366911470e-01
1.701971714536083813e-01
3.983724121175098720e-02
0.000000000000000000e+00
4.220398593200469506e-01
4.237442922374429211e-01
4.120000000000000884e-01
4.159482758620689502e-01
2.500000000000000000e-01
4.154298512506254260e-01
3.643433931613396792e-01
3.687423687423687646e-01
3.546272717666947849e-01
1.845282288694369555e-01
5.184116468606291273e-01
5.397958600259780138e-01
4.839198588186442440e-01
5.480278889814341747e-01
3.886107410054150946e-01
6.525755247595890207e-01
4.477340154286040264e-01
4.380572096666147663e-01
5.408269318106833090e-01
1.272428148381282154e-01
3.486926556079575912e-01
9.346921836820363261e-01
6.316946211683053258e-01
3.983580583870229286e-01
9.405009273596252051e-01
5.445009701673539926e-01
0.000000000000000000e+00
