3.774212907710617904e-01
3.815917250603437783e-01
3.705823826852571168e-01
3.755230350924975147e-01
2.173809333017772683e-01
3.741354073099080191e-01
4.006925966318548027e-01
2.946293580607061147e-01
3.807744503600760666e-01
5.843260872902202863e-01
4.546141969630990709e-01
3.048362946335255730e-01
4.991379569935460725e-01
6.276863526311028396e-01
5.887437643013531119e-01
3.062277531555880339e-01
3.939629016201947054e-01
5.917982487144557435e-01
2.396136524986557936e-01
6.008593234906121072e-01
2.335473825895561795e-01
3.686515214371317017e-01
4.682330242136641951e-01
3.786671972911359596e-01
3.052807467726416091e-01
4.988014197895537238e-01
0.000000000000000000e+00
1.060228541970959643e-01
1.061248441282182930e-01
1.051113167492243178e-01
1.115363586659376682e-01
7.342657342657342434e-02
1.066293949245726430e-01
2.403045661995733828e-01
9.446394214052250549e-02
8.340673875909887514e-02
2.727151434289526444e-01
1.271105896157230797e-01
1.164470855598550292e-01
2.999802393857271543e-01
2.266275233800429389e-01
2.722007722007722674e-01
3.307564652376882575e-01
1.438387793930213654e-01
2.537653169105624773e-01
7.461414022200289764e-02
2.780530690537084126e-01
1.618517536884884200e-01
1.209463745941710133e-01
9.581105169340463357e-02
1.997780244173140984e-01
1.923154991462992514e-01
2.809147945759967735e-01
0.000000000000000000e+00
1.030965391621129351e-01
9.526504433125825011e-02
9.449404761904761640e-02
1.051930758988015996e-01
1.250000000000000000e-01
1.007773286621937714e-01
2.407407407407406996e-01
0.000000000000000000e+00
2.747826086956521863e-01
6.488011283497884252e-01
0.000000000000000000e+00
2.717578259373925054e-01
0.000000000000000000e+00
3.895737935892920611e-01
2.702702702702702853e-01
2.691975841242450485e-01
1.556886227544910239e-01
0.000000000000000000e+00
0.000000000000000000e+00
0.000000000000000000e+00
1.303149606299212615e-01
1.997950819672131284e-01
1.891244870041039750e-01
0.000000000000000000e+00
0.000000000000000000e+00
4.085566525622942868e-01
0.000000000000000000e+00
3.089084903375348135e-01
3.111720850567679664e-01
3.019009908709681111e-01
3.090370704042540995e-01
2.106030220460515245e-01
3.061235086834735442e-01
4.966739449041961962e-01
2.457387292924290700e-01
2.739179003460772144e-01
3.660831717336083813e-01
3.528781768761078963e-01
3.412757298504870973e-01
5.092200898921682706e-01
4.452169459961125564e-01
4.748651181732994053e-01
2.901441084114048108e-01
3.224835953119016274e-01
5.718688902599294854e-01
3.151342160010166538e-01
4.285107900758826638e-01
1.662230425555162594e-01
3.682431833723435188e-01
3.583922694781907503e-01
3.651974393280463249e-01
3.318333086479082206e-01
4.428178109881661939e-01
0.000000000000000000e+00
9.542445540261483561e-02
9.682806651857643609e-02
9.114420828887238868e-02
9.550391088404391882e-02
4.435363289492966210e-02
9.371160256868070471e-02
2.466850075466964776e-01
6.038752307425773042e-02
7.503101613000350001e-02
1.340168886265385995e-01
1.245230077154056980e-01
1.164691237849826422e-01
2.593050999497878983e-01
1.982181290021053643e-01
2.254968804577415775e-01
8.418360364584902278e-02
1.039956692452903703e-01
3.270340276471232488e-01
9.930957409457540075e-02
1.836214972114571797e-01
2.763009987641296475e-02
1.356030421001974129e-01
1.284450188217281241e-01
1.333691696917621017e-01
1.101133447282179045e-01
1.960876137283513732e-01
0.000000000000000000e+00
2.622118014849550427e-01
2.724505327245053676e-01
2.592000000000000415e-01
2.643678160919540332e-01
2.857142857142856984e-01
2.671391577935141592e-01
4.163556323763739631e-01
3.478260869565217295e-01
4.554835164835164263e-01
6.416241753845713935e-01
4.599610708919547042e-01
3.873205633192669528e-01
4.887573964497042289e-01
6.554486379844396415e-01
5.669460833143333822e-01
4.351499819615598508e-01
3.694570986751368746e-01
5.702564475076636885e-01
3.111429135412554503e-01
6.298482643940968018e-01
2.447416222230998084e-01
4.353598128127047495e-01
6.486486486486486847e-01
4.296101858556600761e-01
5.259352669188734897e-01
4.430967741935483706e-01
0.000000000000000000e+00
