3.376476992538987032e-01
3.465342516093292136e-01
3.356726620720569265e-01
3.458155249709184420e-01
2.976384196373163538e-01
3.377994774149065682e-01
4.801205186612556575e-01
4.179155729085575199e-01
3.268849903912403043e-01
5.461521910180813233e-01
3.253768856697555889e-01
3.804231950158268871e-01
4.600469046578021248e-01
5.041737710276305018e-01
3.625870028635997944e-01
3.733761877109631477e-01
6.275537877213972493e-01
2.968827583153823557e-01
4.734771602805141200e-01
4.108484219059356790e-01
4.251595343541532124e-01
4.080080862545585885e-01
5.467867481031702948e-01
5.809292096696452301e-01
2.948926533027931285e-01
3.378616285579637557e-01
0.000000000000000000e+00
1.029584443107941644e-01
1.032054573461453906e-01
1.045669805671983060e-01
1.081465281574630899e-01
5.594405594405593707e-02
1.043124165715774293e-01
2.627281654087796348e-01
2.061904227879332030e-01
7.613137581353107697e-02
2.136891260840560192e-01
7.270426436177832019e-02
2.506345215380683111e-01
2.480906627248090079e-01
1.817309230523116437e-01
2.829564258135686683e-01
2.728517174116105726e-01
2.491794925592338283e-01
1.559023534204506123e-01
1.170454545454545775e-01
1.340421303656597618e-01
1.887755102040816479e-01
1.848341232227488362e-01
1.302683934409610278e-01
4.027034638130103650e-01
1.392273058332781366e-01
1.202144905848609724e-01
0.000000000000000000e+00
8.706739526411656771e-02
9.356725146198829890e-02
7.812500000000000000e-02
8.921438082556591709e-02
1.250000000000000000e-01
8.744785279559681712e-02
3.680823680823680499e-01
0.000000000000000000e+00
0.000000000000000000e+00
5.217391304347825942e-01
1.780998389694041784e-01
0.000000000000000000e+00
0.000000000000000000e+00
2.427568042142230209e-01
1.986754966887417095e-01
3.328591749644381759e-01
2.582781456953642252e-01
0.000000000000000000e+00
0.000000000000000000e+00
1.208479020979021101e-01
3.194980694980695257e-01
0.000000000000000000e+00
1.712074303405572706e-01
0.000000000000000000e+00
0.000000000000000000e+00
0.000000000000000000e+00
0.000000000000000000e+00
2.972864148786057426e-01
3.021787763085821421e-01
2.977240122789511778e-01
3.076080121480044283e-01
2.189455004405152228e-01
2.980880951110647659e-01
5.093347229756639560e-01
4.484832809769708772e-01
3.397143372357780411e-01
2.991117253290922484e-01
2.813085248326008259e-01
4.779566692218604196e-01
4.506284933452237573e-01
3.491025493147644765e-01
4.539983452440475853e-01
3.140127613853745947e-01
4.536717256226607820e-01
4.763244375608411407e-01
4.274900548348246065e-01
2.818911595725496766e-01
1.940624996795640989e-01
4.050979231924720092e-01
4.649338931554399257e-01
6.161561661860698313e-01
3.110327662031601159e-01
3.663028879933190596e-01
0.000000000000000000e+00
8.837921247137452141e-02
9.131201285135209789e-02
8.863958748747707839e-02
9.462268913764688982e-02
4.793713216314765546e-02
8.885651244694318940e-02
2.594218600286962717e-01
2.011372533158685971e-01
1.154058309235439228e-01
8.946782422934632106e-02
7.913448614349398447e-02
2.284425776536548602e-01
2.030660390145863081e-01
1.218725899380675298e-01
2.061144974843333588e-01
9.860401431286820728e-02
2.058180346294427865e-01
2.268849698176516883e-01
1.827477469826813139e-01
7.946262584515666194e-02
3.766025378188082168e-02
1.641043273748539755e-01
2.161635250046740897e-01
3.796484211291157873e-01
9.674138165198969963e-02
1.341778057522460821e-01
0.000000000000000000e+00
2.315357561547479459e-01
2.365296803652968127e-01
2.300000000000000377e-01
2.349137931034482873e-01
4.285714285714285476e-01
2.349192719396331896e-01
4.663742892147165753e-01
3.827245764433429565e-01
5.150434478465031329e-01
6.373597852653954954e-01
3.392156990765080593e-01
4.103006677520863454e-01
5.186348862405201210e-01
5.381961594116676517e-01
3.618305214874308895e-01
4.816895619019163632e-01
5.789371813704312641e-01
2.935125574437089657e-01
6.571938025206531808e-01
3.826283994929490784e-01
4.452613667758731353e-01
4.769072779821208474e-01
6.863636363636363980e-01
5.633458319812156834e-01
4.815401698119017304e-01
3.540522731962308378e-01
0.000000000000000000e+00
