2.867911236350827453e-01
2.881347503597109228e-01
2.787471283689135770e-01
2.792952463108915317e-01
1.733572364338412664e-01
2.835344283643579377e-01
1.707899496219943969e-01
1.972394507761734417e-01
5.408757794530507645e-01
7.145383696925926564e-01
4.744025264988108170e-01
1.599440462283520104e-01
4.390522288660450578e-01
7.178708178569060960e-01
7.078275937476735669e-01
2.460472266203916902e-01
6.037357941261709549e-01
6.939006850571043383e-01
1.567404323133924082e-01
4.846245117764804156e-01
2.357622414762641505e-01
3.050074765599780080e-01
4.712207367172521755e-01
4.060990230952564728e-01
1.606924353871131694e-01
6.923178977424668812e-01
0.000000000000000000e+00
1.642752813815619717e-01
1.671238905596713897e-01
1.595993685700288767e-01
1.670858392564242845e-01
1.258741258741258862e-01
1.614445224840725668e-01
1.135597425531603977e-01
1.496230095400220006e-01
2.224466350889642841e-01
3.770819890856198509e-01
3.056561508306887553e-01
1.266970554690371176e-01
2.502602617489588788e-01
2.308393447746035498e-01
4.260533825751218195e-01
4.468251253622112507e-01
2.324118803630255137e-01
3.926637873349960728e-01
6.658034871155850409e-02
4.959558823529411908e-01
1.645926663348266095e-01
1.642283123840923009e-01
1.604278074866309911e-01
3.240843507214207220e-01
1.396105309279995765e-01
3.169472502805836256e-01
0.000000000000000000e+00
6.994535519125683054e-02
7.262780607432559044e-02
6.249999999999999306e-02
5.992010652463382325e-02
6.250000000000000000e-02
6.925352830608076660e-02
1.163310961968680030e-01
0.000000000000000000e+00
0.000000000000000000e+00
3.448275862068965747e-01
0.000000000000000000e+00
0.000000000000000000e+00
0.000000000000000000e+00
3.127828054298643079e-01
4.545454545454545858e-01
1.772056039379023284e-01
1.768707482993197300e-01
0.000000000000000000e+00
0.000000000000000000e+00
0.000000000000000000e+00
0.000000000000000000e+00
0.000000000000000000e+00
0.000000000000000000e+00
0.000000000000000000e+00
0.000000000000000000e+00
0.000000000000000000e+00
0.000000000000000000e+00
3.455314246903382069e-01
3.504497338177444687e-01
3.377837298572755054e-01
3.403709881764632739e-01
2.628388965299834901e-01
3.424561127830794693e-01
3.816585197703195043e-01
2.940258493327888023e-01
4.391032038977636387e-01
5.531486181506848343e-01
4.550477147731876171e-01
3.453836258958093430e-01
4.448326693167398149e-01
4.566032000635975030e-01
5.717753973168535619e-01
3.868423310809144811e-01
5.036281884408735365e-01
7.373747088374856817e-01
3.269358762463525081e-01
4.198022919586728019e-01
1.695069724270767964e-01
3.868686329593121198e-01
5.069995291520433822e-01
5.218324235823441626e-01
2.853235043285133887e-01
6.253661841489275286e-01
0.000000000000000000e+00
1.193919654485348647e-01
1.228150159329279290e-01
1.140978481562928970e-01
1.158524095922221220e-01
6.908428552909935683e-02
1.172761891824972563e-01
1.456632257132713382e-01
8.645120007586780397e-02
1.928116236732809463e-01
3.059733937620121580e-01
2.070684227203002936e-01
1.192898490369363601e-01
1.978761036914559457e-01
2.084864823083175944e-01
3.269271049768455728e-01
1.496469891161158750e-01
2.536413521922359915e-01
5.437214612331668917e-01
1.068870671769703018e-01
1.762339643337547945e-01
2.873261370139376658e-02
1.496673391678070009e-01
2.570485225603937329e-01
2.723090783018231598e-01
8.140950212230320393e-02
3.910828642769905161e-01
0.000000000000000000e+00
1.836654943337241164e-01
1.827498731608320770e-01
1.720000000000000417e-01
1.738505747126436463e-01
2.142857142857142461e-01
1.874213615702124969e-01
1.545527107509056253e-01
6.344171292624900538e-02
6.144085081585082264e-01
7.300391397634703461e-01
4.443742506336413323e-01
1.746176620965277926e-01
4.552252528348145755e-01
7.502619629758994213e-01
7.027839778346218758e-01
3.211987121126012035e-01
5.286760563380282774e-01
6.547931110114075803e-01
2.239463087248322604e-01
4.606803852282961853e-01
2.675893246270826253e-01
3.646084689489296204e-01
6.350364963503649651e-01
4.116517243954631033e-01
3.400443536113406107e-01
7.516820276497695463e-01
0.000000000000000000e+00
