1.919405395981655105e-01
1.933329615863479956e-01
1.896029444724603719e-01
1.786195088159562849e-01
8.708758532717369993e-02
1.886938294324415344e-01
1.901971692787304824e-01
2.938890438694813922e-01
3.424168946012460246e-01
7.962286302218242184e-01
4.621560684838484367e-01
2.474161443223371615e-01
2.690757865389828973e-01
7.138160848849685047e-01
7.750039484994806216e-01
3.286394874978888492e-01
5.823568588110268340e-01
6.304858561643620352e-01
8.345646826494645953e-02
3.352464509972843953e-01
1.323619195561323292e-01
3.232745696661350476e-01
4.893848520925906387e-01
4.276712856771217597e-01
2.940765021596336570e-01
7.043890094494877907e-01
0.000000000000000000e+00
1.027293295529398270e-01
1.034548521968752244e-01
1.010832290022317809e-01
9.994532531437944067e-02
3.846153846153846367e-02
1.013694438944276049e-01
1.137691639542049160e-01
2.085490782939936061e-01
9.806781685092563761e-02
5.614812390650371077e-01
2.572365370603431067e-01
1.630047240749189219e-01
3.018765362072224900e-01
4.539007092198581450e-01
5.178175833913539750e-01
3.628717035277819192e-01
2.851469420174741476e-01
3.692062791211088713e-01
7.391707591491690488e-02
1.957720588235293824e-01
1.211734693877551117e-01
1.323457901192454655e-01
2.139037433155080437e-01
3.876500857632932950e-01
2.149509538051478930e-01
2.968053964617538565e-01
0.000000000000000000e+00
4.772313296903460400e-02
4.621769477457082775e-02
4.315476190476190410e-02
3.861517976031957761e-02
6.250000000000000000e-02
4.421706484141064986e-02
0.000000000000000000e+00
0.000000000000000000e+00
2.548387096774193394e-01
0.000000000000000000e+00
0.000000000000000000e+00
0.000000000000000000e+00
0.000000000000000000e+00
3.460575719649561788e-01
2.727272727272727071e-01
3.098311817279046920e-01
1.460674157303370746e-01
0.000000000000000000e+00
0.000000000000000000e+00
0.000000000000000000e+00
0.000000000000000000e+00
0.000000000000000000e+00
0.000000000000000000e+00
0.000000000000000000e+00
0.000000000000000000e+00
0.000000000000000000e+00
0.000000000000000000e+00
2.265126741160254364e-01
2.299684939234734327e-01
2.292123760019293965e-01
2.179897104364179328e-01
1.450561422715589965e-01
2.248569603951094675e-01
4.452361499194558703e-01
4.592592355355493705e-01
3.295310333952314319e-01
7.560847177626623949e-01
4.361675201425025405e-01
3.889012182111856730e-01
4.662269745159343670e-01
6.468131763874215290e-01
6.506571275484244188e-01
3.691392046807628335e-01
4.548551021001726591e-01
7.831268942633241581e-01
3.237961865899412484e-01
3.821160048947180310e-01
1.739830681274462110e-01
3.907323138470029655e-01
5.162836858909402027e-01
5.376534967250855557e-01
3.910881914325441966e-01
6.742715593522307094e-01
0.000000000000000000e+00
5.130799153519274153e-02
5.288550819743062514e-02
5.253831331244987468e-02
4.751951385615333506e-02
2.104128441070675717e-02
5.056065263812782595e-02
1.982352291951001710e-01
2.109190454246971380e-01
1.085907019705291271e-01
5.716641004342447596e-01
1.902421056272603495e-01
1.512441575261442017e-01
2.173675917662817036e-01
4.183672851483855593e-01
4.233546976295666231e-01
1.362637524323460914e-01
2.068931639065584860e-01
6.132877325185197570e-01
1.048439704501880620e-01
1.460126411967001547e-01
3.027010799503958988e-02
1.526717410842328149e-01
2.665488443171351030e-01
2.890712825407116826e-01
1.529499734779783404e-01
4.546421357512888672e-01
0.000000000000000000e+00
1.137162954279015425e-01
1.078640284119736087e-01
1.096000000000000169e-01
9.913793103448276245e-02
1.428571428571428492e-01
1.123620183742494311e-01
2.336028877012482907e-01
0.000000000000000000e+00
4.676061916457636136e-01
7.979941740976338460e-01
4.119240021084153991e-01
2.789278134894701000e-01
2.914512453838296602e-01
6.833402727698327794e-01
7.211647470068960342e-01
3.997582636063841122e-01
5.298302636330806115e-01
5.737705326862546640e-01
1.582827826535880555e-01
3.502395187446178393e-01
1.301603946671255896e-01
4.335003525230707311e-01
6.569430569430568800e-01
3.818576585746079055e-01
4.533924714817874624e-01
8.104839504043324094e-01
0.000000000000000000e+00
