2.351590304526935682e-01
2.354126217557384049e-01
2.313273939597691176e-01
2.202705226751733858e-01
1.339489271407695026e-01
2.313378634617792307e-01
2.122911364993795291e-01
3.246297162301359784e-01
5.385287921367227781e-01
6.817729639533045560e-01
4.551599167752040098e-01
3.055480883322861940e-01
3.271957241093481072e-01
7.152960343084970862e-01
6.868488398483869606e-01
2.729385400073217616e-01
5.303382441235759970e-01
5.366876142645520265e-01
2.032315565314143369e-01
4.283592854971858821e-01
1.706356934101720679e-01
4.243445294060029238e-01
5.226090049851274122e-01
3.320528665744233443e-01
3.790882101480410604e-01
5.990523750391940627e-01
0.000000000000000000e+00
1.060228541970959643e-01
1.030880950634489868e-01
1.016819988024603993e-01
1.066156369600874954e-01
4.545454545454545581e-02
1.050056170167244646e-01
1.466115336720570650e-01
4.656846473029045974e-01
2.104694155549308721e-01
3.737065020090913903e-01
1.763175906913073132e-01
1.924333715378490905e-01
2.148552666845349179e-01
3.348264277715565784e-01
4.020959735245449584e-01
2.588986195636039933e-01
1.970853334254238920e-01
3.139311567439798667e-01
7.414884979702300594e-02
2.871323529411765052e-01
1.621155504455303320e-01
2.606635071090047107e-01
1.614867369089850180e-01
2.809224318658281039e-01
2.533721777130371056e-01
3.024103468547913454e-01
0.000000000000000000e+00
6.338797814207650094e-02
6.376155442369363380e-02
5.729166666666666435e-02
5.592543275632490263e-02
6.250000000000000000e-02
6.076905793597965622e-02
0.000000000000000000e+00
0.000000000000000000e+00
3.472527472527472403e-01
0.000000000000000000e+00
0.000000000000000000e+00
2.165570175438596701e-01
0.000000000000000000e+00
4.831100757134537127e-01
2.222222222222222376e-01
1.466165413533834505e-01
2.113821138211382233e-01
0.000000000000000000e+00
0.000000000000000000e+00
0.000000000000000000e+00
0.000000000000000000e+00
0.000000000000000000e+00
2.541360294117647189e-01
0.000000000000000000e+00
0.000000000000000000e+00
0.000000000000000000e+00
0.000000000000000000e+00
2.466083991991929458e-01
2.464297781318700309e-01
2.427591153167748261e-01
2.347816047660188921e-01
1.846241938925220483e-01
2.430397010770562749e-01
3.973204427687774265e-01
7.321157674703780982e-01
3.466803203837926506e-01
5.450771055081141681e-01
4.133303060686860930e-01
3.682602842915999042e-01
4.568149844157357031e-01
5.613949730947389583e-01
6.044336504474777660e-01
3.493010726062837357e-01
3.593700637217754346e-01
5.534782336057518792e-01
3.449788787592776851e-01
4.057355840036417360e-01
1.718245831534674362e-01
4.666376356177964202e-01
4.290451758805115534e-01
4.752122741343982049e-01
4.110777655860233248e-01
5.944923943439249792e-01
0.000000000000000000e+00
6.081570255558851196e-02
6.072763555012267167e-02
5.893198806938319129e-02
5.512240193650710246e-02
3.408609297046356901e-02
5.906829629962486589e-02
1.578635342419772991e-01
5.359934969787406578e-01
1.201872445414091245e-01
2.971090509491038367e-01
1.708419419148336782e-01
1.356156369865299527e-01
2.086799299867488355e-01
3.151643158160425950e-01
3.653400377932637388e-01
1.220112393239002752e-01
1.291468426993929441e-01
3.063381550753432880e-01
1.190104267900084223e-01
1.646213641267762484e-01
2.952368737586284417e-02
2.177506829749673856e-01
1.840797629463390983e-01
2.258267054879864455e-01
1.689849293591975943e-01
3.534212069327729577e-01
0.000000000000000000e+00
1.498632278233685278e-01
1.525114155251141579e-01
1.564000000000000390e-01
1.458333333333333148e-01
1.428571428571428492e-01
1.501478015536393817e-01
2.382227936712024985e-01
1.155402440807969111e-01
6.430105610837804075e-01
7.048771746404268734e-01
4.849236865245657446e-01
3.428558994504798396e-01
3.600421097429177819e-01
6.942738960359660094e-01
6.661538541758331711e-01
3.676665857303520468e-01
5.427013806979811283e-01
5.059367388530696674e-01
2.912092521572386961e-01
3.778823123710279286e-01
1.265133478202047912e-01
4.937406350350088680e-01
6.747967479674796820e-01
3.715705205567623737e-01
5.595337472502099896e-01
6.061296534017970306e-01
0.000000000000000000e+00
