3.450389773038593511e-01
3.483882008541717701e-01
3.489249818425167460e-01
3.391119111156487564e-01
1.725589630772552674e-01
3.441186460836006544e-01
2.767107508725434317e-01
1.586037888212008529e-01
6.452464550000411858e-01
7.084904309011601509e-01
4.888107237637512870e-01
3.682721604113345926e-01
2.527712062705915197e-01
6.701136365186226573e-01
6.570054685448409870e-01
1.952800152700513436e-01
5.356432599805818207e-01
5.439005759736326162e-01
1.722120999978903888e-01
5.234938042552814697e-01
1.944460872543564978e-01
3.176082735689828573e-01
5.135913847974022950e-01
4.809022300857429544e-01
2.078665669005173300e-01
5.180270714225053696e-01
0.000000000000000000e+00
2.525703811896783946e-01
2.526223135039976642e-01
2.553481029884056563e-01
2.707490431930016372e-01
7.692307692307691347e-02
2.561408973085370633e-01
1.854959938119353502e-01
8.215767634854773127e-02
2.104694155549308721e-01
3.583156447732831484e-01
1.250837566194747397e-01
1.615265941673121042e-01
1.551541075112243262e-01
2.409545507201606429e-01
2.726993786596435543e-01
2.612438770966304946e-01
2.374900714853057648e-01
3.386620350003141655e-01
9.477672530446550059e-02
3.026830413016269872e-01
1.150278293135436058e-01
2.571678262915532698e-01
1.080004194191045291e-01
2.915951972555745897e-01
1.809699185092553120e-01
2.384479717813051680e-01
0.000000000000000000e+00
8.597449908925318407e-02
8.715336728919070852e-02
9.449404761904761640e-02
7.856191744340879080e-02
6.250000000000000000e-02
8.778810964163633046e-02
0.000000000000000000e+00
0.000000000000000000e+00
4.086206896551723977e-01
5.202312138728324431e-01
3.056937534549474811e-01
1.066126855600540019e-01
0.000000000000000000e+00
4.366363995262534936e-01
2.486187845303867161e-01
2.831215970961887818e-01
1.350649350649350544e-01
2.378494623655914297e-01
0.000000000000000000e+00
2.835897435897435925e-01
0.000000000000000000e+00
2.138157894736842091e-01
0.000000000000000000e+00
2.109890109890109888e-01
0.000000000000000000e+00
0.000000000000000000e+00
0.000000000000000000e+00
4.420227300659562708e-01
4.469848159669879695e-01
4.554394000302556811e-01
4.492841300691917117e-01
2.268297670024213841e-01
4.448472462194370536e-01
4.896639124957783418e-01
2.079701568622008279e-01
3.778442514961972698e-01
4.797781212704484988e-01
3.151055581534958905e-01
4.429921946919107012e-01
3.837519945367104945e-01
4.141920356091194355e-01
4.597347317520883991e-01
3.064052241725239156e-01
5.193979161341941708e-01
5.636454558671912807e-01
2.758255262456151824e-01
3.558541623315274460e-01
1.372335906847184650e-01
4.259684458260743489e-01
4.242102567415295677e-01
4.401211565883483834e-01
3.528036217424440069e-01
4.726971923930526898e-01
0.000000000000000000e+00
1.953840938949612527e-01
1.997954257050420512e-01
2.074250470999192963e-01
2.018562295320303623e-01
5.145174319837277077e-02
1.978890724690164915e-01
2.397707472006732621e-01
4.325158614528840789e-02
1.427662783887215237e-01
2.301870456498011641e-01
9.929151277922616814e-02
1.962420845579556650e-01
1.472655933109034421e-01
1.715550423620260390e-01
2.113560235791646091e-01
9.388416140021461909e-02
2.697741952845433833e-01
3.176961999197338571e-01
7.607972092867053282e-02
1.266321848486730850e-01
1.883305841222084401e-02
1.814491168394812559e-01
1.799543419247144338e-01
1.937066324766655578e-01
1.244703955145855384e-01
2.234426356962747051e-01
0.000000000000000000e+00
1.899179366940211000e-01
1.866057838660578616e-01
2.048000000000000376e-01
1.724137931034482873e-01
2.142857142857142461e-01
1.898901697473822647e-01
2.572495446265937735e-01
1.632653061224489943e-01
6.957986656200942921e-01
6.721928180957715826e-01
4.624660955763263415e-01
3.873205633192669528e-01
2.983200707338638513e-01
7.151777704626378629e-01
6.745521629778481465e-01
1.983395291089311563e-01
5.099689043351016693e-01
5.164936265879047639e-01
2.400587248322148259e-01
5.238752826178194599e-01
2.047907825909924817e-01
3.311670040410062965e-01
6.808510638297872175e-01
4.925893971374427083e-01
3.155611601513240716e-01
5.802457757296466401e-01
0.000000000000000000e+00
