3.472230357770611509e-01
3.511610166698869162e-01
3.406338702822226949e-01
3.448913550422411656e-01
2.203093388584027035e-01
3.441230276872948579e-01
3.798773739600726507e-01
3.496812443977467266e-01
3.589641221188397679e-01
6.156594950738480954e-01
4.688689749200679047e-01
3.162982153821439768e-01
4.668552203656264887e-01
6.313031014473164948e-01
5.680956765852710477e-01
3.228220176882056203e-01
4.472205649784103954e-01
5.793831826432580545e-01
2.479930126313392158e-01
5.444470500447622374e-01
2.541256795525438372e-01
3.422204441551858767e-01
4.415056929920123663e-01
4.034420294673843888e-01
3.014732607754057048e-01
5.062695845219818969e-01
0.000000000000000000e+00
1.073402640547584247e-01
1.080319812220347508e-01
1.070709270045179934e-01
1.139420448332422175e-01
7.342657342657342434e-02
1.082866872773240868e-01
2.149780639999578635e-01
1.078032706858677303e-01
6.678270521164422768e-02
3.637594144888862679e-01
1.285491751044395836e-01
1.259806467103315730e-01
1.810109289617485850e-01
2.266275233800429389e-01
3.375401833551613384e-01
3.307564652376882575e-01
1.694481811879324229e-01
2.449386454013368630e-01
7.461414022200289764e-02
2.780530690537084126e-01
1.691807157645666970e-01
1.127962085308057416e-01
8.264462809917354214e-02
1.997780244173140984e-01
1.923154991462992514e-01
2.809147945759967735e-01
0.000000000000000000e+00
1.030965391621129351e-01
9.526504433125825011e-02
9.449404761904761640e-02
1.051930758988015996e-01
1.250000000000000000e-01
1.007773286621937714e-01
0.000000000000000000e+00
0.000000000000000000e+00
0.000000000000000000e+00
5.882352941176470784e-01
0.000000000000000000e+00
2.489757327450362601e-01
0.000000000000000000e+00
4.826322220282772135e-01
2.702702702702702853e-01
2.691975841242450485e-01
1.556886227544910239e-01
2.287014061207609528e-01
0.000000000000000000e+00
0.000000000000000000e+00
2.030674846625767083e-01
1.997950819672131284e-01
1.891244870041039750e-01
0.000000000000000000e+00
0.000000000000000000e+00
1.615541922290388566e-01
0.000000000000000000e+00
3.009786408561882509e-01
3.032917515599356517e-01
2.957147233860905611e-01
3.029267537348224737e-01
2.107695077329560518e-01
2.989916175028695111e-01
4.967244386392918876e-01
2.862039130726219960e-01
2.844528351256902510e-01
4.349884921704442742e-01
3.109551657983319339e-01
3.498098223313080291e-01
4.133763724288936348e-01
4.183451659955548796e-01
4.672119032958192419e-01
3.171491798416075647e-01
3.723464241081545500e-01
5.116214668100980134e-01
3.365175005454726365e-01
4.030973015977848961e-01
1.722818742427637551e-01
3.682505135436460186e-01
3.627530998893111480e-01
4.187915471843480786e-01
3.473232661834737556e-01
4.843983807479425585e-01
0.000000000000000000e+00
9.058814225163833167e-02
9.198588656429369792e-02
8.744719762731205381e-02
9.176461812831780696e-02
4.442378538999261495e-02
8.939598733698221611e-02
2.467351679415196175e-01
8.191267985808096952e-02
8.091341541104311863e-02
1.892149883207167038e-01
9.669311513666807578e-02
1.223669117994612837e-01
1.708800252824713428e-01
1.750126779118483522e-01
2.182869625813018688e-01
1.005836022742043478e-01
1.386418595461297310e-01
2.617565253009162540e-01
1.132440281733721604e-01
1.624874345554155608e-01
2.968104419259946780e-02
1.356084407251590407e-01
1.315898114793045415e-01
1.753863599930600981e-01
1.206334512323561786e-01
2.346417912712288056e-01
0.000000000000000000e+00
2.559593591246580591e-01
2.537798072044647468e-01
2.512000000000000344e-01
2.528735632183907733e-01
2.857142857142856984e-01
2.605354130488166664e-01
3.923635609047519957e-01
3.560830860534124898e-01
4.575237906423473278e-01
6.405860650196063544e-01
4.477424132559498782e-01
3.415090019413127842e-01
5.066220735785953444e-01
6.663137325240013897e-01
5.660534235282861371e-01
4.316257158837570884e-01
3.861715749039692502e-01
5.457330555091771673e-01
3.154232517861009777e-01
5.864132683920668665e-01
2.772597475050474491e-01
4.497670814690297725e-01
6.506024096385542022e-01
4.505853334019961909e-01
4.264340002044920142e-01
4.925646392514159699e-01
0.000000000000000000e+00
