2.205146877428223740e-01
2.265756517200891995e-01
2.243665413190647218e-01
2.370109648552766735e-01
1.541044975584284216e-01
2.222123053093636169e-01
7.857984856973312393e-01
4.491226160737691320e-01
6.709828962478414649e-01
4.664077962524816878e-01
1.964830660474051749e-01
5.943233708215004407e-01
6.680907527178474581e-01
3.310021482481854682e-01
1.492621067495490395e-01
2.382098224726424407e-01
5.236223926934842066e-01
1.257035813467575203e-01
7.047218022271594107e-01
2.954165109056701710e-01
6.078009584474051152e-01
1.590983928810618120e-01
4.346136707260556120e-01
6.526103968360337237e-01
4.842839098541339427e-01
2.061987992981656748e-01
0.000000000000000000e+00
1.404759859094423802e-01
1.457786253942639221e-01
1.402210004899025753e-01
1.481683980317113347e-01
1.048951048951048820e-01
1.412565913230190706e-01
5.885123412255539588e-01
1.951228854133418844e-01
2.171113282056221228e-01
3.225423009278912678e-01
1.091836012178715454e-01
3.088118952807485940e-01
3.438868042526578850e-01
1.729930107734486411e-01
1.903642773207990802e-01
3.416527068003986645e-01
5.686231546657171121e-01
1.351992811975520348e-01
3.305238739609510645e-01
5.028654844290657566e-01
4.690166975881261413e-01
1.198375084631008725e-01
1.578813343519225865e-01
5.004101722723544032e-01
2.041757708181597408e-01
2.089268755935422828e-01
0.000000000000000000e+00
2.659380692167577151e-02
3.056027164685908362e-02
2.901785714285714385e-02
2.263648468708388817e-02
6.250000000000000000e-02
2.956194525196656486e-02
4.710144927536231707e-01
0.000000000000000000e+00
0.000000000000000000e+00
0.000000000000000000e+00
0.000000000000000000e+00
2.474937343358395991e-01
0.000000000000000000e+00
0.000000000000000000e+00
0.000000000000000000e+00
0.000000000000000000e+00
1.397849462365591544e-01
0.000000000000000000e+00
0.000000000000000000e+00
0.000000000000000000e+00
0.000000000000000000e+00
0.000000000000000000e+00
0.000000000000000000e+00
2.685314685314685312e-01
0.000000000000000000e+00
0.000000000000000000e+00
0.000000000000000000e+00
2.776310165739422353e-01
2.835755362819858405e-01
2.785470604809700546e-01
2.834682770643670580e-01
2.425910875159861535e-01
2.773170563549821610e-01
7.547993564331302307e-01
5.225095790215075198e-01
4.804456451891290780e-01
5.077190528300742356e-01
2.872139289188617162e-01
4.629026185098363277e-01
5.667668641878387259e-01
3.610396921433917661e-01
3.818646619403823772e-01
3.794339306392196520e-01
6.346811165002272936e-01
3.628992946354657745e-01
6.278746358739718536e-01
4.261663069740232457e-01
3.060654667426905284e-01
3.723272704522372911e-01
4.765001379028533934e-01
6.260187411834214899e-01
3.910639281516093968e-01
4.468159719117821282e-01
0.000000000000000000e+00
7.707898136388059707e-02
8.041508477761583062e-02
7.758846490258920758e-02
8.035426410184076662e-02
5.885043574218885853e-02
7.690474974539236730e-02
5.697220684718674599e-01
2.730162601692329716e-01
2.308280179811985078e-01
2.577786366066677215e-01
8.249184096500894459e-02
2.142788342232630483e-01
3.212246783413160722e-01
1.303496593029951078e-01
1.458206200388424412e-01
1.439701077203281165e-01
4.028201196419750607e-01
1.316958980469186413e-01
3.942265583738726042e-01
1.816177211998774021e-01
9.367606993242101610e-02
1.386275963224134766e-01
2.270523814214383262e-01
3.918994643128758115e-01
1.529309959013671338e-01
1.996445127554705434e-01
0.000000000000000000e+00
1.160609613130129114e-01
1.192288178589548525e-01
1.224000000000000227e-01
1.250000000000000000e-01
1.428571428571428492e-01
1.162812637476224736e-01
7.878827887189643331e-01
2.597402597402597713e-01
7.389260104302477483e-01
4.427750933864631477e-01
2.003549761627926584e-01
6.591646397978827565e-01
7.434661723818352108e-01
3.593122051601445599e-01
1.516120847077615519e-01
3.166914874688804282e-01
4.671934043284096116e-01
1.289199549555905266e-01
7.850375049348600198e-01
2.764638296949857854e-01
6.853781913677948756e-01
2.271959678885973055e-01
6.043165467625899456e-01
6.131410193683908272e-01
6.902900378310214968e-01
1.206283396002375552e-01
0.000000000000000000e+00
