3.281822174624804411e-01
3.290725847161610207e-01
3.245724460382385379e-01
3.192824083150711534e-01
1.886353015085001639e-01
3.248380711018334921e-01
2.641596025615386978e-01
2.089070793642122670e-01
5.262584668238035057e-01
5.877895433479300991e-01
5.042028198653791815e-01
3.605713535975553219e-01
3.381309599441020830e-01
6.856897274657887120e-01
6.290189059846199582e-01
2.123911185101619026e-01
5.135362576134883117e-01
6.140147364561319154e-01
2.262832004648655526e-01
3.927823234067271962e-01
2.046436572728582426e-01
3.260973400122534893e-01
5.505085232395171557e-01
4.965569650509545907e-01
3.017701371314378544e-01
5.706375611179954621e-01
0.000000000000000000e+00
2.107569378812612637e-01
2.138047385021638602e-01
2.031462631321103995e-01
2.221979223619464372e-01
1.118881118881118880e-01
2.110693508746901981e-01
3.386935659371042018e-01
1.649139514318753996e-01
1.179254326219666416e-01
3.756863550059014178e-01
2.194689033515470067e-01
2.408918371107425516e-01
1.786634939520126419e-01
3.675571908494640883e-01
3.474903474903475176e-01
2.366186729998515648e-01
2.010465822548240800e-01
3.188555670458461666e-01
8.259790581667657283e-02
1.957720588235293824e-01
1.990071704357418703e-01
1.637013441069070097e-01
1.336898395721924926e-01
3.551609322974473848e-01
2.828145286424522675e-01
2.798353909465020606e-01
0.000000000000000000e+00
4.735883424408014741e-02
4.640633842671193499e-02
4.687499999999999306e-02
4.527296937416777634e-02
6.250000000000000000e-02
4.665693898508123383e-02
1.420765027322404284e-01
0.000000000000000000e+00
0.000000000000000000e+00
3.389830508474576121e-01
2.925925925925925708e-01
0.000000000000000000e+00
0.000000000000000000e+00
3.485294117647059209e-01
2.884615384615384914e-01
0.000000000000000000e+00
2.231759656652360646e-01
1.351417399804496766e-01
0.000000000000000000e+00
0.000000000000000000e+00
0.000000000000000000e+00
0.000000000000000000e+00
3.189158016147635721e-01
3.210702341137123828e-01
0.000000000000000000e+00
2.461059190031152366e-01
0.000000000000000000e+00
4.174021958040424751e-01
4.197069742799416359e-01
4.121180625428720878e-01
4.146841142192447816e-01
2.754522639784893201e-01
4.145029464162587329e-01
5.123965212305958694e-01
3.425789540561739455e-01
4.313619705357715217e-01
4.777497302945168944e-01
4.044467982144723806e-01
4.149157141554345452e-01
4.378519646358335349e-01
5.206550579596007644e-01
5.730232077660631917e-01
3.551794346893381027e-01
4.392121539339648995e-01
5.821397278874375081e-01
3.186290224186089648e-01
3.219491676476706199e-01
1.837957083260871594e-01
4.107722504020207555e-01
4.142332488686261138e-01
4.639614654293416907e-01
4.613352353309986276e-01
5.631277800678744505e-01
0.000000000000000000e+00
1.742245930620362482e-01
1.761539442592235105e-01
1.698412974740906300e-01
1.719629145857996810e-01
7.587394973087537020e-02
1.718126925877598576e-01
2.625501949692164994e-01
1.173603397622221267e-01
1.860731496245037753e-01
2.282448047964836524e-01
1.635772125859381310e-01
1.721550498531142503e-01
1.917143429354591921e-01
2.710816893789151916e-01
3.283555966385087177e-01
1.261524308262377825e-01
1.929073161633128586e-01
3.388866627848597934e-01
1.015244539274384045e-01
1.036512665490279261e-01
3.378086239908811156e-02
1.687338417003404756e-01
1.715891844682571332e-01
2.152602414033422673e-01
2.128301993579078955e-01
3.171128966841724739e-01
0.000000000000000000e+00
1.738960531457600933e-01
1.837645865043125437e-01
1.872000000000000330e-01
1.810344827586206629e-01
1.428571428571428492e-01
1.790521193193082006e-01
2.610093217614914973e-01
1.036269430051813545e-01
6.628910604793756267e-01
6.395506267533929146e-01
3.861869655477085939e-01
4.238029491185981157e-01
4.651143451143451846e-01
7.111059554191279108e-01
6.272578406536801765e-01
3.603167651090255497e-01
4.269648424900548411e-01
5.491035118478854171e-01
3.020295560144554692e-01
4.211551798157259774e-01
2.292051845883913419e-01
4.226440276006220298e-01
6.666666666666666297e-01
5.191462121920340511e-01
4.087579794706270864e-01
4.945276497695852425e-01
0.000000000000000000e+00
