2.686132420436074808e-01
2.718348756360408069e-01
2.691547881765650185e-01
2.821224726095065694e-01
2.022745056859479029e-01
2.694551296751175329e-01
4.944345358041306038e-01
4.779202468043523000e-01
5.174885844057135476e-01
4.974890420039285721e-01
3.254906165595194412e-01
5.644639828537411086e-01
6.979057621542015255e-01
4.218229250211105175e-01
3.558416271216284232e-01
8.047352691119979973e-02
5.192862804429199119e-01
3.186157395505501144e-01
6.983728015381004406e-01
3.938617225301198066e-01
4.981894457791342656e-01
2.569221445178205276e-01
5.128980913937710717e-01
5.270366202777605480e-01
5.202963178469768302e-01
3.535307164668312074e-01
0.000000000000000000e+00
2.515680041240656584e-01
2.599867967431966354e-01
2.511022807686026925e-01
2.731547293603061588e-01
1.958041958041957797e-01
2.553084963593664214e-01
2.823332551218247222e-01
2.121853388658367923e-01
2.104694155549308721e-01
3.415610406937958921e-01
1.831248833302221435e-01
3.954920324517425811e-01
4.027925061859313760e-01
1.799337637892831077e-01
6.637065637065637791e-01
5.651293744611369796e-01
3.059275541681290012e-01
2.046845256522569212e-01
6.056923173431073559e-01
3.728991596638654427e-01
5.042517006802721413e-01
1.562097862590628439e-01
1.157059394446876138e-01
3.828011611030478489e-01
2.909929594561786459e-01
1.696188942565754199e-01
0.000000000000000000e+00
5.938069216757740909e-02
5.564987738162610609e-02
5.729166666666666435e-02
4.926764314247669696e-02
6.250000000000000000e-02
6.272368691571783561e-02
1.333333333333333315e-01
0.000000000000000000e+00
0.000000000000000000e+00
0.000000000000000000e+00
0.000000000000000000e+00
1.611587107303141808e-01
0.000000000000000000e+00
0.000000000000000000e+00
0.000000000000000000e+00
8.734602463605824207e-02
1.780821917808219079e-01
0.000000000000000000e+00
0.000000000000000000e+00
0.000000000000000000e+00
0.000000000000000000e+00
7.762738853503185765e-02
2.427568042142230209e-01
1.893491124260354985e-01
0.000000000000000000e+00
0.000000000000000000e+00
0.000000000000000000e+00
3.761882581959981042e-01
3.827148872802405566e-01
3.756426341583277151e-01
3.814792963512428359e-01
2.992852178908331218e-01
3.754597305305573118e-01
6.240445159161186472e-01
5.451259071333819373e-01
4.644711684895673209e-01
5.002480160083803140e-01
3.537379451473267600e-01
5.313962393087064973e-01
6.267421146164476875e-01
4.174225770143207837e-01
6.693977900114300716e-01
3.619732021236664599e-01
4.878324389308388853e-01
4.722307727268564292e-01
6.582482132670604003e-01
3.887962788279698545e-01
3.377113635414500381e-01
3.376763063631207373e-01
4.001611070257449221e-01
5.015199376343896231e-01
4.478815001662522222e-01
4.180580372509622444e-01
0.000000000000000000e+00
1.415176056045389097e-01
1.464706849459272153e-01
1.411073885974072628e-01
1.455264535446393892e-01
8.957164164796345418e-02
1.409700092500787427e-01
3.894315578449828452e-01
2.971622546279924504e-01
2.157334663580640077e-01
2.502480775203208552e-01
1.251305338370531373e-01
2.823819631514360995e-01
3.928056782338963937e-01
1.742416078012765102e-01
4.480934012721865534e-01
1.310245990556606621e-01
2.379804884732106829e-01
2.230019027102039531e-01
4.332907102692774015e-01
1.511625464304764965e-01
1.140489650650254178e-01
1.140252878790402186e-01
1.601289115760697046e-01
2.515222478448020937e-01
2.005978381911725783e-01
1.747725225101269819e-01
0.000000000000000000e+00
1.313012895662368229e-01
1.293759512937595058e-01
1.360000000000000098e-01
1.408045977011494199e-01
2.142857142857142461e-01
1.320836945034963295e-01
5.111734813208308470e-01
3.333333333333333148e-01
6.251177394034534984e-01
5.653958283048545752e-01
3.112368275938826034e-01
5.991990346923057320e-01
7.538461538461538325e-01
4.849254150941789132e-01
3.243347128558443093e-01
1.150683050731103885e-01
4.980281690140845319e-01
3.194613173688108931e-01
7.323825503355706479e-01
3.716446593515590480e-01
5.337193622286751093e-01
3.278524093582290133e-01
6.760563380281690016e-01
5.069964062541905125e-01
6.981441596268231908e-01
3.164976958525345663e-01
0.000000000000000000e+00
