2.922707811926481547e-01
2.949041460738467402e-01
2.895467576403069065e-01
2.860863470685651722e-01
1.520295970421043363e-01
2.901855708269442946e-01
1.680693424825791538e-01
1.694823820829723937e-01
5.402913642735025501e-01
7.249465515849644603e-01
4.455617162474297399e-01
2.318706472195883883e-01
3.912477793290256023e-01
7.189486940495696254e-01
7.459137446686586737e-01
2.389338395706872564e-01
5.522092205631563555e-01
6.955497913494883555e-01
1.716499760789995666e-01
3.967032329505027488e-01
1.573600488941856168e-01
3.835020620751001252e-01
5.004187090952727512e-01
3.786608444116931205e-01
1.476729665748441611e-01
7.195098889838087430e-01
0.000000000000000000e+00
2.630810207062462269e-01
2.736888432480011901e-01
2.574710140983071383e-01
2.902132312739201803e-01
1.573426573426573438e-01
2.669505497662062465e-01
1.741852624819393014e-01
9.274816469837218746e-02
2.835304547125343522e-01
4.784338984610430057e-01
3.218395257835806600e-01
1.553422247136772849e-01
2.874355065666040487e-01
3.627305345430446026e-01
3.935860058309038623e-01
4.618936882555703671e-01
3.832640284072325598e-01
6.389422366671589915e-01
7.793764325757367162e-02
2.352133160956690339e-01
1.666109066577450837e-01
1.565316067018223123e-01
2.107164358819987870e-01
2.836436336373859834e-01
6.072782982143304364e-02
3.307710225949220262e-01
0.000000000000000000e+00
4.663023679417122036e-02
4.867006225240520789e-02
5.282738095238095205e-02
4.793608521970706138e-02
6.250000000000000000e-02
4.931444169696898305e-02
1.274509803921568540e-01
0.000000000000000000e+00
1.950617283950616954e-01
5.769230769230769829e-01
0.000000000000000000e+00
0.000000000000000000e+00
0.000000000000000000e+00
4.224598930481283654e-01
5.497382198952879273e-01
2.526315789473684292e-01
1.460674157303370746e-01
0.000000000000000000e+00
0.000000000000000000e+00
0.000000000000000000e+00
0.000000000000000000e+00
0.000000000000000000e+00
0.000000000000000000e+00
1.491841491841492118e-01
0.000000000000000000e+00
0.000000000000000000e+00
0.000000000000000000e+00
4.088915171897632428e-01
4.216983408007826117e-01
4.067514428590781606e-01
4.229869437543565258e-01
2.832642357002685407e-01
4.100644226821510974e-01
3.865926004845637864e-01
2.323274816064034576e-01
4.860861365695158254e-01
4.963578968685460335e-01
4.350732220693820373e-01
3.514361770783708261e-01
5.161426619757676360e-01
5.089396655598600328e-01
5.207808751120883706e-01
3.867500576512478139e-01
5.553915310986451415e-01
8.487218573980537251e-01
3.475124260948613819e-01
3.866168016151243503e-01
1.726481058931330914e-01
4.282507704440620677e-01
5.018329020323057943e-01
4.247190140639946487e-01
2.614547259889313802e-01
6.644181362010210812e-01
0.000000000000000000e+00
1.671922728297464411e-01
1.778294906341329473e-01
1.654467362679419573e-01
1.789179545866511900e-01
8.023862722685727589e-02
1.681528307496458763e-01
1.494538387494175335e-01
5.397605870957374041e-02
2.362797321650779714e-01
2.463711617837661683e-01
1.892887085618337739e-01
1.235073865594599890e-01
2.664032475114314624e-01
2.590195831801821447e-01
2.712127198825125540e-01
1.495756070932435233e-01
3.084597528160973323e-01
7.203287912252024361e-01
1.207648862903364650e-01
1.494725512911084797e-01
2.980736846848650035e-02
1.833987223859327442e-01
2.518362615621659306e-01
1.803862409074916962e-01
6.835857374194720393e-02
4.414514597128387230e-01
0.000000000000000000e+00
1.582649472450175787e-01
1.634703196347032095e-01
1.648000000000000020e-01
1.537356321839080664e-01
2.142857142857142461e-01
1.624794378179815757e-01
1.354469532941539878e-01
0.000000000000000000e+00
5.835407239819003777e-01
7.330614136228067457e-01
4.369246674219475768e-01
2.243371238015449687e-01
4.067214339058999317e-01
7.646900776485129336e-01
7.828105951418073971e-01
2.653406946408103373e-01
5.384088313665779113e-01
5.926498077439960044e-01
2.148830746644295464e-01
3.924675307259573587e-01
1.748276528669121532e-01
4.543919357771946110e-01
6.575342465753424293e-01
3.425506879073135225e-01
3.233208608107828730e-01
7.049266862170089354e-01
0.000000000000000000e+00
