2.001408240269691718e-01
2.024263213877555145e-01
2.044923218515776464e-01
2.054166157988737140e-01
1.420009457568817690e-01
2.007774871271843786e-01
5.190996038202839724e-01
5.564133315235877397e-01
6.268415031029836992e-01
5.734237463709743743e-01
2.357459661828825159e-01
6.067675834866453899e-01
8.389411924474616811e-01
3.926587239734772861e-01
2.514482031017725716e-01
2.213817291250426145e-01
5.126846667463096363e-01
2.089903310388085411e-01
5.559873417569989318e-01
1.929491081622298210e-01
4.688987546210007240e-01
2.966188753975820824e-01
5.361435739419454505e-01
5.558393983434846142e-01
5.620568380764335847e-01
4.161762093679947094e-01
0.000000000000000000e+00
1.822894292178594833e-01
1.887185505758086912e-01
1.879592836535844691e-01
1.970475669764898963e-01
1.433566433566433318e-01
1.860119646618792477e-01
3.970282825452756681e-01
4.044223144306132167e-01
2.429409885138657521e-01
3.737065020090913903e-01
2.811498973305954774e-01
2.788132394171963790e-01
5.269720940452647939e-01
3.225083986562150007e-01
2.606177606177606521e-01
4.816980852011280567e-01
3.292736739917040967e-01
2.245142328416698252e-01
2.322958953540820715e-01
2.449385576148266908e-01
3.291139240506329999e-01
2.537213804151925989e-01
2.517115705575802553e-01
4.056603773584905870e-01
2.506849790170984082e-01
3.237311385459533675e-01
0.000000000000000000e+00
3.897996357012750712e-02
4.131295981890209523e-02
3.497023809523809590e-02
3.994673768308922013e-02
6.250000000000000000e-02
4.031037206911174814e-02
0.000000000000000000e+00
0.000000000000000000e+00
0.000000000000000000e+00
0.000000000000000000e+00
0.000000000000000000e+00
2.615028136378682588e-01
0.000000000000000000e+00
0.000000000000000000e+00
0.000000000000000000e+00
1.391614629794826197e-01
9.252669039145906826e-02
0.000000000000000000e+00
0.000000000000000000e+00
0.000000000000000000e+00
0.000000000000000000e+00
0.000000000000000000e+00
0.000000000000000000e+00
0.000000000000000000e+00
0.000000000000000000e+00
0.000000000000000000e+00
0.000000000000000000e+00
2.744877958601986134e-01
2.794102033956214481e-01
2.803638509161710535e-01
2.743260608718228744e-01
2.380203488398200395e-01
2.744300145053801265e-01
6.604406132746490909e-01
7.040718512355275127e-01
4.578101125851137820e-01
5.232255103699992027e-01
3.815818802315459335e-01
4.381175710872067808e-01
7.157116891131837244e-01
4.515692171966271817e-01
4.800053446017218395e-01
3.911749069466617934e-01
5.182785486450494083e-01
5.267522253456699000e-01
5.339656099456959737e-01
3.014004258385341029e-01
2.581037118583413559e-01
4.374660183173612049e-01
5.575960095924186177e-01
5.379227485134591147e-01
4.526028211288219971e-01
5.981897521569988774e-01
0.000000000000000000e+00
7.534355007619007727e-02
7.807006176158254318e-02
7.860388890054498257e-02
7.525478767345107622e-02
5.665368646182961793e-02
7.531183286142315025e-02
4.361818036625945694e-01
4.957171717022227364e-01
2.095900991851945561e-01
2.737649347019460722e-01
1.456047313210418193e-01
1.919470060953536727e-01
5.122432219332465619e-01
2.039147579195746407e-01
2.304051308462177206e-01
1.530178078247295126e-01
2.686126539856188433e-01
2.774679069066154358e-01
2.851192726046791748e-01
9.084221669564973567e-02
6.661752607505369572e-02
1.913765171824458045e-01
3.109133099133886691e-01
2.893608833682741466e-01
2.048493136937684644e-01
3.578309795856517983e-01
0.000000000000000000e+00
1.195779601406799786e-01
1.176052765093861113e-01
1.304000000000000159e-01
1.235632183908045856e-01
1.428571428571428492e-01
1.203512180733205122e-01
5.845780206435943205e-01
3.168316831683168355e-01
6.821184863523572783e-01
6.323765187660569387e-01
2.051598563914731888e-01
7.169092965662160477e-01
7.609079445145019438e-01
4.230200429544964669e-01
2.217467441099812975e-01
3.092606576508547533e-01
4.753260302556077121e-01
2.139984437478320844e-01
6.378652715828089237e-01
1.984415646499694819e-01
5.480971502770662918e-01
3.526623979166286782e-01
6.760563380281690016e-01
5.854008663948067070e-01
7.785225990575429522e-01
3.402350230414746268e-01
0.000000000000000000e+00
