2.527046221037548834e-01
2.584083903946042815e-01
2.545738393200440708e-01
2.569032897189016951e-01
2.473970902571881458e-01
2.536074529209396689e-01
4.492852035513745235e-01
5.176450861011419047e-01
4.182474332221233215e-01
5.408700610821290944e-01
3.576988971971598041e-01
4.654228215953045700e-01
3.936771199040020597e-01
6.372238732979615961e-01
5.031353596225061064e-01
2.136096729633286673e-01
6.638189149778928044e-01
3.720249479948414817e-01
3.320694930371210774e-01
4.896025977391246786e-01
4.190840067913019773e-01
4.282381654501877244e-01
4.064453994086705269e-01
3.610988045583441997e-01
2.544183924882830183e-01
4.090461346023618328e-01
0.000000000000000000e+00
7.832860784145258271e-02
7.855937797990170113e-02
7.794894126612596230e-02
8.190267905959541794e-02
6.993006993006992134e-02
7.959077759244069517e-02
3.007401267149589774e-01
2.280290456431535440e-01
1.168599591342515676e-01
4.202801867911941658e-01
1.529942437809270195e-01
2.446205188051511492e-01
2.592098577235771861e-01
2.787109618016672674e-01
3.474903474903475176e-01
2.626119439908960462e-01
4.197075176377143002e-01
2.441686774675398963e-01
1.749962411667418394e-01
3.622448979591836316e-01
3.510204081632654072e-01
3.678137234700185054e-01
1.247771836007129792e-01
2.515723270440251014e-01
1.601380664365559259e-01
2.057613168724279906e-01
0.000000000000000000e+00
3.242258652094717752e-02
3.225806451612903136e-02
2.752976190476190410e-02
2.796271637816245131e-02
6.250000000000000000e-02
2.967968278497500750e-02
1.805555555555555247e-01
0.000000000000000000e+00
0.000000000000000000e+00
0.000000000000000000e+00
0.000000000000000000e+00
0.000000000000000000e+00
0.000000000000000000e+00
2.666345226615236541e-01
0.000000000000000000e+00
0.000000000000000000e+00
1.115879828326180323e-01
0.000000000000000000e+00
0.000000000000000000e+00
0.000000000000000000e+00
2.546153846153846323e-01
0.000000000000000000e+00
0.000000000000000000e+00
0.000000000000000000e+00
0.000000000000000000e+00
0.000000000000000000e+00
0.000000000000000000e+00
2.508449976124503822e-01
2.537465486044300778e-01
2.535374937600177181e-01
2.506332324666799560e-01
2.556718030974396982e-01
2.511371802691656496e-01
6.331999975967996797e-01
5.216563850915360012e-01
4.077060413411026651e-01
5.714120309911614459e-01
4.282264085625032135e-01
4.471386926426706432e-01
4.953018960025574180e-01
5.257632407275969477e-01
5.267378795048643925e-01
3.331020325646392721e-01
5.633560708175022747e-01
5.275572327065296552e-01
4.871415586208749371e-01
4.420780217243013288e-01
2.675055231800502198e-01
4.741337769215409059e-01
4.479227315872956749e-01
4.625033777844944627e-01
3.427082042064918399e-01
4.588845018750697946e-01
0.000000000000000000e+00
6.292321282719023912e-02
6.438731092866040173e-02
6.428126074211101826e-02
6.281701721669685767e-02
6.536807089909597857e-02
6.306988331354741739e-02
4.009422369565870392e-01
2.721253841067688417e-01
1.662242161460329437e-01
3.265117091614441192e-01
1.833778569903398992e-01
1.999330104581966139e-01
2.453239681837281472e-01
2.764269853003850641e-01
2.774527937052809756e-01
1.109569640986940026e-01
3.173700625269346709e-01
2.783166337809714341e-01
2.373068981355753448e-01
1.954329772916718611e-01
7.155920493183239028e-02
2.248028384178855643e-01
2.006347734726245946e-01
2.139093744620668147e-01
1.174489132304385453e-01
2.105749860611309532e-01
0.000000000000000000e+00
1.756545525595935853e-01
1.809233891425672258e-01
1.796000000000000374e-01
1.781609195402298895e-01
2.857142857142856984e-01
1.782042516883152738e-01
4.796137996277514137e-01
4.780895409011062247e-01
4.916500874282330735e-01
5.383658120153417270e-01
3.286993584422456260e-01
5.152088419070044445e-01
4.620347394540942898e-01
6.442399450084523860e-01
5.362162701796566733e-01
3.443203326501191874e-01
6.448762505100533726e-01
3.277223985228178149e-01
3.804486898764130043e-01
4.186821096715089285e-01
4.420490612777576711e-01
5.037633672606782742e-01
5.857142857142857428e-01
3.482284812517709160e-01
4.066942035326109872e-01
4.161635153984102886e-01
0.000000000000000000e+00
