2.819864726874237171e-01
2.866545879367494165e-01
2.855942175155488094e-01
2.701355396097190886e-01
1.998000413707508582e-01
2.793047273969032629e-01
3.903626087479862838e-01
1.861746321654980107e-01
3.363305294608696094e-01
5.708892161579071090e-02
8.339408125781806458e-01
7.164466638081462557e-01
8.353611537358179850e-02
7.099952185617700584e-01
2.892636716758280602e-01
2.858699869252504522e-01
5.912948438056113698e-01
4.587507668243890335e-01
2.112881185127940542e-01
2.361830259524533848e-01
1.356123047381612434e-01
8.638671682352263570e-01
4.542440925089314963e-01
8.588601519199223766e-01
8.164787534855097451e-02
5.486200437702039023e-01
0.000000000000000000e+00
3.998052524558237675e-02
3.836279615638524265e-02
4.071634641554623679e-02
3.772553307818480445e-02
2.447552447552447247e-02
3.879391984635406632e-02
3.083139837659413240e-01
4.871301085659069524e-02
3.960085623472939242e-02
9.448723391351809830e-02
4.894530520813888397e-01
2.530947953833525554e-01
4.567377324604600386e-02
2.953237826775302333e-01
1.185275294864336082e-01
1.720836553669135571e-01
2.181294678316123559e-01
3.707043168357448404e-01
6.430372739574362340e-02
1.364471925133689534e-01
3.097567794240985162e-02
1.811649594863170565e-01
9.651754271553410203e-02
4.304245283018868218e-01
8.059807503626614800e-03
2.558922558922559487e-01
0.000000000000000000e+00
3.752276867030965302e-02
3.716279947179777776e-02
3.720238095238095205e-02
2.796271637816245131e-02
6.250000000000000000e-02
3.532126769123582893e-02
4.297520661157024358e-01
0.000000000000000000e+00
3.853658536585365946e-01
0.000000000000000000e+00
6.135005973715650374e-01
4.581702189357692578e-01
0.000000000000000000e+00
6.567695961995250187e-01
0.000000000000000000e+00
3.783652680087315479e-01
2.954545454545454697e-01
0.000000000000000000e+00
0.000000000000000000e+00
0.000000000000000000e+00
3.432027649769585631e-01
9.015410958904109817e-01
0.000000000000000000e+00
4.475524475524476076e-01
0.000000000000000000e+00
2.270114942528735635e-01
0.000000000000000000e+00
2.449561551722874153e-01
2.479942088138089862e-01
2.511273490392635366e-01
2.421738308835713616e-01
2.084740712835834175e-01
2.457174520975267118e-01
6.499673688545744010e-01
2.431326793337915404e-01
2.919257095162925419e-01
3.969800243098847159e-01
8.514524941521538492e-01
6.231914712181446658e-01
3.408932150121966598e-01
7.589175828942980040e-01
4.172300304805266480e-01
2.346289540735318480e-01
5.330419103733194941e-01
8.909000771644675076e-01
3.634559562734489546e-01
3.837495870274776899e-01
8.391404543465498522e-02
2.396515543016760619e-01
4.910550455265521030e-01
6.713660147854939586e-01
2.121947398358041692e-01
6.772801817655300649e-01
0.000000000000000000e+00
6.000351795678974393e-02
6.150112760518709060e-02
6.306494543548808729e-02
5.864816436482463147e-02
4.346143839755262084e-02
6.037706626530033038e-02
4.224575805757382896e-01
5.911349976002829715e-02
8.522061987659079740e-02
1.575931397010766621e-01
7.249713497979235477e-01
3.883676097990356735e-01
1.162081840413516920e-01
5.759558976261236474e-01
1.740808983347811312e-01
5.505074608963950872e-02
2.841336782144380235e-01
7.937029474916543759e-01
1.321002321506472288e-01
1.472637455437597054e-01
7.041567021209341887e-03
5.743286747920919866e-02
2.411350577370842130e-01
4.507323258089562246e-01
4.502660761398461636e-02
4.587084446123496084e-01
0.000000000000000000e+00
1.352090660414224377e-01
1.392186707255200218e-01
1.351999999999999869e-01
1.170977011494252762e-01
2.500000000000000000e-01
1.321518235636351402e-01
3.065494433903571680e-01
4.576659038901601667e-02
4.467053231264525581e-01
9.418466922281013010e-02
5.901943087389240894e-01
8.079039570870090170e-01
1.439205955334989240e-02
5.040672077952649266e-01
3.235352783981853553e-01
4.304541375204684606e-01
5.136526757055409620e-01
3.289061099838826996e-01
3.317405901489273168e-01
3.702850437519780713e-01
1.036329319169150276e-01
9.137693630127596833e-01
6.743977326405290462e-01
9.496454616052041331e-01
3.227830969413421069e-01
5.075912734409178118e-01
0.000000000000000000e+00
