3.396365913449393981e-01
3.451566913543229753e-01
3.409099568554939674e-01
3.457679488687604996e-01
3.447066124250154906e-01
3.409515521653109227e-01
4.199923357931368284e-01
5.664790078271686458e-01
5.401400955379309643e-01
5.285121056922381655e-01
3.531230431601140585e-01
4.504847877942568246e-01
5.109128076871150004e-01
4.829440599990511007e-01
4.675373752611018396e-01
2.829687121304438335e-01
6.804877675412386306e-01
3.437006430867351470e-01
2.687294334279242691e-01
2.613904273026284586e-01
4.028778730952990994e-01
4.851220890178959411e-01
4.931289683838445681e-01
4.991953537823881071e-01
4.485265305416137327e-01
3.935827892757918223e-01
0.000000000000000000e+00
1.598075436034023245e-01
1.639404386415315718e-01
1.581296608785586200e-01
1.689447785675232405e-01
1.433566433566433318e-01
1.619343016452766126e-01
2.699109825339671698e-01
1.739419087136929720e-01
2.061717073691895497e-01
2.912994627997612662e-01
1.209713418444781918e-01
3.378375611653665622e-01
2.971684889262685147e-01
2.787109618016672674e-01
2.880512091038407441e-01
5.326236773468477903e-01
5.686231546657171121e-01
3.396984199514200831e-01
1.018897858242732574e-01
2.690201080432172986e-01
3.208353108685334520e-01
3.730772428702086030e-01
1.639002708521424823e-01
4.369414101290963748e-01
3.327938280596692278e-01
1.562106324011086067e-01
0.000000000000000000e+00
3.023679417122039984e-02
2.886247877758913241e-02
2.678571428571428076e-02
1.997336884154461006e-02
6.250000000000000000e-02
2.708592928692678953e-02
1.520467836257309857e-01
0.000000000000000000e+00
0.000000000000000000e+00
0.000000000000000000e+00
0.000000000000000000e+00
1.979949874686716960e-01
0.000000000000000000e+00
0.000000000000000000e+00
0.000000000000000000e+00
1.866028708133971592e-01
1.721854304635761501e-01
0.000000000000000000e+00
0.000000000000000000e+00
0.000000000000000000e+00
0.000000000000000000e+00
0.000000000000000000e+00
0.000000000000000000e+00
0.000000000000000000e+00
0.000000000000000000e+00
0.000000000000000000e+00
0.000000000000000000e+00
3.993881385986753352e-01
4.043645785351052679e-01
3.968312892232933597e-01
3.995237357527978705e-01
3.887022863425083075e-01
3.990444766586160874e-01
5.931191493005099069e-01
5.276525100354050313e-01
5.265507546685748164e-01
4.709521386574503921e-01
3.799317226055389796e-01
4.569744248790023056e-01
5.904391276094050900e-01
4.312629823038895971e-01
6.189730542507896338e-01
4.777082970404452067e-01
6.757967565411406863e-01
6.590102393968598760e-01
3.735606532176679040e-01
3.648872994484597676e-01
2.504890490453063889e-01
5.785793584385287014e-01
4.518042732582515653e-01
5.984387565502047313e-01
4.897866394445010152e-01
4.278157825962949912e-01
0.000000000000000000e+00
1.595108852533146937e-01
1.635107123738732959e-01
1.574750721066211223e-01
1.596192154298714805e-01
1.510894674078933075e-01
1.592364943517488030e-01
3.517903252669604686e-01
2.784171713466632170e-01
2.772556972420455734e-01
2.217959169060264302e-01
1.443481138420122101e-01
2.088256249934948294e-01
3.486183634121553521e-01
1.859877599056449504e-01
3.831276418885509183e-01
2.282052170612822450e-01
4.567012561515257918e-01
4.342944956299065740e-01
1.395475616324106938e-01
1.331427412987899739e-01
6.274476369162189371e-02
3.347540740111394908e-01
2.041271013344168606e-01
3.581289453413553092e-01
2.398909521783376408e-01
1.830263438384803765e-01
0.000000000000000000e+00
1.748729972645564901e-01
1.722983257229832588e-01
1.684000000000000496e-01
1.716954022988505524e-01
2.857142857142856984e-01
1.738019111016630425e-01
4.256560605260223396e-01
4.598308668076109829e-01
5.902866635701655706e-01
6.108657452462468163e-01
3.760814663557584536e-01
5.415620761875170608e-01
5.051116505849528870e-01
5.213164467980703209e-01
5.084315954075386834e-01
2.987684008176236805e-01
6.011405903118972605e-01
3.178409464967800746e-01
3.542941124332125158e-01
2.622892032613716728e-01
4.311788738395999632e-01
4.713595752843937614e-01
6.122448979591836871e-01
4.882075352639977939e-01
6.318444282206145957e-01
4.595562485158290467e-01
0.000000000000000000e+00
