1.599584819988932038e-01
1.644830824927612789e-01
1.612341264383624073e-01
1.585850268358208748e-01
1.272025223621445211e-01
1.596356322486689183e-01
4.759499640396252507e-01
4.456508846838802551e-01
3.116822345408712946e-01
3.706423657749599587e-01
3.648027409532627607e-01
3.956296387935043235e-01
1.811962553032549494e-01
5.927238912129048076e-01
5.418591788282196564e-01
4.450773505772628313e-01
6.920023627204605621e-01
4.703267073636477336e-01
2.385013165754764630e-01
3.131671852843838644e-01
2.100563193454410837e-01
5.128953191860432526e-01
4.989589094185541418e-01
6.228776711123498178e-01
2.104162768474595324e-01
4.070079578333839487e-01
0.000000000000000000e+00
7.025231262708708790e-02
7.043203990317611907e-02
6.542920907952751164e-02
7.468562055768179775e-02
4.195804195804195280e-02
7.008675812192390053e-02
2.874056830951998709e-01
1.678229598893499486e-01
2.028056701887487878e-01
2.160607071380920841e-01
1.155879642354767367e-01
4.086825133591303061e-01
1.124364837398373757e-01
2.568122433743934563e-01
3.023166023166023453e-01
3.803461714209210309e-01
2.374900714853057648e-01
2.321224049549098223e-01
9.477672530446550059e-02
3.456875993640699529e-01
9.376723662437949636e-02
2.278041074249604891e-01
1.384083044982699073e-01
4.093983624065503646e-01
5.586307356154407433e-02
3.237311385459533675e-01
0.000000000000000000e+00
4.080145719489981782e-02
3.886059234106772897e-02
3.422619047619047256e-02
2.663115845539280879e-02
6.250000000000000000e-02
3.727386796931225765e-02
0.000000000000000000e+00
0.000000000000000000e+00
0.000000000000000000e+00
0.000000000000000000e+00
0.000000000000000000e+00
0.000000000000000000e+00
0.000000000000000000e+00
2.197933227344992246e-01
2.688172043010752521e-01
4.064616988014591592e-01
2.047244094488188948e-01
0.000000000000000000e+00
0.000000000000000000e+00
0.000000000000000000e+00
0.000000000000000000e+00
1.904296875000000000e-01
0.000000000000000000e+00
3.991683991683991906e-01
0.000000000000000000e+00
0.000000000000000000e+00
0.000000000000000000e+00
2.069092213591658402e-01
2.087678656676686395e-01
2.028757923699373855e-01
2.112005927149777917e-01
1.920582538467580092e-01
2.066521668396926192e-01
7.707272526665917001e-01
6.423266270133004552e-01
5.999402927824041276e-01
5.301425246820711257e-01
3.640440018675517586e-01
7.117154490375173781e-01
3.526161105228553527e-01
5.600530293434297091e-01
5.421591120864811542e-01
4.623916731844484040e-01
5.165861246454968025e-01
6.717628780345094031e-01
4.618955119453226899e-01
4.758640032700058309e-01
1.840976199917366274e-01
5.509386378525588102e-01
5.144997635391977964e-01
6.971707840638782239e-01
3.103109461174254902e-01
8.300967072129253888e-01
0.000000000000000000e+00
4.281142588345629441e-02
4.358402173543372143e-02
4.115858712972995243e-02
4.460569036315794461e-02
3.688637287066573456e-02
4.270511805954015083e-02
5.940204980029922810e-01
4.125834957702835815e-01
3.599283549038367891e-01
2.810510964762804598e-01
1.325280352957419749e-01
5.065388803986748956e-01
1.243381214002665380e-01
3.136593956767524949e-01
2.939365028184015016e-01
2.138060594303137218e-01
2.668612241762528536e-01
4.512653643052071395e-01
2.133474639552316865e-01
2.264465496081561058e-01
3.389193368662185568e-02
3.035333826788330081e-01
2.647100066818904307e-01
4.860471021522428381e-01
9.629288328029177169e-02
6.890605433257415147e-01
0.000000000000000000e+00
8.909730363423212784e-02
9.325215626585491024e-02
9.760000000000000620e-02
8.261494252873563537e-02
1.785714285714285476e-01
8.965120996367693940e-02
5.164007285974500094e-01
0.000000000000000000e+00
4.698186177974022493e-01
5.168544576374122235e-01
4.251177808222817989e-01
3.640602511093459781e-01
2.641432401747466630e-01
5.816776933458099874e-01
5.266044572596126905e-01
5.044733400382674926e-01
6.320703963558301774e-01
4.847590506615629957e-01
4.020585606944850898e-01
3.059714677495913304e-01
2.676397515523510906e-01
4.781101619744103637e-01
7.124999999999999112e-01
5.647923354258486128e-01
5.113335780554542076e-01
2.288375258260568201e-01
0.000000000000000000e+00
