4.061285797812743681e-01
4.139040511454203930e-01
4.128411604457997708e-01
4.198093097046161626e-01
3.443540416925234271e-01
4.090655513494125817e-01
5.306498552231486698e-01
3.135449571908491273e-01
5.450880202589598600e-01
5.738843294888855695e-01
3.447087710299623908e-01
5.647358638419150978e-01
4.971184441671391840e-01
4.556852759357172267e-01
4.235660561523639789e-01
2.172962449286127695e-01
5.285930541092744850e-01
2.929264869934912752e-01
2.812505647172711676e-01
5.160367778453902599e-01
4.051008367888944139e-01
4.097943999744634858e-01
5.018810912988510564e-01
5.516175946079189263e-01
3.275213448579775699e-01
3.098702963709955016e-01
0.000000000000000000e+00
1.692871667096256527e-01
1.725078852783686612e-01
1.685809155734581954e-01
1.853471842536905390e-01
1.118881118881118880e-01
1.721785845640934620e-01
3.769681053713611618e-01
8.376792603916430324e-02
1.520205842288481768e-01
3.523534207990511868e-01
1.033251082773971874e-01
1.635622211006160509e-01
2.319172881811462639e-01
1.648376259798432497e-01
3.776061776061776509e-01
3.191855337949340288e-01
2.994440031771246624e-01
2.468775283848878010e-01
1.225116839699343790e-01
2.196467001434720401e-01
3.029478458049886802e-01
1.914858235636484607e-01
1.711229946524064349e-01
4.369414101290963748e-01
1.044697558557290129e-01
1.400443178220956153e-01
0.000000000000000000e+00
2.404371584699453376e-02
2.678739860403697368e-02
2.976190476190476025e-02
3.462050599201065698e-02
6.250000000000000000e-02
2.772457838311317285e-02
3.466666666666666230e-01
0.000000000000000000e+00
0.000000000000000000e+00
3.508771929824561209e-01
0.000000000000000000e+00
2.068604346687614726e-01
0.000000000000000000e+00
2.688381137578998992e-01
1.666666666666666852e-01
0.000000000000000000e+00
1.744966442953020114e-01
0.000000000000000000e+00
0.000000000000000000e+00
0.000000000000000000e+00
1.838888888888889073e-01
2.215909090909090884e-01
4.066176470588235836e-01
0.000000000000000000e+00
0.000000000000000000e+00
0.000000000000000000e+00
0.000000000000000000e+00
4.223643509998418755e-01
4.270239191057337846e-01
4.227873454257604080e-01
4.309152408431425885e-01
3.699975339825745668e-01
4.233978916050586405e-01
6.987578893235002475e-01
2.943409095416065213e-01
4.016985534697991023e-01
5.182987204419607918e-01
3.515648007295133493e-01
3.569692610543683808e-01
5.516931671141015459e-01
3.572956811437270064e-01
5.422389190307335127e-01
3.943614914111335801e-01
4.515774099289582288e-01
5.455100081116822652e-01
4.176885629742587147e-01
3.873913605148859851e-01
2.186350026870707564e-01
4.355154798321265730e-01
4.064119883912009623e-01
5.466428009499572083e-01
3.248821261725981513e-01
3.999876115138934485e-01
0.000000000000000000e+00
1.783916449955176564e-01
1.823494274884202293e-01
1.787491394521612542e-01
1.856879447909036140e-01
1.368981751531864188e-01
1.792657746156089693e-01
4.882625878918330220e-01
8.663657102978020164e-02
1.613617278597290206e-01
2.686335636117739289e-01
1.235978091119824263e-01
1.274270533377017955e-01
3.043653506403879438e-01
1.276602037639597842e-01
2.940230453116183251e-01
1.555209859080135815e-01
2.039221571581464054e-01
2.975811689500076351e-01
1.744637356395012939e-01
1.500720662015744000e-01
4.780126439997543081e-02
1.896737331734074661e-01
1.651707043080896942e-01
2.988183518304146635e-01
1.055483959064279775e-01
1.599900893645894162e-01
0.000000000000000000e+00
2.000781555295037262e-01
1.986808726534753933e-01
2.004000000000000226e-01
2.061781609195402210e-01
3.214285714285713969e-01
2.002202501848676097e-01
4.951585579240058710e-01
2.845692732538560032e-01
6.216330794159869999e-01
5.835944660091565428e-01
3.878712637362323745e-01
7.259241800365596742e-01
4.796156680460291200e-01
4.664746269734219575e-01
3.990208112862486112e-01
2.299185317543270823e-01
4.709002468418761467e-01
2.443573999840421840e-01
4.054081249458370007e-01
5.173214161989885262e-01
4.280738761339751841e-01
4.529647192214122375e-01
6.564275194613928832e-01
5.171868689403333885e-01
6.286476438633131769e-01
3.368715074502904305e-01
0.000000000000000000e+00
