2.893227017225885600e-01
2.934640735810866707e-01
2.955890093113872075e-01
2.799805615925609614e-01
1.780389133734908702e-01
2.888890169711753053e-01
2.787591703807418830e-01
2.396032479835912277e-01
4.776372966297761646e-01
6.109297181963351253e-01
4.576499658820994410e-01
3.216841632144245011e-01
3.508476521377054680e-01
7.329232340184381744e-01
6.315226202824609780e-01
2.307768768607508791e-01
6.151415630483354491e-01
6.382208549287597954e-01
1.855349263636367763e-01
4.649800732815795867e-01
1.533276606723558422e-01
4.517982744475555479e-01
5.336733180755186545e-01
3.364822300268849320e-01
3.784663112324065937e-01
5.323459563979147102e-01
0.000000000000000000e+00
1.987570524386401694e-01
2.078192620846475436e-01
2.048337052963910554e-01
2.110442864953526454e-01
1.048951048951048820e-01
2.032126661348027941e-01
2.003940340134568177e-01
1.567323651452282307e-01
1.558443395492461470e-01
3.074798403614105169e-01
2.674761182037317941e-01
1.827157648053170103e-01
2.592098577235771861e-01
5.590145576707726827e-01
3.110599078341014234e-01
6.005244668744742498e-01
3.317677936250301718e-01
4.196165778378807554e-01
8.188430311231394143e-02
5.413657326836058825e-01
1.621155504455303320e-01
2.606635071090047107e-01
2.732577310719560004e-01
2.186563216363957285e-01
2.909929594561786459e-01
2.384479717813051680e-01
0.000000000000000000e+00
4.080145719489981782e-02
3.999245425391435849e-02
4.092261904761904795e-02
4.260985352862849823e-02
6.250000000000000000e-02
4.117715129236903387e-02
0.000000000000000000e+00
0.000000000000000000e+00
0.000000000000000000e+00
1.072386058981233264e-01
0.000000000000000000e+00
2.165570175438596701e-01
0.000000000000000000e+00
0.000000000000000000e+00
4.205607476635513930e-01
1.440443213296399017e-01
2.184873949579831942e-01
1.564799094510469779e-01
0.000000000000000000e+00
0.000000000000000000e+00
0.000000000000000000e+00
0.000000000000000000e+00
0.000000000000000000e+00
0.000000000000000000e+00
0.000000000000000000e+00
0.000000000000000000e+00
0.000000000000000000e+00
3.500454500649386458e-01
3.610455731446166050e-01
3.657217906568959176e-01
3.475327932801370867e-01
2.309722310732383876e-01
3.530637563966374515e-01
4.823466763301106353e-01
3.766236913040942880e-01
3.837635756003604515e-01
5.383928111442133346e-01
4.050115819792752259e-01
4.216458704818905057e-01
4.808340917686144134e-01
7.096844040393838204e-01
5.585508758575918886e-01
4.245586788304964720e-01
5.337348518242130968e-01
7.221137916833383352e-01
3.432287726417245222e-01
4.861949238286826791e-01
1.856038850531247508e-01
5.121403870668139735e-01
6.360742899386762073e-01
4.346433112284656675e-01
3.961962975611350024e-01
5.218169731792238197e-01
0.000000000000000000e+00
1.225318171111654669e-01
1.303539058873247058e-01
1.337524281612864074e-01
1.207790424050945305e-01
5.334817152694943526e-02
1.246540160809041786e-01
2.326583161667044597e-01
1.418454048515216948e-01
1.472744819575735609e-01
2.898668190917684795e-01
1.640343815373551672e-01
1.777852400944311406e-01
2.312014238069483030e-01
5.036519533367352919e-01
3.119790809212830140e-01
1.802500717702966160e-01
2.848728920518147634e-01
5.214483281392876535e-01
1.178059903691446031e-01
2.363855039567785699e-01
3.444880214681354108e-02
2.622877760649460765e-01
4.045905023209912521e-01
1.889148079956449178e-01
1.569715062011514395e-01
2.722929534979268706e-01
0.000000000000000000e+00
1.680343884329816573e-01
1.754439370877727278e-01
1.864000000000000101e-01
1.609195402298850275e-01
2.142857142857142461e-01
1.720487709786875929e-01
3.187423924584984469e-01
9.876543209876542662e-02
5.497470834852351551e-01
6.766168513546287899e-01
4.222791038312985190e-01
3.204115723593599641e-01
4.005534034311012959e-01
6.847097378944591028e-01
5.907545499754101037e-01
2.735635340152398065e-01
5.069451189898008803e-01
5.700448243279813143e-01
2.539487387178894773e-01
3.907008668683427666e-01
1.414994882634248441e-01
4.876401261999161463e-01
6.412213740458014843e-01
3.549877590427916174e-01
5.555654228016269069e-01
5.000777442562078789e-01
0.000000000000000000e+00
