2.833224628704875681e-01
2.886066862047130810e-01
2.844696489360342140e-01
2.884887066376550790e-01
2.353354599350890308e-01
2.837591040843773227e-01
4.924076488957216946e-01
3.680872017992961598e-01
4.158988220810615477e-01
6.364429537463882625e-01
3.215308798208914021e-01
4.446898943210524369e-01
4.602773532555864411e-01
4.417669684491749571e-01
3.701254182751991806e-01
3.120260971257743376e-01
6.086132171789142564e-01
3.252562345037217084e-01
3.498940996822242910e-01
6.470730301126412787e-01
3.666390742741110209e-01
3.773522047542807178e-01
4.573521676340461806e-01
5.716562161222162874e-01
3.346396287562937166e-01
4.268755621315661886e-01
0.000000000000000000e+00
1.157315920611736298e-01
1.209711728893126947e-01
1.143650318436666563e-01
1.202843083652269107e-01
9.790209790209790375e-02
1.164184754547092221e-01
3.853189139751990178e-01
1.678229598893499486e-01
8.361101958996036698e-02
3.751072143333650244e-01
1.946844368680020199e-01
2.516557672851673644e-01
3.325965447154470844e-01
2.866741321388577846e-01
2.784010901657960613e-01
2.001174839485976298e-01
3.149324861000793452e-01
3.452156457205425300e-01
2.070166361537849053e-01
4.467618778280543212e-01
2.323897300855826409e-01
2.158552348125807319e-01
1.368150566011528402e-01
5.422238505220736693e-01
2.342068738061537370e-01
2.469135802469136221e-01
0.000000000000000000e+00
3.897996357012750712e-02
4.338803999245424703e-02
3.794642857142856845e-02
4.260985352862849823e-02
6.250000000000000000e-02
3.862210672134676337e-02
3.058823529411764386e-01
0.000000000000000000e+00
0.000000000000000000e+00
0.000000000000000000e+00
0.000000000000000000e+00
0.000000000000000000e+00
0.000000000000000000e+00
2.828644501278772538e-01
1.376146788990825764e-01
1.578947368421052821e-01
2.536585365853658569e-01
0.000000000000000000e+00
0.000000000000000000e+00
0.000000000000000000e+00
0.000000000000000000e+00
0.000000000000000000e+00
2.623339658444022726e-01
1.918081918081918358e-01
0.000000000000000000e+00
0.000000000000000000e+00
0.000000000000000000e+00
2.848258005596754350e-01
2.893770415725300804e-01
2.814324094294541889e-01
2.869995431817646270e-01
2.593958806124659899e-01
2.839375090673686430e-01
5.615965421307494987e-01
4.015105794817500628e-01
3.850438329930537806e-01
4.755570236524980232e-01
3.803829602507934893e-01
4.288759877248727315e-01
4.494219544678641487e-01
3.885158383606139298e-01
4.628447903103222738e-01
2.604930935675777715e-01
5.692624323498441941e-01
5.865675404437122875e-01
4.450907323925578640e-01
4.144146956355593825e-01
1.971380322095298565e-01
4.113235042435972044e-01
3.132861435382964799e-01
5.067004911105023046e-01
3.763785868765959775e-01
4.882295624539196854e-01
0.000000000000000000e+00
8.112573666446001863e-02
8.373907218926980589e-02
7.920420107726795778e-02
8.236873778654160705e-02
6.728622287871668939e-02
8.062050905538206691e-02
3.153906761332146425e-01
1.612107454357706859e-01
1.482587533259826507e-01
2.261544827452225681e-01
1.446911964491566782e-01
1.839346128469851183e-01
2.019800931577149239e-01
1.509445566570506714e-01
2.142252999174061034e-01
6.785665179640683331e-02
3.240597168848609599e-01
3.440614795021860184e-01
1.981057600617435743e-01
1.717395399587132998e-01
3.886340374344562920e-02
1.691870251432325833e-01
9.814820773309812507e-02
2.567453876916242494e-01
1.416608406592233249e-01
2.383681056539459220e-01
0.000000000000000000e+00
2.035951543571707656e-01
2.091324200913242115e-01
2.176000000000000156e-01
2.083333333333333148e-01
2.857142857142856984e-01
2.134527545536020199e-01
5.561010190518387297e-01
3.750000000000000000e-01
5.584922761664565805e-01
6.194631243888522043e-01
3.415000942000161466e-01
5.477722212522477818e-01
5.013262599469496816e-01
4.693162279130358439e-01
3.731775393817880482e-01
4.878809819558553862e-01
5.384088313665779113e-01
2.935879977792837936e-01
3.655242600946200238e-01
5.842299598999483035e-01
4.160141213157698692e-01
4.200982047751422588e-01
6.521739130434782705e-01
5.677045619116580788e-01
5.478492363738265425e-01
4.198699271592091775e-01
0.000000000000000000e+00
