2.286570580598120406e-01
2.373965335521920905e-01
2.333008869968374588e-01
2.564443702777634004e-01
1.945114803833689621e-01
2.329233404298520493e-01
7.756272868966527234e-01
7.473399169708668799e-01
3.128791737282731189e-01
5.069863808644203829e-01
1.960103531654930342e-01
5.907300453987039957e-01
4.695927325840769107e-01
1.581984546806882719e-01
1.639928269292833529e-01
2.436792755372950703e-01
4.034307434601627773e-01
8.833016825176265296e-02
7.610291111167525324e-01
3.785805550539378950e-01
7.660957122171564437e-01
3.485517532219257197e-01
5.031242449390828098e-01
5.636392921587182192e-01
5.300623531562476121e-01
2.068829182596171046e-01
0.000000000000000000e+00
7.603746026290918170e-02
7.943959510012468805e-02
8.088835664906646183e-02
8.737014762165118409e-02
5.944055944055944007e-02
7.955248063668744762e-02
4.629312945603507590e-01
3.230912863070539709e-01
1.566935237891822208e-01
3.206919555565780344e-01
8.170542205449804474e-02
2.048661919162358125e-01
2.903059115336915630e-01
6.251935860475089923e-02
2.160758160758161073e-01
3.925782989461184536e-01
2.334141549266334215e-01
1.220172225497491714e-01
4.686569688768606468e-01
4.946397676717745329e-01
4.591836734693878208e-01
4.878219657943539955e-01
1.717637201508169231e-01
5.817610062893082690e-01
2.848256181868112358e-01
1.662702457809491774e-01
0.000000000000000000e+00
3.861566484517303666e-02
3.772873042822108558e-02
3.348214285714285615e-02
5.326231691078561759e-02
6.250000000000000000e-02
4.058517348454011853e-02
5.416666666666666297e-01
0.000000000000000000e+00
0.000000000000000000e+00
1.120448179271708727e-01
0.000000000000000000e+00
2.590588621085423982e-01
0.000000000000000000e+00
0.000000000000000000e+00
0.000000000000000000e+00
1.391614629794826197e-01
1.256038647342995196e-01
0.000000000000000000e+00
2.953271028037382506e-01
0.000000000000000000e+00
3.400684931506849362e-01
0.000000000000000000e+00
1.333172613307618271e-01
0.000000000000000000e+00
0.000000000000000000e+00
0.000000000000000000e+00
0.000000000000000000e+00
2.112336763734760925e-01
2.169503078050880329e-01
2.136103592165077558e-01
2.236080428834465450e-01
1.689019760311439022e-01
2.128758099865127040e-01
6.443749201945980776e-01
6.512384534698707483e-01
3.988980162173066946e-01
4.775988691612221282e-01
3.040302575086057391e-01
4.197930291878442244e-01
4.953661726267251653e-01
2.446050520987224086e-01
3.914029696252142032e-01
3.651832567183441181e-01
3.985671425177144123e-01
4.082575002396800490e-01
6.619907437636464165e-01
4.576987323340643843e-01
3.398572608040230092e-01
5.337315231188578535e-01
4.829504099415737883e-01
5.542741248766300810e-01
4.575225873965200751e-01
3.945812714052037151e-01
0.000000000000000000e+00
4.461966603425443489e-02
4.706743605672242259e-02
4.562938556460548190e-02
5.000055684216526963e-02
2.852787750722511270e-02
4.531611047741385817e-02
4.152190377757945527e-01
4.241115232778290278e-01
1.591196273421026375e-01
2.281006798240781952e-01
9.243439748074908091e-02
1.762261873547061874e-01
2.453876449828504280e-01
5.983163151221869425e-02
1.531962846314362803e-01
1.333588109874160321e-01
1.588557670947360889e-01
1.666741865019523705e-01
4.382317448287457173e-01
2.094881295802095700e-01
1.155029577212137171e-01
2.848693387707758595e-01
2.332410984627341644e-01
3.072198055077541845e-01
2.093269179780063716e-01
1.556943797437471133e-01
0.000000000000000000e+00
1.553341148886283885e-01
1.637747336377473606e-01
1.616000000000000214e-01
1.781609195402298895e-01
2.857142857142856984e-01
1.627218382385490214e-01
7.685690724434548482e-01
6.531591575579844822e-01
4.757542881834536108e-01
5.743983986894548588e-01
2.248554535623560613e-01
6.705449453456830966e-01
5.345985364333987189e-01
1.866890164881618852e-01
1.510037856268563461e-01
3.864626717327133143e-01
3.513478446436193448e-01
7.694601355330180081e-02
7.125547806270661200e-01
2.964832837543112665e-01
8.874617051240033527e-01
3.825961205608395810e-01
6.888967797776248680e-01
6.030261440838606823e-01
7.372924302601029378e-01
1.435437120149603007e-01
0.000000000000000000e+00
