2.528653922102319651e-01
2.562893190996897164e-01
2.498291029304644806e-01
2.653779293939275141e-01
2.738398951940977377e-01
2.540696475493292583e-01
3.964460522687008326e-01
4.102293316322249139e-01
3.430773682245122913e-01
2.819926811887670248e-01
4.738980875824966854e-01
3.188296093851588076e-01
5.781407228390793573e-01
3.552694769664924146e-01
4.442350948085399542e-01
4.446264041681154966e-01
6.656590062962002285e-01
3.507493162776865181e-01
3.079756201754054734e-01
6.205983615681731624e-01
5.416013979591904892e-01
8.485257957645520044e-01
4.046821005616693112e-01
3.275321269159368054e-01
4.596266044503929393e-01
3.949716517698954599e-01
0.000000000000000000e+00
5.177993527508090166e-02
5.127264725298906478e-02
4.572423929018561151e-02
5.500273373428102991e-02
5.594405594405593707e-02
5.127709360506960135e-02
1.950874939797720697e-01
9.081656619431614785e-02
1.083988461435732020e-01
2.211844933659476709e-01
1.071973885115569125e-01
1.863598673300165542e-01
2.245934959349593085e-01
1.306896778868322229e-01
2.345559845559845868e-01
5.589352332888031238e-01
1.755361397934868672e-01
1.396070320579110291e-01
8.233299529997582800e-02
2.491644385026737796e-01
3.690476190476190688e-01
3.198104265402843538e-01
8.264462809917354214e-02
2.986580567046716039e-01
1.637461976779058526e-01
1.481481481481481677e-01
0.000000000000000000e+00
2.622950819672130798e-02
2.641011129975476615e-02
2.157738095238095205e-02
3.994673768308922013e-02
6.250000000000000000e-02
2.667664726143128412e-02
3.270440251572326873e-01
0.000000000000000000e+00
0.000000000000000000e+00
0.000000000000000000e+00
2.482603815937149128e-01
0.000000000000000000e+00
0.000000000000000000e+00
0.000000000000000000e+00
3.208556149732620377e-01
1.756262313537855502e-01
2.222222222222222376e-01
0.000000000000000000e+00
0.000000000000000000e+00
4.253846153846154166e-01
5.310160427807487649e-01
3.250000000000000111e-01
0.000000000000000000e+00
0.000000000000000000e+00
0.000000000000000000e+00
0.000000000000000000e+00
0.000000000000000000e+00
2.434322166262160858e-01
2.437573673227954596e-01
2.327381496110771109e-01
2.509429800930107479e-01
2.838739956305615375e-01
2.425720336731473914e-01
5.349167143730281238e-01
3.256133664920367043e-01
4.553450363452039573e-01
5.025662001889797947e-01
3.126020440911964626e-01
6.200286250285910183e-01
5.479625680606009519e-01
4.010704297806074181e-01
6.018215803757959170e-01
8.907792842613128093e-01
3.984795521653229367e-01
6.671541068688408016e-01
4.085239772975373662e-01
4.012687306173357005e-01
3.733966271178602025e-01
6.643373508085030910e-01
4.627604564350970007e-01
7.324156515813968760e-01
4.612344287139645282e-01
4.825206487678855849e-01
0.000000000000000000e+00
5.925924409155300387e-02
5.941765412414022618e-02
5.416704628438812064e-02
6.297237925796121683e-02
8.058444539526005146e-02
5.884119152032653982e-02
2.861358913156356598e-01
1.060240644382773878e-01
2.073391021242150800e-01
2.525727855723897131e-01
9.772003796999430281e-02
3.844354958548450996e-01
3.002629759955686706e-01
1.608574896444011360e-01
3.621892146060204931e-01
7.934877332690966067e-01
1.587859534938762807e-01
4.450946023119606854e-01
1.668918400269988611e-01
1.610165941712478899e-01
1.394250411429943104e-01
4.413441156792601294e-01
2.141472400400193654e-01
5.364326866814020933e-01
2.127371982310972687e-01
2.328261764873812978e-01
0.000000000000000000e+00
1.637358343102774672e-01
1.619482496194825094e-01
1.768000000000000127e-01
1.716954022988505524e-01
2.857142857142856984e-01
1.682961241477215486e-01
3.805793677131036334e-01
4.986852281515855023e-01
4.999190218519671824e-01
2.645807589862563258e-01
4.446729367529781429e-01
3.332284647885321305e-01
5.298231180584120903e-01
4.101153626967550259e-01
4.756865488923975316e-01
2.490504298975819708e-01
6.976905970234360543e-01
4.600092912750244345e-01
4.156427465152298106e-01
5.399778285872651740e-01
5.524171585189843192e-01
9.999999999999997780e-01
6.400000000000000133e-01
1.518112424022995399e-01
4.996163168921907705e-01
4.053874054638060831e-01
0.000000000000000000e+00
