2.683066460539716980e-01
2.736933291735738627e-01
2.703075072668673640e-01
2.771257817819624547e-01
2.684064421248696930e-01
2.699683306007475414e-01
5.062232368425998441e-01
5.430128569045147291e-01
4.393313862852303853e-01
5.371274988528127459e-01
3.622382517177907268e-01
3.730819377830911776e-01
5.463016817006234316e-01
5.040002480446387212e-01
3.656869056042733046e-01
1.435224249098533411e-01
6.847284517727876274e-01
3.276525182430361505e-01
3.911689808173562932e-01
4.840680273091238495e-01
4.392851755782027912e-01
4.581574877473986729e-01
5.238710158921674465e-01
5.079045201034504409e-01
4.163309051511576708e-01
4.050423823219219122e-01
0.000000000000000000e+00
1.360082481312827329e-01
1.370644759040563210e-01
1.343421697240215762e-01
1.418261344997266415e-01
7.342657342657342434e-02
1.369225714993307641e-01
7.733245841951286170e-01
2.280290456431535440e-01
2.104694155549308721e-01
7.364909939959973784e-01
1.875859731664041852e-01
2.103434000897356493e-01
3.192535107169252595e-01
2.732362821948488563e-01
2.417645609134970730e-01
1.940842295599605749e-01
3.923749007148530366e-01
2.373789602331484172e-01
4.557645466847090598e-01
2.889968487394957708e-01
3.149659863945578619e-01
2.754133623287752242e-01
2.153621779290228466e-01
2.838843690496798411e-01
2.225915381050121988e-01
5.502645502645503450e-01
0.000000000000000000e+00
4.116575591985427440e-02
2.961705338615355440e-02
4.761904761904760947e-02
2.529960053262317321e-02
1.250000000000000000e-01
4.102180617062376605e-02
0.000000000000000000e+00
0.000000000000000000e+00
1.097222222222222071e-01
3.125000000000000000e-01
0.000000000000000000e+00
0.000000000000000000e+00
0.000000000000000000e+00
0.000000000000000000e+00
0.000000000000000000e+00
0.000000000000000000e+00
1.262135922330097082e-01
0.000000000000000000e+00
0.000000000000000000e+00
0.000000000000000000e+00
0.000000000000000000e+00
0.000000000000000000e+00
0.000000000000000000e+00
2.421185372005044412e-01
0.000000000000000000e+00
0.000000000000000000e+00
0.000000000000000000e+00
2.688523470220506861e-01
2.730208208334135023e-01
2.711544194314259304e-01
2.729648019638201140e-01
2.309318520314240231e-01
2.696793190905587556e-01
9.504732698240591082e-01
5.352259907233721803e-01
4.609131727358535824e-01
6.155809375259112537e-01
3.804357483058747325e-01
4.652079203034034660e-01
5.766558458110999652e-01
5.447305460174599601e-01
5.108276036775672990e-01
2.728453960292436253e-01
5.769148561958257204e-01
5.537864254293872746e-01
5.639476009343373786e-01
3.668290169283497382e-01
2.782674821464094506e-01
4.785937738277764586e-01
5.320653039131114648e-01
5.014006699894307806e-01
4.360347879135920701e-01
6.450467816032258161e-01
0.000000000000000000e+00
7.228158449926516682e-02
7.454036860855085822e-02
7.352471917719367867e-02
7.450978311114755948e-02
5.332952028266351591e-02
7.272693514514740054e-02
9.033994366500385231e-01
2.864668611458152658e-01
2.124409528014307713e-01
3.789398906452798310e-01
1.447313585890508125e-01
2.164184091130177401e-01
3.325319645081150632e-01
2.967313677644799474e-01
2.609448406789657282e-01
7.444461013435477170e-02
3.328307512994503892e-01
3.066794049898583507e-01
3.180368965995946651e-01
1.345635276606195196e-01
7.743279162010228978e-02
2.290520003467128862e-01
2.830934876281517298e-01
2.514026318658500458e-01
1.901263362708512095e-01
4.160853504566797700e-01
0.000000000000000000e+00
1.981242672919109327e-01
2.115677321156773094e-01
2.112000000000000544e-01
2.183908045977011603e-01
2.857142857142856984e-01
2.074971663024113289e-01
4.625973723985582486e-01
3.886925795053003396e-01
5.269497863247862846e-01
5.422943935857069686e-01
3.533880789801382427e-01
4.980211129692255212e-01
5.629990262901656273e-01
5.278391686423362650e-01
3.809412884674008293e-01
2.298681074898407672e-01
6.214141033491922261e-01
3.032308551393331220e-01
4.152722183766215380e-01
5.073473863774826675e-01
4.736634687876077887e-01
5.423387620566516576e-01
6.605504587155963669e-01
5.073341266674009642e-01
5.635020716987929612e-01
3.720206285476948538e-01
0.000000000000000000e+00
