4.271848459942859666e-01
4.296109271674525276e-01
4.106992771894435457e-01
4.346808872158831605e-01
2.870612976625525614e-01
4.215235515346136275e-01
3.763540902398861410e-01
3.963901272906069084e-01
0.000000000000000000e+00
1.976070630431536190e-01
5.664269382482409743e-01
2.930031768415019000e-01
1.695814934497562043e-01
4.548492488929462563e-01
2.010243125853670154e-01
3.845980602046763508e-01
2.848758311133872678e-01
4.083210998883913256e-01
5.211449764601665535e-01
8.974889396113772122e-01
4.988574260664135895e-01
8.235730373513225899e-01
7.694239491530278086e-01
5.653398987075276549e-01
3.775714071678689665e-01
4.547699959244023704e-01
0.000000000000000000e+00
5.673454191368101918e-02
5.561505171275581139e-02
5.220183985629524293e-02
5.784581738655002886e-02
2.797202797202796853e-02
5.570867278606571327e-02
1.098707040270694157e-01
3.132333226939036652e-02
0.000000000000000000e+00
2.092658888792697791e-02
1.014373716632443467e-01
7.494839766508942791e-02
0.000000000000000000e+00
7.387371866655183250e-02
2.084942084942084661e-02
2.678105981891049647e-01
3.494837172359015198e-02
1.809720785935884368e-01
5.352097428958053904e-02
3.393382352941176072e-01
1.491156462585034315e-01
1.127962085308057416e-01
1.433155080213903698e-01
2.380261248185776835e-01
8.709406603915201273e-02
8.733075739012977068e-02
0.000000000000000000e+00
1.256830601092896182e-01
1.286549707602339110e-01
1.205357142857142738e-01
1.331557922769640578e-01
1.250000000000000000e-01
1.257687794048437668e-01
3.466666666666666230e-01
1.000000000000000000e+00
2.106666666666666687e-01
7.692307692307692735e-01
6.301994301994302550e-01
0.000000000000000000e+00
0.000000000000000000e+00
6.505882352941176894e-01
4.000000000000000222e-01
4.421052631578947789e-01
3.466666666666666785e-01
4.756989247311828595e-01
6.834605597964376056e-01
5.853916725476359106e-01
5.092307692307692646e-01
9.749999999999999778e-01
9.251484079870481159e-01
5.907692307692308242e-01
0.000000000000000000e+00
7.022222222222221921e-01
0.000000000000000000e+00
2.932689379640573413e-01
2.916173338162059148e-01
2.770061785600526627e-01
2.939159129124809811e-01
2.204114837977408370e-01
2.881478654380433269e-01
4.312985006405079536e-01
8.286496458118124131e-02
2.827040237599597328e-01
2.761792636174294907e-02
2.636410291561604446e-01
5.034616353466991878e-01
2.244941562776325006e-01
1.788912221299369387e-01
1.408384799200726734e-01
4.431805800436619536e-01
1.190910683693831573e-01
5.332701590281423432e-01
8.266426003812289702e-02
6.444467750732333355e-01
2.152923905356360634e-01
1.231816685895526509e-01
4.664425251400209915e-01
4.854641919890481105e-01
3.434740393740545739e-01
1.593964541794494205e-01
0.000000000000000000e+00
8.600666997456611618e-02
8.504066938207244242e-02
7.673242296044377464e-02
8.638656386317714042e-02
4.858122218992176611e-02
8.302919235650073337e-02
1.860183966547501733e-01
6.866602355040420970e-03
7.992156505007189105e-02
7.627498565226563604e-04
6.950659225451943923e-02
2.534736182659726444e-01
5.039762620280608535e-02
3.200206935514243733e-02
1.983547742619670359e-02
1.964090265278367053e-01
1.418268256536109502e-02
2.843770625099002469e-01
6.833379887650399900e-03
4.153116459022906937e-01
4.635081342254883385e-02
1.517372347650638650e-02
2.175686292589991411e-01
2.356754817035794092e-01
1.179744157239295960e-01
2.540722960498132538e-02
0.000000000000000000e+00
4.124658069558421181e-01
4.174530695078640941e-01
4.176000000000000267e-01
4.159482758620689502e-01
4.285714285714285476e-01
4.134485626095827926e-01
4.398756041933515881e-01
5.235474006116208612e-01
1.177271914570064415e-01
2.840386927035254416e-01
5.458890256119233175e-01
5.815528633144964044e-01
3.524963789391270530e-01
4.942057534767502203e-01
2.383769832934693467e-01
4.519571531632842198e-01
3.311298282023538153e-01
3.051800137131174262e-01
6.081882036441487172e-01
6.065293215672196148e-01
6.451988241724773143e-01
9.335480570310901172e-01
8.275983558426307507e-01
5.466463437670883163e-01
6.291180504075445379e-01
4.715525303344185182e-01
0.000000000000000000e+00
