2.773549751358839188e-01
2.828255417515829762e-01
2.819434772283990753e-01
2.950757738429776733e-01
1.775125343524984745e-01
2.791036546888033820e-01
6.990891047137528513e-01
4.564300228173081564e-01
6.204178499668480118e-01
4.562716364838557692e-01
2.240874817524373119e-01
5.925172091277405295e-01
6.237352049284192734e-01
3.865431679277185339e-01
1.298352516599656226e-01
2.025566588321706663e-01
4.299641187331527115e-01
1.574860681923636596e-01
7.617771931224411874e-01
2.781212439110755663e-01
5.646773370179999363e-01
2.311755837492834309e-01
5.741064775201191184e-01
5.913076034781140633e-01
5.837888385677028058e-01
2.572564189636986631e-01
0.000000000000000000e+00
1.340894120342526474e-01
1.382234284456832496e-01
1.407109030537259942e-01
1.478403499179879732e-01
4.895104895104894493e-02
1.369771432416297119e-01
5.915877347888907067e-01
1.839547340626178917e-01
1.805263667198475641e-01
4.254639705158630436e-01
2.007976622966355928e-01
3.635526073337018715e-01
2.925674427198816652e-01
2.150055991041433523e-01
2.606177606177606521e-01
2.215258059727935325e-01
2.374900714853057648e-01
1.351992811975520348e-01
3.104317874277278677e-01
1.845207910750507052e-01
3.029478458049886802e-01
4.205200461124631861e-01
1.537433155080213942e-01
5.209800056322162476e-01
6.011102143658588748e-01
1.708156243675369723e-01
0.000000000000000000e+00
5.683060109289617134e-02
5.810224485946047235e-02
5.952380952380952744e-02
6.924101198402131396e-02
6.250000000000000000e-02
6.282898788214796859e-02
3.151515151515151270e-01
0.000000000000000000e+00
1.962732919254658037e-01
0.000000000000000000e+00
0.000000000000000000e+00
0.000000000000000000e+00
0.000000000000000000e+00
0.000000000000000000e+00
0.000000000000000000e+00
0.000000000000000000e+00
1.300000000000000044e-01
0.000000000000000000e+00
0.000000000000000000e+00
0.000000000000000000e+00
2.713114754098360781e-01
1.171875000000000000e-01
3.535805626598465534e-01
0.000000000000000000e+00
0.000000000000000000e+00
0.000000000000000000e+00
0.000000000000000000e+00
2.708798727043068011e-01
2.755435345548866155e-01
2.761757257145363020e-01
2.806590992772153847e-01
1.865187688855969583e-01
2.717134278319102147e-01
7.762021511471969282e-01
4.568556161270196925e-01
3.497449401351839793e-01
4.303860697378725231e-01
3.477886462192056327e-01
5.102019192060168740e-01
5.062423474638096943e-01
3.447193819649581603e-01
3.901216098867489324e-01
3.171119994600653524e-01
4.290014852408391421e-01
4.380279650004065828e-01
5.763173866085378183e-01
3.177752801783117476e-01
2.875153693861884352e-01
4.486771071263679911e-01
4.249885831895232058e-01
5.773844675542932903e-01
5.183613720094789601e-01
3.700233996178869389e-01
0.000000000000000000e+00
7.337590543630147233e-02
7.592423943499998495e-02
7.627303147395078642e-02
7.876953000709785435e-02
3.478925114659872642e-02
7.382818686416668663e-02
6.024897794455358335e-01
2.087170539867987951e-01
1.223215231501634109e-01
1.852321690244128904e-01
1.209569424389877329e-01
2.603059983615029216e-01
2.562813143656685888e-01
1.188314523023027008e-01
1.521948705006286595e-01
1.005600202015605044e-01
1.840422743388459570e-01
1.918684981223974240e-01
3.321417301072948081e-01
1.009811286924045398e-01
8.266508763327636011e-02
2.013111464592863276e-01
1.806152958414382892e-01
3.333728233729547630e-01
2.686985119915494269e-01
1.369173162647784880e-01
0.000000000000000000e+00
1.697928878468152047e-01
1.679350583460172408e-01
1.700000000000000400e-01
1.781609195402298895e-01
2.142857142857142461e-01
1.678675482506178374e-01
7.089471373012355970e-01
3.654873164218958026e-01
6.910827459682096219e-01
5.293930077177723126e-01
2.140402074458473136e-01
6.287089841626547493e-01
6.047561929595828278e-01
4.218594265230853346e-01
1.164562362841918275e-01
3.385881363050149417e-01
3.860504898790954043e-01
1.431783263895556602e-01
9.090896883696186759e-01
3.436225861677860149e-01
6.353053161316194464e-01
2.872231667777505049e-01
7.230573248407643483e-01
5.915813448293281152e-01
7.737316907556505141e-01
1.754606411552722678e-01
0.000000000000000000e+00
