2.506215761691310551e-01
2.580763181475239088e-01
2.568039630116463190e-01
2.618191923847382196e-01
2.075161385490621457e-01
2.533913815212076592e-01
4.891789413493956018e-01
4.806957396562099305e-01
3.643786546135718840e-01
5.365801911290744020e-01
3.303535096416337358e-01
4.142341550808479322e-01
5.065861986574022868e-01
5.468153973413908409e-01
3.945876117802384897e-01
1.683220369280959972e-01
6.102968226569309707e-01
4.171018158405805365e-01
3.970680455630590799e-01
5.268880629983341279e-01
4.757181731927905277e-01
4.465112417461928884e-01
4.780699711949877306e-01
4.419604302736078738e-01
3.751873568792613023e-01
3.705464994708007609e-01
0.000000000000000000e+00
1.529054615230403258e-01
1.555343651434020202e-01
1.583473953513690191e-01
1.622744669218152136e-01
7.692307692307691347e-02
1.559750976228621577e-01
2.488360892599132679e-01
2.280290456431535440e-01
1.151724079580569438e-01
3.675783855903936859e-01
1.475689351716045761e-01
2.206240524549967497e-01
2.971684889262685147e-01
2.978723404255319007e-01
2.025934290085233958e-01
1.712162492159332028e-01
3.501335836522492251e-01
2.740434332988624377e-01
1.844631405542154767e-01
2.640646374829000997e-01
3.510204081632654072e-01
3.108653677374056956e-01
1.614867369089850180e-01
3.375589622641509413e-01
2.050026011861408870e-01
2.654320987654321118e-01
0.000000000000000000e+00
4.371584699453551215e-02
3.961516694963214402e-02
4.166666666666666435e-02
3.462050599201065698e-02
6.250000000000000000e-02
4.107858325359488305e-02
1.044176706827309176e-01
0.000000000000000000e+00
0.000000000000000000e+00
5.660377358490565891e-01
0.000000000000000000e+00
0.000000000000000000e+00
0.000000000000000000e+00
0.000000000000000000e+00
2.586206896551724310e-01
2.345864661654135375e-01
2.015503875968992220e-01
0.000000000000000000e+00
1.089655172413793033e-01
0.000000000000000000e+00
2.121794871794871751e-01
0.000000000000000000e+00
0.000000000000000000e+00
1.507064364207221230e-01
0.000000000000000000e+00
0.000000000000000000e+00
0.000000000000000000e+00
3.001165028611787466e-01
3.096639474519984891e-01
3.159053132031508504e-01
3.084832176364956657e-01
2.275298907630400325e-01
3.048036289464515214e-01
6.089946037938479551e-01
5.077615924287417482e-01
3.731439620506922239e-01
3.951515772856606934e-01
3.370329937243513041e-01
4.147226782065927542e-01
5.342301275444929498e-01
4.856828466161173807e-01
3.916392385798066478e-01
2.078325950942549183e-01
5.857814285152517231e-01
5.731668717369212684e-01
3.947855770946633314e-01
3.556810924606716440e-01
2.794001964132989957e-01
4.749793851367909436e-01
5.426815859126026265e-01
4.890282891122418318e-01
3.890297164040816824e-01
4.496060861831608357e-01
0.000000000000000000e+00
9.006991528962392246e-02
9.589176035155404232e-02
9.979616690998086015e-02
9.516189556336557276e-02
5.176985119064093227e-02
9.290525221892607932e-02
3.708744274500256899e-01
2.578218347457715831e-01
1.392364164148884587e-01
1.561447690313454983e-01
1.135912388587986127e-01
1.719948998188490508e-01
2.854018291762051573e-01
2.358878274971349387e-01
1.533812931953706660e-01
4.319438758361251324e-02
3.431398819933690336e-01
3.285202628566883387e-01
1.558556518819663728e-01
1.265090395340168761e-01
7.806446975579003911e-02
2.256054163049240335e-01
2.945033036886174904e-01
2.391486675520464456e-01
1.513441202454402223e-01
2.021456327329398950e-01
0.000000000000000000e+00
1.551387260648691147e-01
1.646879756468797584e-01
1.688000000000000056e-01
1.982758620689655249e-01
2.857142857142856984e-01
1.614910018648397227e-01
5.256976320582877893e-01
3.968253968253968034e-01
4.946663655136808724e-01
5.881361861774849764e-01
3.161282611665072739e-01
4.980211129692255212e-01
4.785828279604213420e-01
5.662578423093417301e-01
4.092867884846717597e-01
2.532436328688130178e-01
5.896868816203003627e-01
3.502465878640989017e-01
4.353074353037720279e-01
4.775971731448763191e-01
4.238961686983304666e-01
4.787888182350306110e-01
6.721763085399449222e-01
4.093637909839516476e-01
4.910184027250893424e-01
3.610677827684770080e-01
0.000000000000000000e+00
