1.514130752570708449e-01
1.533891315261217692e-01
1.435033029795406423e-01
1.435409221633154875e-01
4.314921764105880686e-02
1.476063028571513447e-01
1.720236934870142398e-01
2.038924050985263525e-01
5.111927545581358423e-01
5.315806133396552280e-01
5.318931950039229584e-01
2.535847828631442313e-01
3.763419608905760883e-01
8.385935934906625366e-01
6.609901875446276831e-01
4.761063587928758833e-01
5.632199492721665646e-01
5.531679913999274500e-01
1.779907579399476747e-01
2.970326544599269369e-01
2.937652200447912199e-01
3.196372958044126356e-01
5.676385600179426616e-01
3.580810341100487681e-01
1.861459341365565012e-02
5.029901516286173768e-01
0.000000000000000000e+00
5.974167311051922780e-02
5.759554023325753891e-02
5.410701649338631181e-02
5.598687807545107281e-02
1.748251748251748033e-02
5.760542658268492933e-02
7.309560122009953198e-02
1.061013891394551739e-01
1.292904831575937830e-01
2.755550332345916287e-01
2.758294607154436195e-01
3.159041394335512232e-01
1.718447541618272623e-01
3.640007072552601808e-01
4.765581908439051606e-01
3.925782989461184536e-01
2.907317315329626117e-01
2.488366080661840174e-01
7.231072227655781226e-02
1.491596638655461882e-01
1.251500600240096073e-01
3.509111541285627744e-01
1.247771836007129792e-01
2.989840348330914388e-01
4.303780705820037245e-02
2.139917695473251280e-01
0.000000000000000000e+00
3.642987249544626938e-02
3.942652329749103679e-02
2.678571428571428076e-02
3.595206391478029256e-02
6.250000000000000000e-02
3.329216811715207669e-02
9.318996415770609831e-02
0.000000000000000000e+00
1.858823529411764430e-01
0.000000000000000000e+00
0.000000000000000000e+00
0.000000000000000000e+00
0.000000000000000000e+00
2.502262443438914019e-01
1.875000000000000000e-01
3.219814241486068096e-01
1.768707482993197300e-01
0.000000000000000000e+00
0.000000000000000000e+00
2.287014061207609805e-01
0.000000000000000000e+00
1.987092391304347838e-01
0.000000000000000000e+00
2.408026755852842871e-01
0.000000000000000000e+00
0.000000000000000000e+00
0.000000000000000000e+00
1.720277192143764566e-01
1.710089088505375721e-01
1.620015238616702991e-01
1.661014113219556609e-01
1.187677878055226344e-01
1.680365219438763047e-01
3.882561496013238189e-01
2.710539346736919875e-01
4.450471051135699851e-01
5.387258592342197838e-01
5.434634093843100366e-01
5.108797927696332453e-01
3.986447202489482033e-01
6.398537187169281992e-01
6.771255939652522926e-01
4.014589192973488929e-01
5.257533409095342947e-01
6.436515587779451097e-01
3.668781753496482834e-01
2.729442842579238304e-01
1.733527684220122489e-01
4.848709980616301429e-01
5.055358965630116774e-01
5.124980148752599218e-01
2.294611467100945990e-01
5.822613233094494634e-01
0.000000000000000000e+00
2.959353617810034365e-02
2.924404690625145853e-02
2.624449373350333514e-02
2.758967884314550770e-02
1.410578742021765045e-02
2.823627270699481662e-02
1.507428377032454803e-01
7.347023550209008658e-02
1.980669257699689545e-01
2.902255514076483855e-01
2.953524773396180580e-01
2.609981626603433691e-01
1.589176129823621497e-01
4.094127813558818829e-01
4.584990700027954946e-01
1.611692638833952806e-01
2.764165754775368966e-01
4.142873291172784467e-01
1.345995955478872519e-01
7.449858230907031864e-02
3.005118231957581293e-02
2.350998847612813802e-01
2.555665427137680523e-01
2.626542152510821793e-01
5.265241784951155829e-02
3.390282486220713154e-01
0.000000000000000000e+00
9.925752246971475401e-02
8.878741755454085116e-02
7.360000000000001263e-02
8.620689655172414367e-02
7.142857142857142461e-02
8.639997732306096967e-02
1.981877291277581443e-01
1.626016260162601867e-01
6.080861909175161450e-01
6.618700738251048765e-01
4.344802729306105338e-01
2.460682490705745074e-01
5.048465984882168911e-01
8.186682007766431513e-01
7.221720916519245304e-01
6.677696162559210169e-01
4.922089499019434156e-01
5.457330555091771673e-01
2.451575906889814360e-01
3.944399506151815005e-01
3.313355741160427526e-01
4.039039429130618641e-01
7.741935483870967527e-01
2.424729472751019910e-01
0.000000000000000000e+00
4.255350118017309780e-01
0.000000000000000000e+00
