3.554676815382294963e-01
3.598598251440979223e-01
3.519541956974417962e-01
3.467621923097749526e-01
2.150181454364825107e-01
3.528566402061366070e-01
1.632637373000710990e-01
2.175424885285713317e-01
5.922768367408679513e-01
7.558877037185653958e-01
3.797434140992567708e-01
2.432847971352442018e-01
3.506884003983672948e-01
7.048751788460337897e-01
7.077785056545488063e-01
2.409728821756831341e-01
5.558893189741422880e-01
6.453702961530647375e-01
2.267366695357629913e-01
3.739579204406662805e-01
1.613091886398342611e-01
3.972448524561916217e-01
5.042020889839841091e-01
4.080906798954141435e-01
1.882567038945971161e-01
7.241723289059242008e-01
0.000000000000000000e+00
2.629378239825873043e-01
2.736008215359788665e-01
2.574710140983071383e-01
2.893384363039912532e-01
1.573426573426573438e-01
2.667459851267844351e-01
1.361279782421878359e-01
1.113617502829121197e-01
1.460037927688102588e-01
4.784338984610430057e-01
1.473493307753413473e-01
1.553422247136772849e-01
3.438868042526578850e-01
1.993281075027995564e-01
3.023166023166023453e-01
3.191855337949340288e-01
2.656509495270416021e-01
3.996643328190957467e-01
1.056335018873299642e-01
2.033601231190150238e-01
2.250989948218093117e-01
1.565316067018223123e-01
1.830931047915854704e-01
3.156089193825042383e-01
1.237894850422162629e-01
2.979991485738612278e-01
0.000000000000000000e+00
8.670309653916211112e-02
8.488964346349744949e-02
8.407738095238095899e-02
6.657789613848202892e-02
6.250000000000000000e-02
8.483255667722988669e-02
0.000000000000000000e+00
0.000000000000000000e+00
3.563909774436089806e-01
5.769230769230769829e-01
1.845178511845178559e-01
1.332658569500674850e-01
0.000000000000000000e+00
4.928698752228164448e-01
5.263157894736841813e-01
2.718717323109097750e-01
2.010309278350515538e-01
3.243401759530791795e-01
0.000000000000000000e+00
3.104997192588433430e-01
0.000000000000000000e+00
1.097972972972972999e-01
2.666345226615236541e-01
2.591093117408906910e-01
0.000000000000000000e+00
3.251028806584361774e-01
0.000000000000000000e+00
4.560078745642758280e-01
4.705390158640036513e-01
4.528109800676394792e-01
4.702335242832468287e-01
3.196234512768319491e-01
4.569122195544573772e-01
4.356641838106295461e-01
2.916480578914987243e-01
3.223753977016620698e-01
5.423829210680850554e-01
3.548660114804035315e-01
3.936651580881884160e-01
4.354610639618235468e-01
4.124637275048421703e-01
4.839237308667472814e-01
2.853006053768922801e-01
4.509158815452631308e-01
6.171478674329957670e-01
3.430362339288423601e-01
3.084999702858852166e-01
1.911735853737186186e-01
3.673800374880600295e-01
4.601422143876725546e-01
4.491164729271989731e-01
2.999865871038618348e-01
5.539006796952092859e-01
0.000000000000000000e+00
2.079431816646283293e-01
2.214069654502650308e-01
2.050377836698162592e-01
2.211195673598429223e-01
1.021591506061133858e-01
2.087687763781806427e-01
1.898032810553819949e-01
8.505858967188298370e-02
1.039258970433047796e-01
2.941792330663486332e-01
1.259298861040098749e-01
1.549722566925983147e-01
1.896263382267633080e-01
1.701263265071887021e-01
2.341821772959920001e-01
8.139643542842121826e-02
2.033251322297417729e-01
3.808714902770946042e-01
1.176738577880834247e-01
9.517223166639207643e-02
3.654733974464247775e-02
1.349680919447284466e-01
2.117308574615908712e-01
2.017056062545674877e-01
8.999195244222288337e-02
3.068059629668148935e-01
0.000000000000000000e+00
1.711606096131301491e-01
1.778792491121258257e-01
1.736000000000000321e-01
1.508620689655172376e-01
2.857142857142856984e-01
1.704319217166982425e-01
1.699273968034069326e-01
1.687763713080168704e-01
6.668837412587411695e-01
7.351282589717722527e-01
3.914144863468725921e-01
2.217144017863172389e-01
4.079730488489612950e-01
7.952776807544533755e-01
6.760521455508834432e-01
3.396032127411270363e-01
5.450448143405890455e-01
5.795208400404252558e-01
3.655242600946200238e-01
3.716446593515590480e-01
1.498219266008303796e-01
4.586887862337165611e-01
6.470588235294117974e-01
3.542821096166652306e-01
3.934677807373118119e-01
7.479279491405699254e-01
0.000000000000000000e+00
