2.155144660419132940e-01
2.167405112492981067e-01
2.090281713002676567e-01
2.079376686766721272e-01
1.994183926397026796e-01
2.123266641408936561e-01
2.486809486889718368e-01
5.631074903357102812e-01
2.430900376871172330e-01
5.586153964680744544e-01
6.621091795363844845e-01
3.967821084789706632e-01
4.226879815856101064e-01
6.225235071445001100e-01
5.205806032921792559e-01
2.190352421038045394e-01
6.600060476491782513e-01
4.332881110246161183e-01
4.518579869665675375e-01
2.262206320221575306e-01
3.038388167099742576e-01
5.906676160595361047e-01
4.629164588448079209e-01
4.844411309511357233e-01
2.508687692930974267e-01
4.760625693744864328e-01
0.000000000000000000e+00
1.361800841996734790e-01
1.339250348419276648e-01
1.341788688694137699e-01
1.357025697102241801e-01
1.153846153846153771e-01
1.363222479726018121e-01
2.422877711214944940e-01
2.494811442000514079e-01
1.338731648251854089e-01
5.015455596351766632e-01
5.085985626283366923e-01
3.436636263128800550e-01
3.497518741421179467e-01
2.696805624502141563e-01
5.967248036213554929e-01
2.752753324224305742e-01
3.337291886764807702e-01
3.526760453454566013e-01
4.266164617285403415e-01
2.468772147413182405e-01
2.696668410954126127e-01
6.061478495814324186e-01
1.473848963088561503e-01
4.304245283018868218e-01
2.467332162289533337e-01
2.586929437082342575e-01
0.000000000000000000e+00
7.395264116575592239e-02
6.960950764006790248e-02
7.142857142857142461e-02
6.258322237017310830e-02
6.250000000000000000e-02
7.128477488804911555e-02
0.000000000000000000e+00
0.000000000000000000e+00
0.000000000000000000e+00
0.000000000000000000e+00
0.000000000000000000e+00
9.178575578017893200e-02
0.000000000000000000e+00
2.243407707910750615e-01
1.530612244897958940e-01
0.000000000000000000e+00
1.214953271028037241e-01
0.000000000000000000e+00
0.000000000000000000e+00
0.000000000000000000e+00
0.000000000000000000e+00
0.000000000000000000e+00
0.000000000000000000e+00
0.000000000000000000e+00
0.000000000000000000e+00
0.000000000000000000e+00
0.000000000000000000e+00
2.710495446874398584e-01
2.744165181961299438e-01
2.669386075778263367e-01
2.671569396032203447e-01
2.431037005955185848e-01
2.692091903675372655e-01
5.444863661483465567e-01
7.155410116563479805e-01
4.693489550858525039e-01
7.676122788502247607e-01
7.196889893579928588e-01
5.430595938067460660e-01
5.339014842922275017e-01
5.239127605450240033e-01
7.799726081201424632e-01
3.744273921603302746e-01
5.510612830023218223e-01
6.100734405201252430e-01
6.329451494872798678e-01
3.815706041611390265e-01
2.209814748391110695e-01
9.186377466878885567e-01
4.896586222276756994e-01
5.412018499557008644e-01
3.549121773050962769e-01
5.905722530537711457e-01
0.000000000000000000e+00
7.346785567526845084e-02
7.530442545888689498e-02
7.125622021558875030e-02
7.137283037815875253e-02
5.909940924323553446e-02
7.247358817834494149e-02
2.964654029214312536e-01
5.119989393621898754e-01
2.202884416401815482e-01
5.892286106416351199e-01
5.179522414031292321e-01
2.949137224255479195e-01
2.850507949294436849e-01
2.744845806619076733e-01
6.083572694177372675e-01
1.401958719999857050e-01
3.036685376241649581e-01
3.721896028280627378e-01
4.006195622594749817e-01
1.455961259598966551e-01
4.883281222206867916e-02
8.438953096398015274e-01
2.397655663219056543e-01
2.928994423954729975e-01
1.259626535994441132e-01
3.487755860770077043e-01
0.000000000000000000e+00
1.289566236811254540e-01
1.202435312024353192e-01
1.104000000000000120e-01
1.077586206896551657e-01
2.857142857142856984e-01
1.216871830632650781e-01
2.610093217614914973e-01
2.520252025202520119e-01
3.676706571574121507e-01
5.741087636494012214e-01
5.049426010939346288e-01
3.833039098335221939e-01
4.195177956371986538e-01
5.942971799116160136e-01
4.680806811895025787e-01
2.861425204392182842e-01
5.970186079983551553e-01
4.050558778580459762e-01
4.569566339700569246e-01
2.888692579505300340e-01
3.011238555748638746e-01
4.543919357771946110e-01
6.199261992619926609e-01
5.340815833936760626e-01
4.196292023288883954e-01
4.072580645161290591e-01
0.000000000000000000e+00
