2.952199635730968774e-01
2.988511688506386155e-01
2.905606748269381479e-01
3.006336747073131144e-01
2.570126556887916136e-01
2.942224634829686547e-01
3.176671448511894646e-01
2.661926712620553692e-01
1.402765663612176583e-01
2.924954049875238549e-01
4.049066705509947739e-01
4.114848471580413447e-01
5.651806615107182186e-01
4.050486566429665203e-01
4.956829364321517772e-01
4.560007983303181467e-01
5.214545003812642854e-01
5.686290508631470786e-01
4.022716472157464862e-01
5.193232732803396701e-01
3.280945332920028878e-01
8.044788059688845472e-01
5.989240960330789454e-01
4.115443463921436562e-01
3.066964149148599938e-01
4.472985968844672700e-01
0.000000000000000000e+00
5.985623048944639646e-02
5.888652534291791141e-02
5.443361820260192441e-02
6.079825041006014369e-02
4.545454545454545581e-02
5.898606401638543939e-02
1.555225557874458098e-01
4.582641770401106596e-02
1.284529324338071210e-02
2.094729819879919963e-01
7.736872983279552418e-02
3.751243781094527607e-01
2.417368370112271680e-01
1.150468556609889753e-01
3.294208494208494820e-01
6.042377913017662472e-01
1.184876513734542253e-01
2.404343329886245439e-01
1.785774695534506074e-01
2.936580882352941013e-01
1.779591836734693844e-01
3.068720379146919752e-01
1.051391280703344450e-01
2.366485449312440148e-01
1.405098324836125401e-01
2.192592592592592649e-01
0.000000000000000000e+00
2.622950819672130798e-02
2.678739860403697368e-02
2.455357142857142461e-02
3.462050599201065698e-02
6.250000000000000000e-02
2.654501738040759840e-02
1.547619047619047394e-01
0.000000000000000000e+00
0.000000000000000000e+00
0.000000000000000000e+00
0.000000000000000000e+00
1.443713450292397615e-01
0.000000000000000000e+00
1.936274509803921628e-01
3.750000000000000000e-01
1.368421052631579038e-01
2.166666666666666741e-01
0.000000000000000000e+00
0.000000000000000000e+00
2.215544871794871695e-01
0.000000000000000000e+00
7.109375000000000000e-01
6.505882352941176894e-01
3.516483516483516758e-01
0.000000000000000000e+00
2.743055555555555247e-01
0.000000000000000000e+00
2.533677189093506144e-01
2.524704384225763820e-01
2.423932845533008917e-01
2.534772090244414300e-01
2.786902517521391842e-01
2.510724052237525705e-01
6.314543520007065425e-01
2.072505207801576821e-01
4.069042613017431198e-01
4.898045612757730427e-01
4.193263898804864831e-01
7.382461003474701799e-01
5.651007934975864622e-01
3.434815376992399472e-01
6.586291916613664643e-01
8.716055665680030318e-01
3.562369035437326636e-01
6.833840336839033247e-01
6.189128224129626377e-01
5.224472846342292920e-01
2.404768644670398914e-01
4.659990796491353393e-01
2.792017287175630469e-01
4.295747373888852971e-01
3.561170104361776612e-01
5.254021474382402079e-01
0.000000000000000000e+00
6.419520098532770225e-02
6.374132227728791789e-02
5.875450439653750329e-02
6.425069549482037568e-02
7.766825642167068944e-02
6.303735266484021549e-02
3.987345986606320447e-01
4.295277836364656820e-02
1.655710778655172244e-01
2.399085082465524932e-01
1.758346212502016892e-01
5.450073046782467623e-01
3.193389068116017637e-01
1.179795667402343956e-01
4.337924121085049434e-01
7.596962636723294526e-01
1.269047314464266940e-01
4.670137374940822039e-01
3.830530817471793914e-01
2.729511652216794482e-01
5.782912234389906564e-02
2.171551422338412474e-01
7.795360531887568500e-02
1.845344550027298025e-01
1.268193251220006978e-01
2.760474165327143625e-01
0.000000000000000000e+00
2.016412661195779721e-01
2.048706240487062624e-01
2.056000000000000050e-01
1.954022988505746961e-01
1.428571428571428492e-01
2.012009894100171836e-01
2.588960980791134014e-01
2.810304449648711733e-01
4.763157894736841924e-01
2.988970442355944890e-01
4.662860745671572049e-01
2.894128220349747038e-01
7.210015790660952995e-01
4.142071253929444641e-01
5.903663179536779992e-01
1.949964220884231603e-01
6.098884105821875679e-01
5.963689907204925422e-01
4.126917545541707311e-01
3.545687642714087651e-01
4.006153899680425789e-01
8.330518822581900462e-01
7.797833935018050333e-01
3.468323025605108412e-01
4.695850597489941713e-01
2.915110356536502745e-01
0.000000000000000000e+00
