2.536424477248711007e-01
2.568026955922386723e-01
2.499019443043648814e-01
2.633389535871596965e-01
2.579742122319519382e-01
2.539927336112125511e-01
4.202502896613277694e-01
4.017540331465490056e-01
3.463285603970063242e-01
2.632376121645810252e-01
4.863446059083567641e-01
3.125911463000253798e-01
5.638904566426146125e-01
3.861789117340774791e-01
4.244069080924224302e-01
4.775909210624215140e-01
6.031728719614264378e-01
3.142160641562458112e-01
3.401485400887257482e-01
5.974563088286251045e-01
5.507846947202094112e-01
8.679455177169976832e-01
4.079730588672256797e-01
2.723335366603581997e-01
4.905893083193179072e-01
3.784506353565849635e-01
0.000000000000000000e+00
5.166537789615373300e-02
5.096457126091101519e-02
4.572423929018561151e-02
5.489338436303991403e-02
5.594405594405593707e-02
5.117080217966354927e-02
1.775030770054048246e-01
9.081656619431614785e-02
1.083988461435732020e-01
2.211844933659476709e-01
7.839730426999422241e-02
1.863598673300165542e-01
2.245934959349593085e-01
1.433370660694289200e-01
2.345559845559845868e-01
5.589352332888031238e-01
1.376546695120434149e-01
1.258394487982955612e-01
8.951207030256601305e-02
1.879097271438695538e-01
3.690476190476190688e-01
3.198104265402843538e-01
9.379736337899281795e-02
2.774694783573806722e-01
1.637461976779058526e-01
1.481481481481481677e-01
0.000000000000000000e+00
2.622950819672130798e-02
2.641011129975476615e-02
2.157738095238095205e-02
3.994673768308922013e-02
6.250000000000000000e-02
2.667664726143128412e-02
3.270440251572326873e-01
0.000000000000000000e+00
0.000000000000000000e+00
0.000000000000000000e+00
2.467648371262829154e-01
0.000000000000000000e+00
0.000000000000000000e+00
0.000000000000000000e+00
3.208556149732620377e-01
2.634393470306783391e-01
2.222222222222222376e-01
0.000000000000000000e+00
0.000000000000000000e+00
4.253846153846154166e-01
5.310160427807487649e-01
4.062500000000000000e-01
0.000000000000000000e+00
0.000000000000000000e+00
0.000000000000000000e+00
0.000000000000000000e+00
0.000000000000000000e+00
2.435031404415180234e-01
2.436503876266024049e-01
2.336004944926017568e-01
2.486461994934319464e-01
2.862106578691759884e-01
2.425142624209158937e-01
4.978498308555572849e-01
3.268820774572200882e-01
4.860239202681488346e-01
5.127487380865558553e-01
2.636398969538135684e-01
6.099760222117980302e-01
5.213395582950215434e-01
4.812609137406565485e-01
5.786979045821382117e-01
8.578195613680220655e-01
3.849654904181604720e-01
6.182250485778937321e-01
4.012813396257412513e-01
3.366501720618815252e-01
3.698626451316380792e-01
6.469843893644323662e-01
5.341229568067429323e-01
6.909014043353135515e-01
4.510084660137133050e-01
5.411505621345999995e-01
0.000000000000000000e+00
5.929377940488164689e-02
5.936551139059360188e-02
5.456919102718806730e-02
6.182493252252756893e-02
8.191654067790650473e-02
5.881316747756085150e-02
2.478544540829069887e-01
1.068518925627480187e-01
2.362192510728198525e-01
2.629112684093554697e-01
6.950599526581742460e-02
3.720707476733278729e-01
2.717949350432481426e-01
2.316120670944916971e-01
3.348912647677574350e-01
7.358543998656255081e-01
1.481984288128948279e-01
3.822022106891390103e-01
1.610267135318294851e-01
1.133333383492944602e-01
1.367983762637720313e-01
4.185888000812674758e-01
2.852873329879777597e-01
4.773447505125085755e-01
2.034086364160428428e-01
2.928439308985936740e-01
0.000000000000000000e+00
1.641266119577960148e-01
1.618467782851344405e-01
1.760000000000000453e-01
1.695402298850574585e-01
2.142857142857142461e-01
1.675648214579402717e-01
4.575431265402335468e-01
4.522815158546017456e-01
4.999190218519671824e-01
2.315311314459145564e-01
4.627374732504666577e-01
3.504343731366908465e-01
5.298231180584120903e-01
4.000536511487483016e-01
3.778482607192370502e-01
2.868008223696965064e-01
6.976905970234360543e-01
3.667089317171460250e-01
4.483495740836346277e-01
5.399778285872651740e-01
5.773813215226863971e-01
9.956286135422673933e-01
6.680278422273782102e-01
1.396856313672983352e-01
6.574581947845100638e-01
4.272507331378299633e-01
0.000000000000000000e+00
