2.801212885869096558e-01
2.808614580999262422e-01
2.761248389085000365e-01
2.622837548080639847e-01
2.088533406881334931e-01
2.762236593155704689e-01
2.397203779541979274e-01
3.130065626081635077e-01
5.165438329614164825e-01
7.576854642132206941e-01
5.232969723372189463e-01
2.221621135522829915e-01
3.783649609743073294e-01
7.010347341378533326e-01
6.818088365034330467e-01
2.645360932018646638e-01
5.154140386453132106e-01
6.531931169791551639e-01
1.222835797242575739e-01
3.682162408940050091e-01
1.469247455715034512e-01
3.101206916327517438e-01
4.709071994783564641e-01
4.899188056316271522e-01
2.841853858027068025e-01
5.939478631014772914e-01
0.000000000000000000e+00
1.219749692127044122e-01
1.243600088021711847e-01
1.187741549180773987e-01
1.184253690541279547e-01
8.391608391608391948e-02
1.211784448108037399e-01
1.555225557874458098e-01
1.712685815574265802e-01
1.261682165269270017e-01
5.783855903935958276e-01
2.277977412731006512e-01
1.737755666113874609e-01
2.735059655791362010e-01
2.354823228283474679e-01
3.690016547159404303e-01
3.301944485676116536e-01
1.987688641779189469e-01
3.967897126927745211e-01
1.416582605486529367e-01
2.116112221587664322e-01
1.178173397018381918e-01
9.636650868878354759e-02
1.344325609031491453e-01
5.024133391838526697e-01
3.380189366351055713e-01
2.704291593180482289e-01
0.000000000000000000e+00
7.067395264116575759e-02
7.168458781362006815e-02
6.770833333333334259e-02
6.391478029294274388e-02
6.250000000000000000e-02
6.910247769202237933e-02
9.629629629629629650e-02
0.000000000000000000e+00
3.067961165048543326e-01
4.651162790697674354e-01
1.528468767274737405e-01
0.000000000000000000e+00
0.000000000000000000e+00
6.099264705882353477e-01
5.999999999999999778e-01
2.706766917293233488e-01
1.614906832298136641e-01
3.716397849462365621e-01
0.000000000000000000e+00
0.000000000000000000e+00
1.504545454545454519e-01
2.299528301886792359e-01
2.112299465240641827e-01
2.591093117408906910e-01
0.000000000000000000e+00
0.000000000000000000e+00
0.000000000000000000e+00
2.794947349129895953e-01
2.818645587128379426e-01
2.762522866504628083e-01
2.656029573379365960e-01
2.551377988542602449e-01
2.765810961879230923e-01
4.664051197330650322e-01
3.445544616779270819e-01
3.388782345452659994e-01
5.115812856467606418e-01
3.904332144850037878e-01
3.634790669336613878e-01
5.054485440832039433e-01
3.551481366223029346e-01
5.081105462856506660e-01
3.380846906786126316e-01
3.678850425472453556e-01
6.426063061892234307e-01
3.617745754372398981e-01
3.641608972379994369e-01
1.552918374148413716e-01
3.357884701187149323e-01
4.611095813731735937e-01
5.166172602485197274e-01
4.040258092367278175e-01
5.976336679000874286e-01
0.000000000000000000e+00
7.811730684408232928e-02
7.944762945838285129e-02
7.631532587960948577e-02
7.054493094665778563e-02
6.509529640419695062e-02
7.649710276851318103e-02
2.175337357132146876e-01
1.187177770621660883e-01
1.148384578485163177e-01
2.617154118239924943e-01
1.524380949730929635e-01
1.321170320989650537e-01
2.554782307158305898e-01
1.261301989462939588e-01
2.581763272467022530e-01
1.143012580712531728e-01
1.353394045299884940e-01
4.129428647541579789e-01
1.308808434327951575e-01
1.326131590771847946e-01
2.411555476767753003e-02
1.127538966646671609e-01
2.126220460341434193e-01
2.668933935866867335e-01
1.632368545293927942e-01
3.571660010077121195e-01
0.000000000000000000e+00
1.778038296209456803e-01
1.750380517503805078e-01
1.848000000000000198e-01
1.594827586206896686e-01
2.142857142857142461e-01
1.755713922310906949e-01
2.502157031924072683e-01
2.941176470588235392e-01
6.472055288461537881e-01
7.848644736458153526e-01
5.049426010939346288e-01
2.907683485163632953e-01
3.969230769230769895e-01
7.100693578164761766e-01
6.745521629778481465e-01
3.568751287155900176e-01
5.504411081875870693e-01
6.312583851038989780e-01
1.670346167432002760e-01
3.220181891907548111e-01
1.272473126106177799e-01
3.774948389533617776e-01
6.428571428571427937e-01
4.731399348298334639e-01
4.108869272803699069e-01
5.646606619187264364e-01
0.000000000000000000e+00
