3.091834156997946836e-01
3.139015699301785367e-01
3.059898022076539270e-01
3.015357670339437468e-01
2.156657243328966578e-01
3.051722830218627225e-01
4.499872834966556767e-01
5.599178711842984768e-01
2.416210868986452542e-01
8.905346683383297268e-02
7.260398557132898834e-01
6.008008609882670159e-01
2.255155298078215798e-01
6.591920317069609458e-01
3.898119440497722632e-01
3.234609979020647286e-01
3.214553734836818610e-01
3.216003732515289038e-01
2.348628290109964767e-01
2.417732916981250590e-01
1.520020437900337085e-01
9.999999999999997780e-01
4.608251060658637988e-01
6.901259644205188781e-01
2.849380507430555598e-01
5.369712859337980593e-01
0.000000000000000000e+00
3.972277114299624379e-02
3.808406073498130096e-02
4.387349627129714935e-02
3.630399125205029803e-02
2.447552447552447247e-02
4.032200330800582433e-02
3.604760644413879112e-01
7.355290456431536061e-02
3.972894361053164181e-02
1.084611963531243173e-01
1.926976386036960975e-01
2.650117468214482352e-01
7.574314024390242650e-02
1.794884499895946228e-01
1.521444224146927260e-01
2.932057939184085638e-01
7.292494042891183026e-02
2.126702936019063683e-01
9.044919897423280009e-02
1.732695233265720280e-01
7.999061693642975368e-02
4.146919431279620927e-01
6.806028196402529040e-02
2.932177460479348241e-01
9.113255644573925451e-02
1.604938271604938460e-01
0.000000000000000000e+00
3.679417122040072596e-02
3.584229390681004102e-02
3.794642857142856845e-02
3.062583222370173636e-02
1.250000000000000000e-01
3.602543608535668102e-02
3.611111111111110494e-01
0.000000000000000000e+00
0.000000000000000000e+00
0.000000000000000000e+00
5.885483184333758500e-01
4.331140350877193401e-01
0.000000000000000000e+00
6.543272481406355867e-01
0.000000000000000000e+00
4.640732265446224636e-01
2.300884955752212357e-01
0.000000000000000000e+00
0.000000000000000000e+00
0.000000000000000000e+00
0.000000000000000000e+00
8.054956896551724865e-01
2.878709005726184378e-01
7.384615384615385025e-01
0.000000000000000000e+00
3.558558558558558849e-01
0.000000000000000000e+00
2.387038167452252002e-01
2.418645898197416821e-01
2.421158304947355344e-01
2.396519299726474206e-01
2.212483718241377573e-01
2.392319324463412500e-01
8.070133628349753785e-01
3.142508461328152869e-01
3.334858851774875621e-01
3.171973072536892757e-01
4.211382670326115907e-01
5.381712671089796673e-01
3.964354803307972852e-01
3.576493307786584586e-01
4.934196404123091795e-01
3.535707457194605108e-01
2.396089766400880117e-01
7.211296330489544992e-01
4.775064489187408334e-01
4.171988951185804373e-01
1.899449850263534578e-01
5.999250944291931731e-01
4.134025175469165925e-01
3.910379266462262748e-01
2.972530045169781143e-01
4.625497143882134621e-01
0.000000000000000000e+00
5.697951212873805793e-02
5.849847980867189240e-02
5.862007537615551711e-02
5.743304753961472192e-02
4.895084203483190260e-02
5.723191750201079425e-02
6.512705677942154381e-01
9.875359429519030285e-02
1.112128356126124012e-01
1.006141317289913767e-01
1.773574399592312278e-01
2.896283127416846015e-01
1.571610900651098930e-01
1.279130438064222386e-01
2.434629415446123990e-01
1.250122722286153842e-01
5.741246168651022858e-02
5.200279476613198781e-01
2.280124087589860404e-01
1.740549180881642843e-01
3.607909733666163354e-02
3.599101189258764322e-01
1.709016415141287049e-01
1.529106600757794976e-01
8.835934869437062078e-02
2.139522382806179346e-01
0.000000000000000000e+00
3.397811645173896000e-01
3.455098934550989709e-01
3.236000000000000543e-01
3.261494252873562982e-01
2.142857142857142461e-01
3.320974148555305705e-01
3.185811234777735645e-01
7.018633540372670732e-01
3.923156398062988548e-01
1.920169038966580144e-01
6.760444707296155986e-01
5.658792320307959312e-01
1.914659977703455640e-01
6.193811517910023934e-01
4.275237829810775714e-01
4.051457525000017323e-01
3.090713471018550207e-01
2.855935113252316970e-01
3.751628350493977360e-01
2.079756744067698393e-01
1.215314925148940906e-01
9.894843026949431408e-01
6.842825046400312639e-01
7.088568228270657468e-01
5.458778012532714552e-01
5.301658923562413417e-01
0.000000000000000000e+00
