1.867733847304118566e-01
1.869963949248439894e-01
1.836162940550232492e-01
1.713859994062323366e-01
9.346219008875011891e-02
1.830894550732625470e-01
1.862800294683291669e-01
3.451984396914776210e-01
3.725778635758916213e-01
8.026435585059248368e-01
4.903344128893220577e-01
2.588387829194220835e-01
2.725718515452317803e-01
7.240552485354763146e-01
7.143612222309384530e-01
3.177769571822498529e-01
6.082995859067938937e-01
5.881949929205025906e-01
5.217964521288082080e-02
3.122156535288524437e-01
1.482623273905313843e-01
3.843245531010064941e-01
4.831419610167180245e-01
4.191485459897513755e-01
2.912888494817513774e-01
7.427606350084728914e-01
0.000000000000000000e+00
1.137841166194117487e-01
1.146922907650553825e-01
1.112078819879157437e-01
1.084745762711864514e-01
3.146853146853147154e-02
1.114410466014967155e-01
1.607560132202931757e-01
2.565477178423236637e-01
1.648062660814287872e-01
4.085686754132384912e-01
1.977119389850395814e-01
1.944267267650351683e-01
3.018765362072224900e-01
5.347575157205616270e-01
4.621102979311935144e-01
3.628717035277819192e-01
2.596164756609553592e-01
3.492366746709200109e-01
4.526982408660350232e-02
3.666841736694677056e-01
1.626069782751810577e-01
1.427982691118895309e-01
2.139037433155080437e-01
3.876500857632932950e-01
2.149509538051478930e-01
5.662551440329217645e-01
0.000000000000000000e+00
4.808743169398906059e-02
5.074514242595735969e-02
4.166666666666666435e-02
3.595206391478029256e-02
6.250000000000000000e-02
4.346311351670577305e-02
0.000000000000000000e+00
0.000000000000000000e+00
2.025641025641025383e-01
0.000000000000000000e+00
2.178881008668242525e-01
0.000000000000000000e+00
0.000000000000000000e+00
2.710784313725490557e-01
2.727272727272727071e-01
1.824561403508772051e-01
1.460674157303370746e-01
1.960297766749379833e-01
0.000000000000000000e+00
0.000000000000000000e+00
0.000000000000000000e+00
0.000000000000000000e+00
0.000000000000000000e+00
2.503259452411994990e-01
0.000000000000000000e+00
0.000000000000000000e+00
0.000000000000000000e+00
2.275501578627158739e-01
2.302677733768880020e-01
2.265948766882655840e-01
2.154322585000054135e-01
1.337693620148844020e-01
2.238584157013055465e-01
4.670858093205262351e-01
5.537547505807848269e-01
3.566894325767573370e-01
6.613950973230302566e-01
3.981675364004773621e-01
4.479075450022035332e-01
4.630840682007134057e-01
7.382473722559180773e-01
5.600877659444496448e-01
3.812600503579569589e-01
5.009097511664477587e-01
6.933756057833704300e-01
3.132221391836330082e-01
4.213359687903877049e-01
2.031333093791142519e-01
4.306652811654209101e-01
5.400310450740559709e-01
5.392202752392820653e-01
3.944275527956218053e-01
8.354498114630376504e-01
0.000000000000000000e+00
5.177907434334691472e-02
5.302324745594984290e-02
5.134523814137029185e-02
4.641105800241315804e-02
1.789424221386919783e-02
5.011259028029851903e-02
2.181691532686109158e-01
3.066443237907870989e-01
1.272273513119290822e-01
4.374434747629405984e-01
1.585373870432254251e-01
2.006211688699009454e-01
2.144468542213229800e-01
5.450091826427679864e-01
3.136983055606445969e-01
1.453592259989518465e-01
2.509105788136325454e-01
4.807697306954559213e-01
9.810810847477119401e-02
1.775239985965345602e-01
4.126314137931094000e-02
1.854725844012911073e-01
2.916335296437770896e-01
2.907585052291272176e-01
1.555730944043430264e-01
6.979763874736252260e-01
0.000000000000000000e+00
1.125439624853458442e-01
1.095890410958904188e-01
1.092000000000000054e-01
9.985632183908044190e-02
1.428571428571428492e-01
1.121699372671297740e-01
2.297291779258991695e-01
0.000000000000000000e+00
4.417208196838057765e-01
8.328501937128721666e-01
4.553916200740060205e-01
2.774576522369505693e-01
2.813967365967366407e-01
6.794670420587290982e-01
6.655169698771146169e-01
3.787348973707695965e-01
5.336776212832550215e-01
5.574510673591922538e-01
1.057885906040268720e-01
2.966520505025827537e-01
1.217448242816585591e-01
4.391377638773580339e-01
6.688007644529383455e-01
3.869201737117075601e-01
4.458359302904243981e-01
8.500715287517532914e-01
0.000000000000000000e+00
