2.619878653693377135e-01
2.654526820500270334e-01
2.641840565441170297e-01
2.500564826173578559e-01
1.302932398223027310e-01
2.597745151853475543e-01
2.552731353522484925e-01
2.532020503167929371e-01
4.770869619762581060e-01
5.995658333815485630e-01
4.335576894963535932e-01
3.511155318437720885e-01
3.266424717405101430e-01
7.511222942548124726e-01
6.927890894983730341e-01
2.812934565271745235e-01
5.785267778319151954e-01
5.635763117184158233e-01
1.508834900972874093e-01
4.091390429041252275e-01
1.312751835897478514e-01
4.894959035094508804e-01
4.904495486291425843e-01
4.205718237064932641e-01
4.169691173364359349e-01
4.821802550151340627e-01
0.000000000000000000e+00
1.751868717243749152e-01
1.744443629428592268e-01
1.826247890697294818e-01
1.744122471295790067e-01
3.496503496503496067e-02
1.770472269294373902e-01
1.555225557874458098e-01
4.656846473029045974e-01
2.104694155549308721e-01
4.369228608546048553e-01
1.887976271959844743e-01
1.924333715378490905e-01
2.067907955865272429e-01
5.321769793428795525e-01
4.980694980694980734e-01
3.463680394064838075e-01
2.243083838913016992e-01
2.811467265151161854e-01
8.884064602174822356e-02
2.889968487394957708e-01
1.707482993197279308e-01
3.310765064319566298e-01
2.580213903743315274e-01
3.983228511530398919e-01
2.749841161612248119e-01
2.384479717813051680e-01
0.000000000000000000e+00
5.100182149362476880e-02
5.451801546877947657e-02
5.729166666666666435e-02
5.193075898801598200e-02
6.250000000000000000e-02
5.244953830025285424e-02
1.444444444444444309e-01
0.000000000000000000e+00
0.000000000000000000e+00
0.000000000000000000e+00
0.000000000000000000e+00
2.309941520467836407e-01
0.000000000000000000e+00
2.710784313725490557e-01
0.000000000000000000e+00
1.466165413533834505e-01
2.342342342342342287e-01
3.185483870967741882e-01
0.000000000000000000e+00
0.000000000000000000e+00
0.000000000000000000e+00
0.000000000000000000e+00
0.000000000000000000e+00
0.000000000000000000e+00
0.000000000000000000e+00
0.000000000000000000e+00
0.000000000000000000e+00
3.306700074294083302e-01
3.332023081163004719e-01
3.425653827678164509e-01
3.186636990100388811e-01
1.687533161939553938e-01
3.303751934308081784e-01
3.832122604284285416e-01
7.286127627767167159e-01
4.498771478912025890e-01
5.305041232172454935e-01
3.903133106186324475e-01
4.078240792397175296e-01
4.616665934326332765e-01
7.171127735985368679e-01
6.681081114895571771e-01
3.438722674234461762e-01
4.534183012572357008e-01
5.458538693266516972e-01
3.165400722559931213e-01
4.032791241059955900e-01
1.934782502647754421e-01
4.628857659640164823e-01
6.307356861519612945e-01
5.272849238749500733e-01
4.365172750865452533e-01
5.228741530367968515e-01
0.000000000000000000e+00
1.093426538133649706e-01
1.110237781340300267e-01
1.173510414708606453e-01
1.015465530667606781e-01
2.847768172645709014e-02
1.091477684344439314e-01
1.468516365426657533e-01
5.308765580811201090e-01
2.023894481947229040e-01
2.814346247504984078e-01
1.523444804460770408e-01
1.663204796077233927e-01
2.131360434916923230e-01
5.142507300581862228e-01
4.463684486381424565e-01
1.182481363029420779e-01
2.055881559149973503e-01
2.979564466588773830e-01
1.001976173438293566e-01
1.626340519396989592e-01
3.743383332551907666e-02
2.142632323320942667e-01
3.978275057855855668e-01
2.780293909458119717e-01
1.905473314489826708e-01
2.733973799139478023e-01
0.000000000000000000e+00
1.492770613520906786e-01
1.597158802638254937e-01
1.584000000000000408e-01
1.451149425287356354e-01
1.428571428571428492e-01
1.523468064743488948e-01
2.747286717965874425e-01
0.000000000000000000e+00
5.225367315533600010e-01
7.126715288801623860e-01
4.195978897252142792e-01
3.562878579161450898e-01
3.522622556288552698e-01
7.158220747603519785e-01
6.686529777838954303e-01
3.675847665842537637e-01
5.367351018461367085e-01
5.555862389275612045e-01
1.889081975071908170e-01
4.100248658552544945e-01
1.134108589836358982e-01
6.343427984461547098e-01
6.383023872679045585e-01
4.257884344092884299e-01
5.447186693088332810e-01
4.973026970128965885e-01
0.000000000000000000e+00
