4.398291054937472078e-01
4.284108347324352417e-01
4.087460307591698205e-01
4.032722804390279636e-01
2.553661547587224856e-01
4.244811021754614222e-01
1.481163493031337208e-01
2.106431037107556192e-01
4.084950539892517885e-01
6.657343931662709213e-01
7.010729688005989946e-01
2.071461374342620232e-01
5.186761886591257920e-01
6.992157236373169882e-01
4.524403946160502343e-01
2.787980701761315627e-01
4.754574091260339030e-01
4.955049681382713289e-01
4.237145194220784949e-01
1.592825815884795770e-01
3.301598483821130969e-01
3.632812514271764326e-01
4.116784796636986377e-01
5.893808713096874152e-01
2.576518050166336504e-01
9.355462766558840793e-01
0.000000000000000000e+00
1.323710513503450759e-01
1.246387442235751541e-01
1.221490392466387104e-01
1.156916347731000716e-01
6.643356643356643221e-02
1.273017197302381553e-01
1.518179735596999202e-01
7.623611297015125965e-02
1.440502890480186982e-01
6.056451427388374054e-01
2.716728696098562601e-01
1.366849960722701651e-01
3.271604938271603924e-01
2.576438402766949576e-01
5.002361045526514394e-01
4.371381920736231996e-01
2.503971405877680190e-01
4.061004292081156208e-01
2.430395805142083754e-01
1.395157200811358855e-01
2.173552347768375748e-01
3.543127962085308447e-01
1.850267379679144675e-01
4.276729559748427834e-01
3.327938280596692278e-01
4.106206663284289182e-01
0.000000000000000000e+00
3.642987249544626938e-02
2.961705338615355440e-02
3.348214285714285615e-02
3.595206391478029256e-02
6.250000000000000000e-02
3.535088999527323528e-02
0.000000000000000000e+00
0.000000000000000000e+00
0.000000000000000000e+00
0.000000000000000000e+00
0.000000000000000000e+00
1.414249910490512074e-01
0.000000000000000000e+00
3.510368176047397593e-01
1.418439716312056564e-01
1.391614629794826197e-01
1.056910569105691117e-01
0.000000000000000000e+00
0.000000000000000000e+00
0.000000000000000000e+00
0.000000000000000000e+00
1.118119266055045968e-01
0.000000000000000000e+00
0.000000000000000000e+00
0.000000000000000000e+00
0.000000000000000000e+00
0.000000000000000000e+00
3.206095942172693669e-01
3.134536540848509301e-01
3.028068630256393057e-01
2.932058375866831712e-01
2.223884404725865738e-01
3.104694713625482660e-01
3.469548317438327367e-01
2.495572187070797532e-01
3.426353095197673948e-01
5.992451091466354240e-01
3.922887605726156357e-01
2.992649034061652946e-01
4.741551230254432148e-01
4.220264451461628874e-01
5.528346449041287025e-01
2.988748082929814642e-01
4.052357081767659630e-01
5.784590896471327737e-01
3.782628968432210081e-01
2.527890752326305557e-01
1.968401965849063129e-01
4.781668872031843986e-01
4.245505715203218844e-01
4.861596404346996136e-01
3.545988815437765562e-01
6.312954536346973011e-01
0.000000000000000000e+00
1.027905119041621212e-01
9.825319325914537438e-02
9.169199629542829078e-02
8.596966319490842445e-02
4.945661845582918076e-02
9.639129264814018383e-02
1.203776552703912234e-01
6.227880540881323285e-02
1.173989553297068306e-01
3.590947008361630166e-01
1.538904716715989440e-01
8.955948241070142701e-02
2.248230806912731583e-01
1.781063204027072133e-01
3.056261446062739640e-01
8.932615103216641483e-02
1.642159791815250014e-01
3.346149183953895934e-01
1.430828191282252637e-01
6.390231655696855528e-02
3.874606299158455530e-02
2.286435720175829245e-01
1.802431877782319503e-01
2.363511959875964907e-01
1.257403667920972690e-01
3.985339497798384145e-01
0.000000000000000000e+00
3.718249316139117244e-01
3.676306443429731008e-01
3.604000000000000536e-01
3.369252873563218231e-01
3.571428571428571508e-01
3.685975302287016198e-01
1.553138613413359292e-01
1.482886337243260744e-01
5.079693828629998631e-01
6.892791566210964005e-01
7.171045125046030533e-01
2.534251404376938743e-01
5.542329480997021385e-01
7.326687351866708608e-01
4.557491833652541069e-01
3.903807305242357195e-01
4.686639762674721377e-01
4.595279748567175915e-01
4.977282225573892438e-01
1.518354116169728374e-01
3.538302124522381131e-01
3.618104847476306674e-01
5.822483143455010612e-01
5.876926253620564644e-01
4.358579560101161210e-01
9.760566288014254077e-01
0.000000000000000000e+00
