2.811771132776180737e-01
2.850030910718301391e-01
2.822758882600873154e-01
2.710503816648191511e-01
1.710067648838937138e-01
2.791047797132161223e-01
2.038629126698056626e-01
3.095409487299645157e-01
3.750142046185698241e-01
4.974907324990705537e-01
5.478571941560979042e-01
1.950175411363495037e-01
3.628013251701561193e-01
7.315668630010300211e-01
6.397607942307977913e-01
3.331615869297377408e-01
6.498201785259249963e-01
6.005753617723095239e-01
2.475476585698157539e-01
6.000304852012137147e-01
1.613337889088845845e-01
4.431042915093529877e-01
6.074786614958124220e-01
4.247373599105352948e-01
2.632960053657434907e-01
4.864377709402809558e-01
0.000000000000000000e+00
2.382507088237821036e-01
2.357808259370644532e-01
2.436448750748462233e-01
2.390377255330781991e-01
1.083916083916083989e-01
2.395697764425473164e-01
1.430117512413220104e-01
2.070269227057802142e-01
1.558443395492461470e-01
3.094712714459212366e-01
3.536282980124753061e-01
1.924333715378490905e-01
2.592098577235771861e-01
3.291893636001290702e-01
4.234462022072642551e-01
4.510631586759685230e-01
3.317677936250301718e-01
4.414548008819338953e-01
5.156968876860623663e-01
3.658088235294117418e-01
1.378290446613428255e-01
4.178171577718249319e-01
1.784407542921475076e-01
2.707136997538966972e-01
1.523900793498677297e-01
2.704291593180482289e-01
0.000000000000000000e+00
6.193078324225864684e-02
5.923410677230710186e-02
5.803571428571428076e-02
4.527296937416777634e-02
6.250000000000000000e-02
5.919062942998221111e-02
0.000000000000000000e+00
0.000000000000000000e+00
0.000000000000000000e+00
0.000000000000000000e+00
0.000000000000000000e+00
0.000000000000000000e+00
0.000000000000000000e+00
4.560197910940076982e-01
3.571428571428570953e-01
1.391614629794826197e-01
2.222222222222222376e-01
0.000000000000000000e+00
0.000000000000000000e+00
0.000000000000000000e+00
0.000000000000000000e+00
0.000000000000000000e+00
0.000000000000000000e+00
0.000000000000000000e+00
0.000000000000000000e+00
0.000000000000000000e+00
0.000000000000000000e+00
4.567060139893397985e-01
4.646759565257037594e-01
4.769378335793094115e-01
4.501451554560528256e-01
2.547741319638227031e-01
4.591802664601737916e-01
5.038704433990476295e-01
4.627811981110445116e-01
4.350539581990484073e-01
5.700123096520796073e-01
4.683413229387035637e-01
4.529569737661259810e-01
5.053399008625613087e-01
5.487253695964345868e-01
6.597430534647030775e-01
4.760670880696345475e-01
5.508245596594693039e-01
8.078907089274125486e-01
6.590448465661591371e-01
5.549768903987927215e-01
2.075933549707189296e-01
6.097318632641703928e-01
4.892630189318665224e-01
5.000843763051882052e-01
3.701915149129784144e-01
6.002248299233066131e-01
0.000000000000000000e+00
2.085803832140310510e-01
2.159237445730776972e-01
2.274696970993250467e-01
2.026306609805540171e-01
6.490985831791933058e-02
2.108465171064361765e-01
2.538854237311528039e-01
2.141664373250938280e-01
1.892719465446593419e-01
3.249140331548983074e-01
2.193435947719749590e-01
2.051700200833669052e-01
2.553684154037831888e-01
3.010995312387437228e-01
4.352608965949299469e-01
2.266398723431011508e-01
3.034076955240482265e-01
6.526873975712372822e-01
4.343401097854121540e-01
3.079993488767135967e-01
4.309500102799890958e-02
3.717729450795970725e-01
2.393783016943240027e-01
2.500843834245491393e-01
1.370417577135659426e-01
3.602698464564623171e-01
0.000000000000000000e+00
1.340367330988667671e-01
1.277524099441907923e-01
1.288000000000000256e-01
1.235632183908045856e-01
2.142857142857142461e-01
1.294401568427497873e-01
2.244277063949195183e-01
2.139037433155080159e-01
4.763157894736841924e-01
5.416558367489855419e-01
4.853994201515609008e-01
1.736311648404758601e-01
3.680393680393680422e-01
7.021503686958464607e-01
5.867198500901076308e-01
3.957369396581313925e-01
5.856723072246429185e-01
6.039630671481366342e-01
2.688308964525407685e-01
5.344454488180347962e-01
1.318980225604811096e-01
4.860018095703907415e-01
8.120300751879698797e-01
4.093637909839516476e-01
4.218732087584546320e-01
4.945276497695852425e-01
0.000000000000000000e+00
