3.008600634845470800e-01
3.070847828557160542e-01
3.045550478732526045e-01
3.108079580259324182e-01
2.193516910816779575e-01
3.007686868725258922e-01
8.490850413945172370e-01
3.798718247006582782e-01
5.221186386998881712e-01
2.432530172244624089e-01
3.773980549843028443e-01
6.079478489992525825e-01
4.291746513830861365e-01
4.342885447418022848e-01
1.478162982343598220e-01
2.033509458605572418e-01
4.648773794882001265e-01
2.715168031620703304e-01
6.203773314046053811e-01
4.601981918447431430e-01
4.444847206111900428e-01
2.281234844323158373e-01
5.887853765124319017e-01
4.723577735005386469e-01
4.584030772869602810e-01
3.775710625455195313e-01
0.000000000000000000e+00
1.001804278718102931e-01
1.015330448177216988e-01
9.476892929072995575e-02
1.096774193548387122e-01
6.643356643356643221e-02
1.002513528806875803e-01
5.759756451401479849e-01
2.076585655008891529e-01
3.348286311423409600e-01
1.630486806532147892e-01
1.529942437809270195e-01
2.386167092972051040e-01
2.376255380200860134e-01
1.717936894802714054e-01
1.623520475979492450e-01
3.441248229239773360e-01
2.274975018575930430e-01
1.796271168203908419e-01
2.387826486583092822e-01
2.013023429710867340e-01
3.157017909204498096e-01
1.451421800947867435e-01
1.889401485578628970e-01
3.459119496855346254e-01
2.848256181868112358e-01
1.904761904761904934e-01
0.000000000000000000e+00
5.938069216757740909e-02
5.885681946802490128e-02
7.291666666666665741e-02
5.592543275632490263e-02
6.250000000000000000e-02
6.305732948466652443e-02
4.421768707482993110e-01
0.000000000000000000e+00
2.289855072463768126e-01
1.156069364161849689e-01
0.000000000000000000e+00
4.036791006642821422e-01
0.000000000000000000e+00
0.000000000000000000e+00
0.000000000000000000e+00
0.000000000000000000e+00
2.105263157894736725e-01
0.000000000000000000e+00
0.000000000000000000e+00
0.000000000000000000e+00
2.651029748283753040e-01
0.000000000000000000e+00
0.000000000000000000e+00
0.000000000000000000e+00
0.000000000000000000e+00
0.000000000000000000e+00
0.000000000000000000e+00
2.709271121100863544e-01
2.767917203378368329e-01
2.718379627093174267e-01
2.790933599348699445e-01
2.420903614616875532e-01
2.713091095813013331e-01
7.430914094035214745e-01
3.971306845367619798e-01
4.757389058853047636e-01
3.406636799009145622e-01
3.700213984959129232e-01
4.173995390193520616e-01
4.343074481445060031e-01
3.380995142788526531e-01
3.872936607716794266e-01
3.590995022512711854e-01
4.051481817878279656e-01
5.041042397672130804e-01
4.939373776597177912e-01
3.510483719335005803e-01
2.760871759897964850e-01
3.835329378008456302e-01
5.436856836792417491e-01
4.535362404049341212e-01
4.368617907452175264e-01
4.140365628942945242e-01
0.000000000000000000e+00
7.340150007631129903e-02
7.661365644757928139e-02
7.389587796995228386e-02
7.789310355973488864e-02
5.860774311265052466e-02
7.360863294179857685e-02
5.521848427293118977e-01
1.577127806006371480e-01
2.263275065729468405e-01
1.160517428036327986e-01
1.369158353448711729e-01
1.742223751735675896e-01
1.886229595137927373e-01
1.143112815555960560e-01
1.499963796739286481e-01
1.289524525171107106e-01
1.641450492059828570e-01
2.541210845512799077e-01
2.439741330493586657e-01
1.232349594371613399e-01
7.622412874602085830e-02
1.470975143781473871e-01
2.955941226377646336e-01
2.056951213606422468e-01
1.908482242131182560e-01
1.714262754133211442e-01
0.000000000000000000e+00
2.055490425947636146e-01
2.111618467782851449e-01
2.200000000000000289e-01
1.946839080459770166e-01
2.142857142857142461e-01
2.041796921233147710e-01
8.217159696248440559e-01
3.407563745253493481e-01
5.680481478932608574e-01
3.151360726399236034e-01
3.682705948019491249e-01
6.899975592336446972e-01
4.867885363840074864e-01
4.613004419750880158e-01
1.456959057419430215e-01
2.816836496664916201e-01
4.333910977997819103e-01
2.536274483130014357e-01
7.404534027866958024e-01
4.850043122725111178e-01
4.720740642482674776e-01
2.556183319263537479e-01
7.700754975978035821e-01
5.248828439878130414e-01
6.236483995616562970e-01
2.854477916305533935e-01
0.000000000000000000e+00
