3.253187449155374722e-01
3.297364571981741266e-01
3.254427338257542823e-01
3.209047045343121352e-01
2.308055263752056829e-01
3.243098702026870894e-01
3.295129175650490239e-01
2.602085331380492028e-01
4.791491314871829665e-01
7.070578006190462172e-01
4.546536408057538226e-01
3.972939949500186030e-01
4.406451792796560185e-01
6.016679531670912073e-01
6.595312569485473064e-01
1.987670055992416529e-01
5.554135151765675626e-01
4.429615632447633788e-01
3.741306271362485614e-01
4.466446634459979026e-01
2.445995924700178625e-01
3.695828650530831871e-01
4.821922177068274085e-01
3.561702151558789886e-01
2.112935092090145461e-01
5.183130406953195823e-01
0.000000000000000000e+00
1.142137067903886277e-01
1.207951294652681029e-01
1.180120842632409878e-01
1.209404045926736060e-01
1.118881118881118880e-01
1.173457267212767580e-01
2.015132337778708649e-01
1.406331147102128365e-01
7.347996713442453420e-02
3.335114754219203892e-01
3.915982203969883835e-01
2.889114892083474162e-01
2.012729995721009302e-01
1.932183650615901804e-01
3.313568670711528608e-01
2.452830966635330956e-01
2.596164756609553592e-01
2.249923139271639561e-01
1.620167614889465035e-01
1.418638107416879679e-01
1.277156023699802523e-01
1.715236462639911363e-01
1.165011459129105947e-01
1.635220125786163992e-01
1.878392030636937826e-01
2.330679589246567596e-01
0.000000000000000000e+00
9.107468123861565956e-02
9.186945859271834769e-02
8.258928571428569843e-02
8.655126498002663205e-02
6.250000000000000000e-02
9.014925826625731775e-02
1.793103448275862044e-01
0.000000000000000000e+00
2.194444444444444142e-01
0.000000000000000000e+00
0.000000000000000000e+00
2.474937343358395991e-01
0.000000000000000000e+00
1.311669829222011363e-01
5.769230769230769829e-01
2.264972776769510199e-01
2.260869565217391297e-01
2.086398792680626280e-01
1.170370370370370366e-01
0.000000000000000000e+00
9.143646408839778417e-02
2.176339285714285476e-01
0.000000000000000000e+00
2.735042735042735318e-01
0.000000000000000000e+00
0.000000000000000000e+00
0.000000000000000000e+00
2.883104693809245833e-01
2.941352604185302200e-01
2.922058760639189567e-01
2.888704257647045082e-01
2.663155409144534191e-01
2.896153435942663279e-01
4.561439114898914737e-01
3.459130143665385959e-01
2.758511449614779454e-01
4.822258946458600204e-01
5.100077437295711391e-01
4.563342458674709001e-01
4.340237576647184015e-01
3.608696368678902533e-01
4.397661550109647766e-01
3.068922258135637349e-01
4.406979377891580563e-01
4.399683142037237316e-01
3.996827652603469616e-01
2.817494396040365334e-01
1.655496192994893312e-01
3.501811976208548671e-01
3.853793027999361520e-01
3.215930910346069260e-01
3.085989797796189205e-01
5.400064748284569838e-01
0.000000000000000000e+00
8.312292675464903746e-02
8.651555142147657196e-02
8.538427400628235964e-02
8.344612288148164914e-02
7.092396733255791619e-02
8.387704724522493382e-02
2.080672679892979493e-01
1.196558135081451368e-01
7.609385417655832595e-02
2.325418134670000914e-01
2.601078986641278679e-01
2.082409439514333604e-01
1.883766222174021454e-01
1.302268948131629911e-01
1.933942710931278730e-01
9.418283826480340626e-02
1.942146723716166312e-01
1.935721175032665553e-01
1.597463128461575621e-01
7.938274671718861808e-02
2.740667645020585311e-02
1.226268711671762435e-01
1.485172070265649014e-01
1.034221162011929734e-01
9.523333032102167250e-02
2.916069928566570324e-01
0.000000000000000000e+00
2.203985932004689785e-01
2.209030948756976476e-01
2.352000000000000202e-01
2.227011494252873480e-01
2.857142857142856984e-01
2.261844185095929216e-01
3.467322404371585565e-01
2.702702702702702853e-01
6.397413793103448043e-01
8.054908636778599362e-01
4.182197356621512041e-01
3.996033732539359673e-01
5.058598969268945922e-01
6.642852843347574199e-01
6.686086230080010573e-01
2.895476600762827424e-01
4.893360160965795069e-01
4.207344968707376065e-01
4.569566339700569246e-01
4.497663285079220308e-01
2.534808683926231820e-01
3.930394381195143616e-01
6.600000000000000311e-01
3.425506879073135225e-01
4.810383538892135658e-01
5.806711758584808258e-01
0.000000000000000000e+00
