3.145292504487544605e-01
3.153721011970954113e-01
3.083949419119116353e-01
3.025129365715268359e-01
1.915179552961716603e-01
3.108653419700010412e-01
1.948752023829205537e-01
1.346278182443011451e-01
5.966032604879674128e-01
8.432771562422942679e-01
4.425611333957559235e-01
2.199143080383580973e-01
3.856414125793984904e-01
7.032153030920874626e-01
6.893212907357360031e-01
1.875313702782137604e-01
5.897216586981286479e-01
6.314426398341226321e-01
1.674551623508171994e-01
4.394394816499635481e-01
2.115744413427518011e-01
2.887618514116896962e-01
5.199820058092680108e-01
4.387936164137679063e-01
1.509968402753477379e-01
6.485942617623494666e-01
0.000000000000000000e+00
1.076839361915399446e-01
1.085601114941685541e-01
9.640193783680800488e-02
1.010388190267905995e-01
7.342657342657342434e-02
1.034385622277169264e-01
9.537805267456897496e-02
7.103231484974224796e-02
2.224466350889642841e-01
4.466310873915944057e-01
1.150519569410739795e-01
1.249276300941053741e-01
2.502602617489588788e-01
2.535274356103023874e-01
3.712660028449502603e-01
4.254119044084903600e-01
3.024417740654384845e-01
4.207013255617184644e-01
6.474880526198591169e-02
2.312380115089513466e-01
1.150278293135436058e-01
2.155131869324554139e-01
1.185142361612949863e-01
2.979145978152929475e-01
1.142300348418338329e-01
3.630062811349361040e-01
0.000000000000000000e+00
9.362477231329689731e-02
9.281267685342386997e-02
8.035714285714284921e-02
7.723035952063915521e-02
6.250000000000000000e-02
8.917160300855447863e-02
6.824146981627296493e-02
0.000000000000000000e+00
2.655462184873949028e-01
3.516483516483516203e-01
0.000000000000000000e+00
0.000000000000000000e+00
0.000000000000000000e+00
3.854195706718706593e-01
4.545454545454545858e-01
1.345987920621225242e-01
1.793103448275862044e-01
2.877211238293444495e-01
0.000000000000000000e+00
0.000000000000000000e+00
0.000000000000000000e+00
0.000000000000000000e+00
0.000000000000000000e+00
0.000000000000000000e+00
0.000000000000000000e+00
0.000000000000000000e+00
0.000000000000000000e+00
2.829945246696511929e-01
2.824173869857511954e-01
2.683642307201154487e-01
2.708431208792785871e-01
2.181374594512625054e-01
2.765123870043245669e-01
3.737671148684518774e-01
2.059834481049887256e-01
3.802467766636806745e-01
5.684475698173434566e-01
3.226656809734558262e-01
3.561708800861058122e-01
4.525046295334171353e-01
4.611000184781611777e-01
4.968812320332778310e-01
3.540261506168018157e-01
4.809133746117014718e-01
6.855572076898055478e-01
3.311281756330609616e-01
3.224293028306023379e-01
1.507242916294809776e-01
3.813439007600384900e-01
3.638593028546465713e-01
4.531364156265063614e-01
3.039883817445155900e-01
6.752870715634113896e-01
0.000000000000000000e+00
8.008590099300182119e-02
7.975958047185952027e-02
7.201936032999937953e-02
7.335599612762752630e-02
4.758395121585119736e-02
7.645910016682937183e-02
1.397018561570864958e-01
4.242918089322057773e-02
1.445876111631190231e-01
3.231326396312436122e-01
1.041131416780639585e-01
1.268576958213111505e-01
2.047604397491750716e-01
2.126132270405605429e-01
2.468909587469080569e-01
1.253345153205504547e-01
2.312776738804147025e-01
4.699886850154432749e-01
1.096458686980792407e-01
1.039606553238282688e-01
2.271781208720882739e-02
1.454231706468820939e-01
1.323935922738694038e-01
2.053326111668379583e-01
9.240893623564931658e-02
4.560126290206878985e-01
0.000000000000000000e+00
1.914810472840953459e-01
1.894469812278031795e-01
1.920000000000000040e-01
1.781609195402298895e-01
2.142857142857142461e-01
1.883643224510653802e-01
2.100071275837490370e-01
0.000000000000000000e+00
6.731807692307691937e-01
8.344293810362508612e-01
4.161646914576065948e-01
2.517183416405222585e-01
4.357396449704142305e-01
7.712822334903104426e-01
7.095739079900484914e-01
2.621773825107767131e-01
5.384088313665779113e-01
5.695314080920562683e-01
2.464525407478428132e-01
3.716446593515590480e-01
2.281743309064676595e-01
3.793812035219117362e-01
7.076923076923076206e-01
4.167124824559050311e-01
3.105916930623268679e-01
6.645110520971646562e-01
0.000000000000000000e+00
