3.314973081013755651e-01
3.348739503480100410e-01
3.324427222030533757e-01
3.202538034167749514e-01
1.889445740808616270e-01
3.289194350270372436e-01
2.554046677264436571e-01
2.397683696947005560e-01
6.588211313003167202e-01
6.605933749006052125e-01
4.268971513702289333e-01
3.528734646850362200e-01
3.138436050094420282e-01
6.285145644720211422e-01
7.050451906774194422e-01
1.919303026199127293e-01
4.713834231112012385e-01
5.196690002589769986e-01
1.946647772514050745e-01
2.902814641227045578e-01
2.178030703323096950e-01
3.536272341245986772e-01
5.141268535686732699e-01
5.350188054828391993e-01
3.078141829448295397e-01
6.601109714534258988e-01
0.000000000000000000e+00
1.754159864822292525e-01
1.869141054793515555e-01
1.775080289586848936e-01
1.765992345544013242e-01
1.958041958041957797e-01
1.768722311804976632e-01
2.060183477746489189e-01
9.828193338566784676e-02
1.828992120992314896e-01
3.851456526573271422e-01
2.007976622966355928e-01
1.762834699574487851e-01
2.445325203252031732e-01
2.324108142697168256e-01
4.582938733882131466e-01
2.756085794864183147e-01
2.207457656226519682e-01
2.601362193773846809e-01
9.554356082518823678e-02
1.737941938433404387e-01
1.449951409135082914e-01
1.747709744228301276e-01
2.061619188255365276e-01
3.440621531631520291e-01
1.835050116186314195e-01
3.535802469135802539e-01
0.000000000000000000e+00
7.030965391621128713e-02
6.772307111865685791e-02
6.249999999999999306e-02
6.524633821571239334e-02
6.250000000000000000e-02
6.901906905025073646e-02
0.000000000000000000e+00
0.000000000000000000e+00
2.771929824561403244e-01
3.753351206434316079e-01
0.000000000000000000e+00
0.000000000000000000e+00
0.000000000000000000e+00
2.853457172342621084e-01
6.032171581769436575e-01
1.109530583214793920e-01
1.394101876675603313e-01
0.000000000000000000e+00
0.000000000000000000e+00
0.000000000000000000e+00
1.157342657342657344e-01
0.000000000000000000e+00
1.891244870041039750e-01
2.109890109890109888e-01
0.000000000000000000e+00
0.000000000000000000e+00
0.000000000000000000e+00
3.715122186516733871e-01
3.817873978710092930e-01
3.779678070192719619e-01
3.619781626260221707e-01
3.442807245550718043e-01
3.707179863252214602e-01
5.085168005648349476e-01
2.833500003072370044e-01
4.178604737003947522e-01
5.330236680836850649e-01
3.965530329027206480e-01
4.080621743410683400e-01
4.357135369013808712e-01
4.661104606749820189e-01
6.357915792908853669e-01
3.329535989491466674e-01
4.750777241885647539e-01
5.571204833299621129e-01
3.042879384546676169e-01
3.320905672827151878e-01
1.827101418797781596e-01
4.506636975577088533e-01
4.999724289610681938e-01
4.803188463757106508e-01
3.906739913956021604e-01
6.319301796726345399e-01
0.000000000000000000e+00
1.380213286074887802e-01
1.457616171731163091e-01
1.428596631429576158e-01
1.310281902181109903e-01
1.185292173001652183e-01
1.374318253850270732e-01
2.585893364566961283e-01
8.028722267411121660e-02
1.746073754811182932e-01
2.841142307373865084e-01
1.572543079043462189e-01
1.665147381279604433e-01
1.898462862391109285e-01
2.172589615506439198e-01
4.042309322971980312e-01
1.108580990531891630e-01
2.256988440201860568e-01
3.103832329458106609e-01
9.259114948899158093e-02
1.102841448781555767e-01
3.338299594572866069e-02
2.030977682963861497e-01
2.499724297212304602e-01
2.307061941836935914e-01
1.526261675529710926e-01
3.993357519810882272e-01
0.000000000000000000e+00
1.910902696365767983e-01
1.920852359208523596e-01
1.960000000000000075e-01
1.695402298850574585e-01
1.428571428571428492e-01
1.886703401476080288e-01
2.439839158676152253e-01
2.391629297458894021e-01
7.094067749778956156e-01
6.987370176489148266e-01
3.893121138515567292e-01
4.238029491185981157e-01
3.338461538461539035e-01
6.683005720625658785e-01
6.604362555494611708e-01
2.694360540948719240e-01
3.872032193158954083e-01
5.041516797946162809e-01
2.411807593800826821e-01
3.467199875866641690e-01
2.156108016580214892e-01
4.369153228626871943e-01
6.691449814126393392e-01
5.286944763383087942e-01
4.395002230519833852e-01
7.244338816492204014e-01
0.000000000000000000e+00
