2.576819029795429650e-01
2.512125960067060348e-01
2.409181748566519288e-01
2.528722111124181438e-01
1.680686754464593147e-01
2.512595970151264568e-01
2.232697969353323320e-01
5.172678743681613511e-01
5.163794843226645614e-01
2.869126982226823386e-01
7.748332341252566202e-01
3.257023893369617173e-01
3.232413858015546482e-01
4.740166535280644355e-01
3.325224034778276883e-01
4.724302726274921538e-01
5.764305405180227826e-01
2.741908603437325787e-01
2.421808677801206011e-01
2.109283036867082850e-01
7.863729330173699905e-01
7.224324213791373239e-01
1.150106386369072198e-01
6.632426720271662468e-01
7.547413527868870875e-02
7.913512811546710157e-01
0.000000000000000000e+00
6.518314860955981560e-02
6.105772757280128471e-02
6.178215665995318018e-02
6.167304537998907071e-02
1.748251748251748033e-02
6.355676591210546178e-02
1.724789578698713022e-01
1.526748304827446612e-01
1.978726846656889693e-01
3.003381564721308017e-01
2.253770445372795805e-01
1.014277997423108368e-01
3.941764981559588155e-02
2.167536121049900566e-01
1.335094492989229997e-01
7.749309302982565484e-01
2.274975018575930430e-01
1.927681945258157836e-01
1.232289673836965277e-01
5.850659229208923784e-02
1.000000000000000000e+00
1.482168922206404393e-01
4.701575566163011810e-02
3.225806451612903691e-01
0.000000000000000000e+00
2.654320987654321118e-01
0.000000000000000000e+00
4.080145719489981782e-02
4.508583286172419824e-02
3.571428571428571230e-02
3.328894806924101446e-02
6.250000000000000000e-02
3.899972639423991694e-02
0.000000000000000000e+00
0.000000000000000000e+00
0.000000000000000000e+00
0.000000000000000000e+00
0.000000000000000000e+00
0.000000000000000000e+00
0.000000000000000000e+00
9.294117647058823539e-02
0.000000000000000000e+00
2.280701754385965063e-01
3.489932885906040227e-01
0.000000000000000000e+00
0.000000000000000000e+00
0.000000000000000000e+00
6.848275862068965436e-01
6.303879310344827624e-01
0.000000000000000000e+00
7.129973474801061251e-01
0.000000000000000000e+00
0.000000000000000000e+00
0.000000000000000000e+00
2.482156740320433097e-01
2.395207523850451659e-01
2.384024679259122981e-01
2.364763746612189577e-01
1.444289923168521061e-01
2.425312371406836143e-01
7.471144227291700579e-01
5.000249401700476160e-01
5.992710509041201394e-01
6.174937843349903588e-01
5.096140222691342148e-01
4.120554103243460609e-01
2.851898476477172650e-01
6.821265371442678527e-01
4.281581415722912620e-01
1.000000000000000000e+00
4.870234858841089864e-01
6.393174298257340293e-01
5.084545676497621569e-01
2.728892618416485782e-01
9.617752833827297732e-01
3.246805036913935627e-01
3.448543452873225612e-01
4.031414969136311033e-01
1.792422216864467677e-01
8.462377767772191195e-01
0.000000000000000000e+00
6.161102083518157219e-02
5.737019082309811197e-02
5.683573671316564935e-02
5.592107577291320630e-02
2.085973382166132414e-02
5.882140098899050346e-02
5.581799606499410205e-01
2.500249407920596134e-01
3.591257924517284872e-01
3.812985736923474867e-01
2.597064516933256240e-01
1.697896611775651654e-01
8.133324920132817271e-02
4.652966126764301324e-01
1.833193941946381633e-01
1.000000000000000000e+00
2.371918758027088958e-01
4.087267760789823345e-01
2.585260473639066081e-01
7.446854922847984115e-02
9.250116957259300055e-01
1.054174294772970144e-01
1.189245194635478731e-01
1.625230665337632496e-01
3.212777403509333579e-02
7.161183748448505249e-01
0.000000000000000000e+00
2.131692067213755426e-01
2.119736174530695294e-01
2.192000000000000060e-01
2.112068965517241437e-01
2.857142857142856984e-01
2.142647425898608349e-01
1.351120401951076133e-01
4.995954692556633936e-01
6.609299328313511523e-01
3.212252428313855379e-01
7.661900871867668439e-01
5.147216269250380893e-01
4.931515140725971080e-01
3.381908674812099114e-01
3.750028568157312558e-01
3.241701319274437054e-01
5.831013695585743895e-01
2.661330064287921182e-01
3.340605821126905184e-01
3.456065105619244293e-01
5.476443281682698005e-01
7.651037195864927032e-01
2.720261171189553018e-01
7.294488810109625021e-01
3.477015651533476581e-01
8.536916696207019761e-01
0.000000000000000000e+00
