1.747319383811106464e-01
1.770582137496412023e-01
1.658355279131880355e-01
1.831810636657125180e-01
4.805902227125422033e-02
1.712485779965438326e-01
6.831582909095395006e-01
2.901986943836366017e-01
1.035659849871161109e-01
5.308124895783368213e-01
2.494361469294419376e-01
8.601346042759953070e-01
2.860920292519598118e-01
2.816509147297116544e-01
1.349964956717875086e-01
4.931928450682346865e-01
3.753826383247588772e-01
6.541273037714753769e-02
8.466195897759953848e-01
4.506191436255469474e-01
6.516721390452487883e-01
8.834273221873439885e-02
2.658685559241720231e-01
6.912664284885494670e-01
7.080813549539752838e-01
3.535173790782374370e-01
0.000000000000000000e+00
3.840536128533378335e-02
3.764395217486980749e-02
3.369440966741059362e-02
4.308365226899945472e-02
3.496503496503496067e-03
3.752017905481420945e-02
4.852303740568308932e-01
1.286457940399849398e-01
3.046395676083557547e-02
3.756863550059014178e-01
7.062383020479365281e-02
4.047344974474035295e-01
3.757651841224293743e-01
8.257461414869272931e-02
1.083352259822848163e-01
5.754275155727761604e-01
1.680589411410259859e-01
1.850011415678426974e-01
3.050223795149369921e-01
2.124436453413482417e-01
3.703929332927200502e-01
2.714567405818659740e-01
1.665643902866660864e-01
3.578399479505530723e-01
5.248518729946261008e-01
1.822051936994465993e-01
0.000000000000000000e+00
5.282331511839707949e-02
5.074514242595735969e-02
4.092261904761904795e-02
4.394141145139814075e-02
6.250000000000000000e-02
4.684116143420165301e-02
3.398692810457515923e-01
0.000000000000000000e+00
0.000000000000000000e+00
0.000000000000000000e+00
0.000000000000000000e+00
5.618776671408250989e-01
0.000000000000000000e+00
0.000000000000000000e+00
0.000000000000000000e+00
2.132604237867395947e-01
1.520467836257309857e-01
0.000000000000000000e+00
0.000000000000000000e+00
0.000000000000000000e+00
1.208029197080291994e-01
0.000000000000000000e+00
0.000000000000000000e+00
1.969230769230769507e-01
0.000000000000000000e+00
0.000000000000000000e+00
0.000000000000000000e+00
1.416049247259062727e-01
1.411594805743799641e-01
1.337622401821390583e-01
1.464116775327038433e-01
9.548805168162630141e-02
1.391175709968223151e-01
7.585729013533192289e-01
3.963204411353958845e-01
3.088203151147111969e-01
7.136891183151674589e-01
3.246374444631329181e-01
5.414641617276513275e-01
6.069167615146452421e-01
3.070978316383615736e-01
3.578461654370762024e-01
5.046932812378730482e-01
3.722336723820152127e-01
5.366441987810720571e-01
7.161574868192811527e-01
4.052872381904725207e-01
3.541056833242285928e-01
5.219038149372583479e-01
5.037044995971982075e-01
4.979131823309837501e-01
6.684139107478299646e-01
4.492091957836896743e-01
0.000000000000000000e+00
2.005195470662958501e-02
1.992599895602874954e-02
1.789233689854426157e-02
2.143637931794045715e-02
9.117968013952934894e-03
1.935369856005589653e-02
5.754328466675925347e-01
1.570698920617547845e-01
9.536998702754952151e-02
5.093521576014811147e-01
1.053894703475536654e-01
2.931834384354281564e-01
3.683479554074247098e-01
9.430907819698344796e-02
1.280538781180192986e-01
2.547153081266507746e-01
1.385579068550014392e-01
2.879869960853788102e-01
5.128815459273088351e-01
1.642577454400608039e-01
1.253908349625188212e-01
2.723835920460639937e-01
2.537182229144638868e-01
2.479175371389675253e-01
4.467771560812080489e-01
2.017889015766292926e-01
0.000000000000000000e+00
1.273935130910512081e-01
1.381024860476915417e-01
1.208000000000000046e-01
1.307471264367816022e-01
1.428571428571428492e-01
1.296961779531650150e-01
6.991050922626118602e-01
0.000000000000000000e+00
2.789998017446470580e-01
5.016364314147550019e-01
2.804834199763773794e-01
9.685284802049420882e-01
1.661299940369707628e-01
3.043154390642041074e-01
1.178086312862018092e-01
6.556960439242573990e-01
3.596435757401552635e-01
0.000000000000000000e+00
9.765100671140942712e-01
4.270591540133358843e-01
6.592315834062120183e-01
8.142283242250303310e-02
4.247787610619468968e-01
7.290948587979724227e-01
7.889029003783102345e-01
3.678695233509870488e-01
0.000000000000000000e+00
