3.181057765380984614e-01
3.259859428292554151e-01
3.163425762003030384e-01
3.336648198529278964e-01
2.091394150293189313e-01
3.181407204613361239e-01
6.146950888852380501e-01
5.113271053274816014e-01
5.266163469282540976e-01
3.862756431875162266e-01
2.138063065998902501e-01
4.718169186931603365e-01
5.787340253683541658e-01
4.231918490241268760e-01
1.580852610978422113e-01
5.298823967466624874e-01
4.824664814287091263e-01
2.005692966551737011e-01
5.609172588293468431e-01
6.223545062389299609e-01
5.300601927629812193e-01
4.032617749699722309e-01
4.632459523860443795e-01
4.130851119365385182e-01
4.108236843263260996e-01
3.043684156249869543e-01
0.000000000000000000e+00
1.094022968754474884e-01
1.078265972273160789e-01
9.945022045615371786e-02
1.154729360306178398e-01
8.041958041958041647e-02
1.081875874960823852e-01
3.025007398352439481e-01
2.252330973883329701e-01
1.143364692949264128e-01
2.404740415178746871e-01
1.395120593046323410e-01
1.896715254138663098e-01
2.535647279549718136e-01
1.433370660694289200e-01
1.645553463735281996e-01
5.708178714561376044e-01
2.851469420174741476e-01
1.707162819318502334e-01
3.883272613719163657e-01
4.324899077277969406e-01
2.844583987441130501e-01
5.728278041074249538e-01
1.046268309695419646e-01
2.641509433962264675e-01
2.041757708181597408e-01
1.686708353375019898e-01
0.000000000000000000e+00
4.699453551912567695e-02
4.810413129598188620e-02
4.241071428571428076e-02
4.127829560585885571e-02
6.250000000000000000e-02
4.464175333780531774e-02
2.666666666666666630e-01
0.000000000000000000e+00
0.000000000000000000e+00
0.000000000000000000e+00
0.000000000000000000e+00
2.863563868348557584e-01
0.000000000000000000e+00
0.000000000000000000e+00
0.000000000000000000e+00
2.967660114140773797e-01
1.074380165289256228e-01
0.000000000000000000e+00
3.867132867132866969e-01
0.000000000000000000e+00
2.051652892561983688e-01
1.766304347826087029e-01
2.502262443438914019e-01
1.779425393883225515e-01
0.000000000000000000e+00
0.000000000000000000e+00
0.000000000000000000e+00
3.077583197580918140e-01
3.129942615385879479e-01
2.997338181968609017e-01
3.162451531555388606e-01
2.484188607185022768e-01
3.054793185193330207e-01
6.617887064093621596e-01
5.603705068115154564e-01
3.632488439666448632e-01
4.277639037628315766e-01
3.603686276215898876e-01
4.101374129522334933e-01
4.111242944573101354e-01
3.994675313904529901e-01
4.181880592847101452e-01
4.841934466734596487e-01
5.597840660064999918e-01
4.957262617595193377e-01
5.327351989747736161e-01
4.852915959223879638e-01
2.710171750820329351e-01
5.643329580105869159e-01
4.025133159916806647e-01
4.909686790897183628e-01
3.481802050304761420e-01
4.155595192567089202e-01
0.000000000000000000e+00
9.471518338032389184e-02
9.796540775608598983e-02
8.984036177086887620e-02
1.000109968943702077e-01
6.171193036067863097e-02
9.331761404303612339e-02
4.379642919309768012e-01
3.140151049041947084e-01
1.319497226431039227e-01
1.829819573624170415e-01
1.298655477738681063e-01
1.682126975031508487e-01
1.690231854930210054e-01
1.595743086351825157e-01
1.748812529283121919e-01
2.344432938015244272e-01
3.133582005547695948e-01
2.457445265980675309e-01
2.838067922266916954e-01
2.355079330728983011e-01
7.345030918944529807e-02
3.184716874969788503e-01
1.620169695506185614e-01
2.410502438471028852e-01
1.212294551750644350e-01
1.726897140448671042e-01
0.000000000000000000e+00
2.055490425947636146e-01
2.131912734652460784e-01
2.120000000000000218e-01
2.255747126436781769e-01
2.142857142857142461e-01
2.083980257875808206e-01
6.419527786369728650e-01
3.418803418803418870e-01
6.305547337278105680e-01
4.597464097840771036e-01
1.671559021417910740e-01
5.856170813991623536e-01
6.206185567010309434e-01
4.385722504160588509e-01
1.627600321127439797e-01
6.168222886887904099e-01
3.995447432067151805e-01
2.139984437478320844e-01
5.472869980662041778e-01
6.029137138006592789e-01
6.144194690401094672e-01
4.039039429130618641e-01
6.486486486486486847e-01
3.122853688780599657e-01
6.068483849063924795e-01
2.817102335928809986e-01
0.000000000000000000e+00
