2.754970312889768458e-01
2.776766260324866065e-01
2.803690629610953167e-01
2.885860051322937658e-01
1.949815746933584171e-01
2.774970671359946461e-01
5.276521329126973026e-01
3.632401521925206489e-01
6.707508049580270804e-01
5.484824134613812685e-01
2.704961526425386786e-01
5.125437251145225082e-01
7.178975938814535773e-01
3.875536453731917574e-01
2.006064668592140721e-01
1.965221847498160868e-01
5.331746922112829967e-01
2.188268755775459873e-01
6.211878358631134356e-01
4.110790549521640691e-01
5.326776484365565167e-01
2.504817522611693659e-01
5.832145803637573955e-01
5.873864479893801116e-01
5.608171160500916574e-01
3.550521873008665175e-01
0.000000000000000000e+00
1.636452157974625232e-01
1.647179637643952088e-01
1.668390397909749190e-01
1.845817386550027417e-01
1.573426573426573438e-01
1.682411810123626839e-01
4.624919038313560771e-01
2.379774196661198771e-01
3.041374144749353081e-01
5.491068119487065857e-01
1.518669069270418559e-01
6.639115181066777005e-01
3.874155157214221878e-01
3.160464817432489526e-01
2.994331717735973508e-01
3.650560120144242249e-01
5.272745906889748646e-01
1.732161323681488674e-01
4.177658286446834235e-01
2.254344919786095969e-01
2.835939570633448925e-01
1.637013441069070097e-01
2.890408177079807905e-01
5.782105903834449112e-01
4.471546949937473259e-01
1.904761904761904934e-01
0.000000000000000000e+00
4.007285974499089076e-02
3.999245425391435849e-02
3.273809523809523975e-02
3.728362183754993509e-02
6.250000000000000000e-02
3.884825551843670149e-02
0.000000000000000000e+00
0.000000000000000000e+00
0.000000000000000000e+00
0.000000000000000000e+00
0.000000000000000000e+00
0.000000000000000000e+00
0.000000000000000000e+00
0.000000000000000000e+00
0.000000000000000000e+00
0.000000000000000000e+00
1.287128712871287162e-01
0.000000000000000000e+00
0.000000000000000000e+00
0.000000000000000000e+00
0.000000000000000000e+00
0.000000000000000000e+00
1.178601875532821891e-01
0.000000000000000000e+00
0.000000000000000000e+00
0.000000000000000000e+00
0.000000000000000000e+00
3.329752258302129397e-01
3.348864956717945152e-01
3.414919966556412279e-01
3.411246755956875987e-01
2.907547537746526523e-01
3.355078295401717203e-01
6.710799833621275967e-01
4.879485284089133956e-01
4.761063639248708790e-01
4.857081756025714014e-01
3.093290171642608666e-01
5.182811135342615394e-01
6.431758782716878731e-01
3.952902179498509749e-01
3.877160800733075452e-01
3.582558000532886089e-01
5.258670458040406448e-01
4.830713643180419847e-01
6.073014742813963585e-01
3.462573516177501753e-01
2.542967527709478204e-01
3.775279018583667101e-01
5.285268557726812144e-01
5.148015499064808598e-01
4.981253512426926378e-01
4.203436933007341225e-01
0.000000000000000000e+00
1.108725010166813213e-01
1.121489649833348340e-01
1.166167837798564866e-01
1.163660443002631217e-01
8.453832684255889462e-02
1.125655036827569316e-01
4.503483440693133444e-01
2.380937663764241541e-01
2.266772697697616024e-01
2.359124318471783610e-01
9.568444085980758185e-02
2.686153126463140528e-01
4.136752103905569355e-01
1.562543564068406832e-01
1.503237587474114123e-01
1.283472182718218835e-01
2.765361498626690562e-01
2.333579430240944885e-01
3.688150806643575308e-01
1.198941535493382865e-01
6.466683846984853934e-02
1.425273166815805848e-01
2.793406372729566045e-01
2.650206357861149553e-01
2.481288655506558860e-01
1.766888204977016819e-01
0.000000000000000000e+00
1.465416178194607344e-01
1.504819888381532245e-01
1.496000000000000107e-01
1.580459770114942541e-01
2.142857142857142461e-01
1.496121715076931258e-01
5.302176735199105595e-01
2.240896358543417455e-01
6.702332242225856884e-01
5.680269440917706802e-01
2.736816266091787186e-01
5.539258570484941746e-01
7.538461538461538325e-01
4.230200429544964669e-01
1.983528762370855847e-01
2.483360640047194146e-01
4.725929346571231537e-01
2.016311446251502770e-01
6.812320230105467500e-01
4.339133157400367202e-01
6.026307513988243825e-01
3.125958707119708135e-01
7.142857142857141906e-01
5.980203622147568510e-01
7.139392763604618386e-01
3.230913978494623362e-01
0.000000000000000000e+00
