2.761006650949725527e-01
2.786172097308223794e-01
2.716603676049286209e-01
2.688113015588721177e-01
1.578327509547524099e-01
2.736947646363961928e-01
1.536355258029422077e-01
2.902518438452269534e-01
4.918632022637654533e-01
6.111553269127414367e-01
4.862513378267401820e-01
2.363513208325741521e-01
4.761303740149707697e-01
7.705617226459660074e-01
6.506757253014461284e-01
2.573373610910302256e-01
6.102406849865529281e-01
7.061528156356333685e-01
1.308947309383841628e-01
3.925481473192821702e-01
2.144632105934712041e-01
3.548664367212697734e-01
4.981252205706144798e-01
4.178019271436299586e-01
1.964253339832759127e-01
7.410798282027528661e-01
0.000000000000000000e+00
8.786550963713950224e-02
8.857918286510671479e-02
8.938000108867236171e-02
8.726079825041005433e-02
6.293706293706292920e-02
8.883791081463275618e-02
1.260673904665497169e-01
4.162522821576764009e-01
1.836087393940473156e-01
3.611513366634666600e-01
3.218395257835806600e-01
1.752698063998703593e-01
3.389779957582184089e-01
5.905487122060470995e-01
4.169884169884170433e-01
3.257384592548612789e-01
2.851469420174741476e-01
3.302004110324243680e-01
1.018897858242732574e-01
2.459700226244344035e-01
2.198059551689528213e-01
1.879936808846761620e-01
1.621528376746593225e-01
3.983228511530398919e-01
1.772557123257507694e-01
3.307710225949220262e-01
0.000000000000000000e+00
7.468123861566483557e-02
6.828900207508016573e-02
5.654761904761904795e-02
5.592543275632490263e-02
6.250000000000000000e-02
6.815008226403196367e-02
0.000000000000000000e+00
0.000000000000000000e+00
0.000000000000000000e+00
0.000000000000000000e+00
0.000000000000000000e+00
1.099972152603731629e-01
0.000000000000000000e+00
2.623339658444022726e-01
5.555555555555555802e-01
1.324278438030560279e-01
1.666666666666666574e-01
0.000000000000000000e+00
0.000000000000000000e+00
0.000000000000000000e+00
0.000000000000000000e+00
0.000000000000000000e+00
0.000000000000000000e+00
3.558850787766451029e-01
0.000000000000000000e+00
0.000000000000000000e+00
0.000000000000000000e+00
2.463428592964219677e-01
2.512392403607765501e-01
2.459468365387893207e-01
2.440400580820787646e-01
2.001772536992104112e-01
2.458734025854505123e-01
4.200020612654944419e-01
6.287686021896026212e-01
4.460942932797848925e-01
5.409756824467557568e-01
5.488029322531986498e-01
4.007334446932280803e-01
5.808163323007412560e-01
6.921635723604909751e-01
4.689079875423192156e-01
3.490648530703112096e-01
5.667298785305392439e-01
7.482848215061015384e-01
3.590848691206109389e-01
3.662002121890750583e-01
1.882080975707025872e-01
3.659032532834777252e-01
4.883795150234576110e-01
4.359340058357429326e-01
3.295682539884762230e-01
6.956783200792381328e-01
0.000000000000000000e+00
6.068480432633675120e-02
6.312115589706003560e-02
6.048984640343795655e-02
5.955554994870438518e-02
4.007093289855804402e-02
6.045373009894701444e-02
1.764017314672641223e-01
3.953499550994667433e-01
1.990001184967907510e-01
2.926546889987332034e-01
3.011846584497089863e-01
1.605872936957004615e-01
3.373476118672850688e-01
4.790904109028366054e-01
2.198747007809877252e-01
1.218462716489979447e-01
3.211827552192397794e-01
5.599301740964183205e-01
1.289419432313663183e-01
1.341025954073236104e-01
3.542228799118309762e-02
1.338851907634328597e-01
2.385145506945476335e-01
1.900384574439975827e-01
1.086152340370127589e-01
4.839683250282710847e-01
0.000000000000000000e+00
1.895271590465025524e-01
1.873160832064941772e-01
1.788000000000000145e-01
1.738505747126436463e-01
2.142857142857142461e-01
1.847044063744833209e-01
1.443087212110945317e-01
1.723307267538820575e-01
6.353431976834125194e-01
6.509517866157457089e-01
4.324162653628380593e-01
2.269903425843916023e-01
5.082247681396618866e-01
7.791051022977337759e-01
6.513024330957992714e-01
3.045876688013025024e-01
5.426859297677960603e-01
6.343611947604941292e-01
1.666572192998367619e-01
4.182565277971637685e-01
2.184012276279395648e-01
4.108477386059408154e-01
6.862745098039215730e-01
4.056206968586053008e-01
3.900924443829476562e-01
7.616610126925018598e-01
0.000000000000000000e+00
