2.696733771841279825e-01
2.688928282640859480e-01
2.627461318892440056e-01
2.561727115190566839e-01
2.234273534079032064e-01
2.655966416576313049e-01
2.421297837671091968e-01
4.384710272571074041e-01
4.954671753793418176e-01
6.268140656305567493e-01
5.755652735961380717e-01
2.710861484145462574e-01
4.488364115295651602e-01
7.138142625456358470e-01
6.165745080326486827e-01
1.709837912160453444e-01
6.421076686352393814e-01
5.336952226271529653e-01
2.705919352269930966e-01
2.803625639644530820e-01
2.016485865550628198e-01
4.193261446478440679e-01
4.196613318079922550e-01
4.927545679638174470e-01
3.606321360452172664e-01
6.391089393711262279e-01
0.000000000000000000e+00
1.554543632041698598e-01
1.586738062055307041e-01
1.580207936421534065e-01
1.635866593767085764e-01
1.398601398601398427e-01
1.573377191232080141e-01
2.761473673494160286e-01
2.269727985246657864e-01
4.205199031330407178e-01
5.204136090727151664e-01
4.628158200160699676e-01
2.313037984679775227e-01
6.750677506775066838e-01
4.351303791393377196e-01
4.097989615230994698e-01
4.468251253622112507e-01
6.110358360977432568e-01
4.912099276111685509e-01
1.918490806336066168e-01
3.045343137254901689e-01
2.167487684729064445e-01
3.173677809000544636e-01
2.369439071566730726e-01
6.037735849056604653e-01
5.194048486109665852e-01
3.456790123456790487e-01
0.000000000000000000e+00
3.205828779599270706e-02
2.867383512544802518e-02
2.604166666666666435e-02
2.663115845539280879e-02
6.250000000000000000e-02
2.989075417135675372e-02
0.000000000000000000e+00
0.000000000000000000e+00
0.000000000000000000e+00
0.000000000000000000e+00
0.000000000000000000e+00
0.000000000000000000e+00
0.000000000000000000e+00
0.000000000000000000e+00
0.000000000000000000e+00
0.000000000000000000e+00
1.585365853658536606e-01
0.000000000000000000e+00
0.000000000000000000e+00
0.000000000000000000e+00
0.000000000000000000e+00
0.000000000000000000e+00
0.000000000000000000e+00
0.000000000000000000e+00
0.000000000000000000e+00
0.000000000000000000e+00
0.000000000000000000e+00
2.735762562760793992e-01
2.749449458279720204e-01
2.725468356712993367e-01
2.668024641521422047e-01
2.417488214052258833e-01
2.720444862417631393e-01
5.333217431310451895e-01
4.283767013389001566e-01
4.284727912993434029e-01
5.458375329547515697e-01
4.798574298195727450e-01
3.947756839236994386e-01
5.202369403008719750e-01
5.029819510878820177e-01
6.056660089577945438e-01
3.530874493680143389e-01
6.371209757490593484e-01
6.692470479378120896e-01
4.303120143116266894e-01
3.167692983255651074e-01
1.740180397803198498e-01
4.250237195625721776e-01
4.892771773480061315e-01
5.586200928332221149e-01
4.711828716585359511e-01
6.096017458500674335e-01
0.000000000000000000e+00
7.484396799803506861e-02
7.559472323634644497e-02
7.428177763443824522e-02
7.118355487765512524e-02
5.844249265081578881e-02
7.400820249454487243e-02
2.844320816963364362e-01
1.835065982499972381e-01
1.835889328838506696e-01
2.979386123821294863e-01
2.302631529530461407e-01
1.558478406174245712e-01
2.706464740536130287e-01
2.529908431201725594e-01
3.668313144068631737e-01
1.246707469012100916e-01
4.059231377394334483e-01
4.478916111734761452e-01
1.851684296609296398e-01
1.003427883616708483e-01
3.028227816898497460e-02
1.806451621908040650e-01
2.393921562736322506e-01
3.120564081169977522e-01
2.220132985443843965e-01
3.716142885434503551e-01
0.000000000000000000e+00
1.819069949198906244e-01
1.799086757990867591e-01
1.796000000000000374e-01
1.688218390804597790e-01
2.857142857142856984e-01
1.779300545054272598e-01
2.247450503636299890e-01
3.748079877112135971e-01
6.013288605051665403e-01
6.298077252609139975e-01
5.434150769755786703e-01
2.970678463683948389e-01
4.816812289418081483e-01
7.317231756941613430e-01
6.131849118775494212e-01
2.206470725617597495e-01
5.867929413183665677e-01
4.805017008778755816e-01
3.226333287155435103e-01
2.769232281538889784e-01
2.206125085852330692e-01
5.071896597584868438e-01
5.891996142719382323e-01
4.609986725654905970e-01
4.905101021011503137e-01
6.385241534375027950e-01
0.000000000000000000e+00
