2.713626025825157662e-01
2.719166685457156118e-01
2.641464796448826924e-01
2.573277508383182144e-01
1.710067648838937138e-01
2.647914200232991400e-01
4.798241303952310299e-01
5.690941934905138222e-01
1.982501513400874993e-01
1.858500009778753514e-01
5.700012611150993003e-01
4.988607098075802382e-01
5.695739293827004612e-01
6.039408835162051181e-01
1.455198042314835849e-01
4.830625406132990074e-01
3.965425978983111999e-01
2.225283649791952589e-01
5.220818491613201662e-01
5.718045500145072513e-01
2.246049049109330731e-01
5.801346101240147934e-01
4.816500089755298974e-01
8.754883173007215191e-01
4.403625679843391483e-01
3.269507030630826039e-01
0.000000000000000000e+00
4.588023026033163920e-02
4.330668231497102061e-02
4.664961079962984258e-02
3.805358119190815208e-02
1.048951048951048820e-02
4.467306154701372600e-02
1.854959938119353502e-01
1.403307813687102168e-01
1.987540036118290443e-02
7.657278765553846012e-02
2.223977254778076174e-01
1.153194600474330422e-01
3.057225466620863141e-01
3.045912653975363926e-01
4.845287943879494907e-02
4.395338852525214057e-01
8.794609843608773569e-02
1.292657704239916772e-01
1.319325259079333623e-01
2.254344919786095969e-01
1.362501835266480832e-01
1.529152430287666897e-01
1.300437530384054297e-01
3.516295025728988222e-01
1.380739545290206038e-01
8.966592541471768429e-02
0.000000000000000000e+00
5.865209471766848204e-02
6.168647425014148200e-02
5.803571428571428076e-02
5.193075898801598200e-02
6.250000000000000000e-02
5.629059630512038559e-02
5.555555555555554692e-01
0.000000000000000000e+00
3.397849462365591378e-01
0.000000000000000000e+00
0.000000000000000000e+00
3.904126513466765758e-01
0.000000000000000000e+00
5.943912448700411355e-01
0.000000000000000000e+00
4.210526315789474006e-01
3.229813664596273282e-01
0.000000000000000000e+00
0.000000000000000000e+00
2.287014061207609805e-01
3.559139784946236951e-01
2.769886363636363535e-01
2.804259634888437991e-01
8.500276701715551164e-01
0.000000000000000000e+00
0.000000000000000000e+00
0.000000000000000000e+00
2.396066300019054074e-01
2.390100778383843771e-01
2.415347090523218554e-01
2.274334151145278593e-01
1.531587403334800090e-01
2.367286166421946336e-01
4.196260410912462380e-01
4.973239167197546773e-01
2.230376959228426437e-01
3.088421403131373366e-01
4.901724863945354782e-01
3.026870818287630827e-01
7.601809914958502779e-01
6.248552601240612292e-01
3.168618548403752122e-01
6.598650011932410964e-01
2.066989237720960604e-01
4.464908184555644866e-01
5.681514785467639550e-01
4.640958902528759533e-01
1.855400405682637865e-01
4.817185845779545228e-01
5.121187748755935409e-01
5.136224200298074027e-01
4.249167308788168729e-01
3.772213323915323824e-01
0.000000000000000000e+00
5.741133714087000989e-02
5.712581730831055304e-02
5.833901567698977081e-02
5.172595831065716215e-02
2.345759974053835892e-02
5.604043793732715883e-02
1.760860143619122631e-01
2.473310781414775061e-01
4.974581380257041274e-02
9.538346763319960342e-02
2.402690664182010882e-01
9.161946950601229656e-02
5.778751398316139820e-01
3.904440961047082048e-01
1.004014350528830007e-01
4.354218197997560824e-01
4.272444508854277706e-02
1.993540509651198223e-01
3.227961025748740109e-01
2.153849953496095315e-01
3.442510665407298026e-02
2.320527947277879754e-01
2.622656395800789242e-01
2.638079903572759233e-01
1.805542281807408500e-01
1.422959336112429862e-01
0.000000000000000000e+00
8.479874951152793772e-02
9.020801623541351011e-02
7.440000000000000779e-02
5.459770114942527619e-02
2.857142857142856984e-01
7.379529568777738746e-02
4.168101584306325158e-01
5.128205128205127750e-01
2.966007583965330485e-01
3.573862500140705389e-01
5.364781885236741266e-01
5.534698682089160826e-01
4.673345259391771811e-01
5.141881556602069248e-01
8.627992782274801487e-02
4.284479603795510183e-01
4.222791293213828956e-01
2.093144832827632251e-01
6.486649606489306441e-01
3.314158928424685846e-01
2.349861846385153941e-01
7.084605450289593875e-01
6.153846153846154188e-01
8.914040445381943290e-01
5.555654228016269069e-01
4.198699271592091775e-01
0.000000000000000000e+00
