2.854052526472392604e-01
2.904050884239817165e-01
2.849178333293310716e-01
2.939187359843752900e-01
2.521190197102076702e-01
2.857822335048381124e-01
4.745886392577613466e-01
4.033012545923035930e-01
4.938782899943348070e-01
4.901336024115165446e-01
3.462526062367796142e-01
5.585659842108376960e-01
4.803932172881708040e-01
4.763985414730175227e-01
3.461482269155845004e-01
2.676028827843317526e-01
4.874491775029509699e-01
3.154110430660252429e-01
4.860379940015739919e-01
5.124397978212902327e-01
4.413517403580795584e-01
3.772312183684602416e-01
4.657128456936620031e-01
5.056937456176637813e-01
4.382858036799363033e-01
4.136675810849560486e-01
0.000000000000000000e+00
6.420941088867886115e-02
6.793809139587764223e-02
6.363289967884165621e-02
6.506287588846362824e-02
6.993006993006992134e-02
6.448418910087337641e-02
2.037975322941781575e-01
1.509958506224066688e-01
1.064774255130866432e-01
2.740751899115538848e-01
1.385139849684017266e-01
2.165277115185108847e-01
3.701432217810549652e-01
1.551181947874641365e-01
1.832221832221832547e-01
3.405917569640294906e-01
1.600476568705321845e-01
2.441686774675398963e-01
1.523428895112817205e-01
2.398648648648648574e-01
2.746698679471788473e-01
1.643514735523233794e-01
1.400225161835068621e-01
2.389032170490023310e-01
1.969410050983248506e-01
1.471845829569407016e-01
0.000000000000000000e+00
7.540983606557376262e-02
7.885304659498207358e-02
7.886904761904761640e-02
7.723035952063915521e-02
6.250000000000000000e-02
7.960012337266754445e-02
4.049844236760123950e-01
0.000000000000000000e+00
2.633333333333333082e-01
0.000000000000000000e+00
0.000000000000000000e+00
2.582543314808761203e-01
0.000000000000000000e+00
0.000000000000000000e+00
2.307692307692307820e-01
3.493840985442329683e-01
1.940298507462686617e-01
0.000000000000000000e+00
2.078947368421052433e-01
0.000000000000000000e+00
2.177631578947368529e-01
2.256944444444444198e-01
1.626470588235294223e-01
2.482223658694246993e-01
0.000000000000000000e+00
0.000000000000000000e+00
0.000000000000000000e+00
1.929148845019323377e-01
1.969863725711877289e-01
1.939637615975257356e-01
1.938807249710848279e-01
2.220687799600904733e-01
1.930666076472228598e-01
4.112328975085375871e-01
3.440491620872695444e-01
3.595125083453368231e-01
3.887232244902029676e-01
3.111577655712982615e-01
4.100882164653884554e-01
4.570845915554578864e-01
3.440127948385250378e-01
4.070391795401505086e-01
2.997978660688628283e-01
3.376434738126415924e-01
5.380772173311529905e-01
3.349144681539391044e-01
3.203041905973303405e-01
2.270729306342096632e-01
3.705068471577590561e-01
4.672574069541638453e-01
3.738861673408211406e-01
3.953639009520929504e-01
3.919861040409789998e-01
0.000000000000000000e+00
3.721615266239389902e-02
3.880363097875477035e-02
3.762194081306180493e-02
3.758973551531345075e-02
4.931454303296307212e-02
3.727471498840669029e-02
1.691124959932673311e-01
1.183698259329522690e-01
1.292492436567558300e-01
1.511057452580607252e-01
9.681915507532297405e-02
1.681723452837632360e-01
2.089263238374197418e-01
1.183448030126130895e-01
1.656808936807188659e-01
8.987876049944382162e-02
1.140031154082679909e-01
2.895270918108369118e-01
1.121677009788358825e-01
1.025947745142109513e-01
5.156211582680858552e-02
1.372753237907830826e-01
2.183294843535290852e-01
1.397908661288085330e-01
1.563126141760563803e-01
1.536531057612252338e-01
0.000000000000000000e+00
2.542008597108245116e-01
2.575342465753424626e-01
2.564000000000000168e-01
2.593390804597701105e-01
3.571428571428571508e-01
2.535635353765878230e-01
5.153164220036695609e-01
4.916082991938680591e-01
5.492749719058174218e-01
5.621455772124067662e-01
3.632116728628485003e-01
5.990778504831013596e-01
4.959094427302520036e-01
5.133426380703054459e-01
3.418722381359263207e-01
3.556414204316997729e-01
5.306844067407447962e-01
2.905180582781580201e-01
5.742819958261012880e-01
5.104295912234695365e-01
4.687563076929568417e-01
4.134880211797815619e-01
6.021175086595647041e-01
4.845125719492119898e-01
5.738158527402542619e-01
4.335262096774194496e-01
0.000000000000000000e+00
