2.836145890038105355e-01
2.853383689359523245e-01
2.878446898136648446e-01
2.838220379106701774e-01
2.576584772476306906e-01
2.845257081407629451e-01
4.052264525996122635e-01
4.347497688050243614e-01
7.053880190852099830e-01
6.188508385676947388e-01
3.942122572049972518e-01
4.975413678539301054e-01
7.113236247329663975e-01
4.459606022402911596e-01
4.523311922213818503e-01
1.304916966348187435e-01
6.311889688348730765e-01
3.802156042152323168e-01
3.281070166174120395e-01
3.768107438034033474e-01
2.768658027190125104e-01
2.616747444396393951e-01
5.352948383246095565e-01
5.779976996447018234e-01
4.284221288065047650e-01
5.390838146170601197e-01
0.000000000000000000e+00
1.930578228370134763e-01
1.960977041003447441e-01
1.886124870720156943e-01
2.061235647895024725e-01
1.153846153846153771e-01
1.947509294018962278e-01
3.585446113720425210e-01
1.456417704011065128e-01
2.057860156089306725e-01
4.835223482321547861e-01
1.663725616016427100e-01
3.402587830448526862e-01
6.995299796747967980e-01
2.335007044034244639e-01
6.217595146166575715e-01
2.649749686264455395e-01
4.966850918286296879e-01
2.184145776129515215e-01
1.797150362174639859e-01
2.347555839029556446e-01
2.405557967867998082e-01
1.902505077860527916e-01
1.458434613514827394e-01
3.983228511530398919e-01
3.754477756142514666e-01
3.886205045625335530e-01
0.000000000000000000e+00
7.468123861566483557e-02
6.470477268439916996e-02
7.068452380952380820e-02
6.258322237017310830e-02
6.250000000000000000e-02
7.196615202698562752e-02
0.000000000000000000e+00
0.000000000000000000e+00
3.361702127659574324e-01
0.000000000000000000e+00
2.381567614125753574e-01
0.000000000000000000e+00
0.000000000000000000e+00
0.000000000000000000e+00
1.595744680851063912e-01
0.000000000000000000e+00
2.549019607843137081e-01
0.000000000000000000e+00
0.000000000000000000e+00
0.000000000000000000e+00
0.000000000000000000e+00
0.000000000000000000e+00
2.243407707910750615e-01
2.395010395010395143e-01
0.000000000000000000e+00
0.000000000000000000e+00
0.000000000000000000e+00
3.446034040881270633e-01
3.487395395821679123e-01
3.443784286633670422e-01
3.442618671588520973e-01
2.885355003741218449e-01
3.442476810668750886e-01
5.978803222297133235e-01
4.288954931569406437e-01
3.946396597220444002e-01
5.529103667465117278e-01
2.840560337813597958e-01
5.386271465334508957e-01
7.287351543708443513e-01
4.451197790895855544e-01
7.730217803068056837e-01
3.445456680915510717e-01
6.105791737138734909e-01
4.940024207766309794e-01
3.672495497622970118e-01
3.771385027751806285e-01
2.178829360795038195e-01
3.569707852841281226e-01
4.974325547306090445e-01
5.361060670097748115e-01
4.725067826713298946e-01
6.058363251562721707e-01
0.000000000000000000e+00
1.187515061091250212e-01
1.216192664679824759e-01
1.185965021286498194e-01
1.185162331796991569e-01
8.325273497614486817e-02
1.185064659199209641e-01
3.574608797095056856e-01
1.839513440503353081e-01
1.557404610255309907e-01
3.057098736557620766e-01
8.068783032759700713e-02
2.901192029827676100e-01
5.310549252158982547e-01
1.981316177367613840e-01
5.975626728287032341e-01
1.187117174006532688e-01
3.728069273731164923e-01
2.440383917331716279e-01
1.348722318006098653e-01
1.422334502755049357e-01
4.747297383462514841e-02
1.274281415463671407e-01
2.474391465058203843e-01
2.874097150846892101e-01
2.232626596704113675e-01
3.670376528788565351e-01
0.000000000000000000e+00
1.613911684251660705e-01
1.642820903094875939e-01
1.688000000000000056e-01
1.609195402298850275e-01
2.857142857142856984e-01
1.671887061606680547e-01
3.962233251449674976e-01
3.225806451612903136e-01
7.893259518259516661e-01
6.164499990341711921e-01
3.743481684437195423e-01
5.549839947563628417e-01
6.951048951048952595e-01
5.043700512149765780e-01
4.023301601204797850e-01
1.967173624069347149e-01
5.913043478260869845e-01
3.376714349746492427e-01
3.909395973154363713e-01
4.186510984790289824e-01
3.044519311867627254e-01
3.426643906464683642e-01
6.713286713286713558e-01
5.340815833936760626e-01
5.916771752837326481e-01
5.105997983870969037e-01
0.000000000000000000e+00
