1.828328434687908344e-01
1.830043926532379794e-01
1.783187395895413918e-01
1.921354469290006417e-01
7.431691248832528185e-02
1.821076758729412159e-01
1.904308789137292290e-01
2.259409380555964519e-01
1.350442748817515248e-02
1.734519193404551185e-01
3.749283015768764549e-01
2.030849418026191566e-01
8.868041103448294216e-01
3.532977406841788515e-01
5.956162548711627647e-01
3.135377486905488453e-01
5.660343801851912549e-01
6.650791787016379075e-01
5.675735136429777006e-01
1.000000000000000000e+00
5.250512566069487352e-01
8.641811927578142427e-01
1.000000000000000000e+00
0.000000000000000000e+00
1.946610971237240084e-01
2.412289388077765995e-01
0.000000000000000000e+00
5.673454191368101918e-02
5.284236778405339285e-02
5.171193729247182402e-02
5.401858939311098701e-02
1.748251748251748033e-02
5.480850927306128717e-02
2.234523072901834218e-01
7.355290456431536061e-02
8.870101695892521065e-02
1.157220391483769484e-01
1.233535333299944636e-01
7.045183439527505365e-02
2.417368370112271680e-01
7.849410760944915133e-02
3.237146921357447749e-01
1.979864720773817921e-01
4.168304000668867637e-01
3.452156457205425300e-01
1.958669761356405803e-01
2.889968487394957708e-01
3.849539815926371622e-01
5.119412693987547280e-01
3.331207378697934596e-01
0.000000000000000000e+00
9.113255644573925451e-02
1.425044091710758465e-01
0.000000000000000000e+00
4.954462659380691469e-02
5.564987738162610609e-02
4.538690476190476025e-02
7.323568575233023459e-02
6.250000000000000000e-02
5.340246244145820109e-02
0.000000000000000000e+00
0.000000000000000000e+00
0.000000000000000000e+00
0.000000000000000000e+00
3.251028806584361774e-01
0.000000000000000000e+00
1.736809045226130610e-01
0.000000000000000000e+00
5.909943714821763727e-01
4.321329639889197050e-01
3.095238095238095344e-01
2.123655913978494680e-01
4.937499999999999667e-01
0.000000000000000000e+00
1.518348623853211232e-01
5.649834437086093120e-01
6.712418300653595349e-01
0.000000000000000000e+00
0.000000000000000000e+00
0.000000000000000000e+00
0.000000000000000000e+00
2.258491693159160041e-01
2.166826887156919346e-01
2.106942484241675906e-01
2.135670624077924407e-01
1.496029398877813110e-01
2.187558894933771259e-01
6.323873653888331114e-01
2.861133585098430965e-01
4.975316637324363467e-01
4.237836360097015920e-01
3.634199893777571022e-01
3.724960442966946395e-01
4.964065792546282219e-01
3.064660815311134323e-01
5.296726761505671233e-01
3.523149844371543660e-01
8.440219325560350816e-01
8.065005635412406670e-01
4.181272352497520939e-01
5.294163744822554252e-01
4.755409637362679187e-01
8.953387672481406545e-01
1.000000000000000000e+00
2.944810060409254748e-01
3.425440447503695363e-01
5.463197879388006495e-01
0.000000000000000000e+00
5.100784728068929325e-02
4.695138758906143572e-02
4.439206631902485600e-02
4.561089014549391668e-02
2.238103962306710673e-02
4.785413918803862326e-02
3.999137799034295226e-01
8.186085391778198661e-02
2.475377564163661337e-01
1.795925701496032811e-01
1.320740886793290436e-01
1.387533030166850645e-01
2.464194919272814643e-01
9.392145912903505922e-02
2.805531438605035066e-01
1.241258482589523149e-01
7.123730226356241868e-01
6.504431589923388435e-01
1.748303848576015229e-01
2.802816975699357616e-01
2.261392081912184659e-01
8.016315081374202345e-01
1.000000000000000000e+00
8.671906291887561402e-02
1.173364225939431682e-01
2.984653106934962996e-01
0.000000000000000000e+00
7.346619773348964100e-02
6.747843734145105021e-02
7.840000000000001135e-02
6.752873563218389497e-02
7.142857142857142461e-02
7.290041492913633403e-02
1.750715586781159960e-01
7.504690431519700500e-02
0.000000000000000000e+00
3.474525419112178826e-01
2.670741701953285308e-01
2.460682490705745074e-01
8.280183392766173878e-01
3.996370255047504427e-01
5.175010074832124829e-01
3.396032127411270363e-01
3.380281690140846118e-01
5.884957203065380726e-01
5.277804410354747233e-01
1.000000000000000000e+00
3.887854786855968747e-01
5.311185290603981368e-01
1.000000000000000000e+00
0.000000000000000000e+00
3.964336182805578979e-01
6.057963709677421926e-02
0.000000000000000000e+00
