3.209265368457835388e-01
7.606830158961170874e-01
3.472509819119440344e-01
3.132552371110029488e-01
5.937549976374429939e-01
5.522081119238135827e-01
5.410877771759960986e-01
5.149248007602609256e-01
3.169437520711567147e-01
4.866602413007521388e-01
1.714483845937953277e-01
5.220380508802691111e-01
2.773538081060800686e-01
6.432315675952579026e-01
6.159560627300819657e-01
3.128793883109324825e-01
4.975099861781209776e-01
5.353280779424096636e-01
6.915721523177147390e-01
6.234432618118996849e-01
5.156154217832749076e-01
1.765301896116291958e-01
3.443318200860809308e-01
1.780034238514376088e-01
3.384283818093786755e-01
3.247233667717980832e-01
3.452216085425691694e-01
5.361432849760684460e-01
1.895072182697178365e-01
1.952904351075601674e-01
6.572658842478691366e-01
3.189132623336952133e-01
5.372800420254711939e-01
3.474860996316102568e-01
1.908540948978278418e-01
6.395891049333274347e-01
5.766667710793851320e-01
4.021908589461004047e-01
3.228768525021834535e-01
4.880266358903405655e-01
3.098495346179742649e-01
3.956994031350480334e-01
1.799919489762878133e-01
5.267496630028958293e-01
5.881919298960671671e-01
3.505337353006193202e-01
5.287150818825376852e-01
7.644156752680260070e-01
2.778105728546451103e-01
5.812029634543037782e-01
2.018602536158794758e-01
2.726215189682955620e-01
6.362884902985010971e-01
3.039198766881490710e-01
3.364684020144106391e-01
2.976973268220481916e-01
6.220956642487173172e-01
5.732566869888475747e-01
4.962296196819054317e-01
5.997720947284264081e-01
2.790285070283892166e-01
5.289499378679227704e-01
4.868330124054781605e-01
3.289377901805932702e-01
3.248886332096849738e-01
7.617597931044093329e-01
3.327817651029616464e-01
3.130670426792448446e-01
5.969351529703145198e-01
5.395326251455636601e-01
5.382854051130517847e-01
5.184732263104268046e-01
3.073316685397112225e-01
4.873323498306914026e-01
1.759756095719900437e-01
2.749753095234227507e-01
6.414277108180321818e-01
6.196948060562288418e-01
4.921345722186620808e-01
5.320547094247252140e-01
6.744351076715348059e-01
5.061070041033418621e-01
1.786859213575550109e-01
3.447755503929327281e-01
3.375481845049748131e-01
3.237985224145166208e-01
1.953292806511943702e-01
1.957669432309755986e-01
5.331204552597442747e-01
3.490142010746113410e-01
5.759395563345635072e-01
3.989476799365865300e-01
3.082813752913360350e-01
5.847155882157502038e-01
2.784159728739178941e-01
6.282630444590200369e-01
4.496908570658219029e-01
5.535457227903203270e-01
5.480927950007890015e-01
4.487376255537943726e-01
3.891236481391786017e-01
6.426869584329915064e-01
3.559392345143466141e-01
4.654466429645935932e-01
6.986944794287375249e-01
3.249217953547459681e-01
3.922967230330339228e-01
3.634076620930166701e-01
4.393803800729882969e-01
4.638716864401384310e-01
3.233381881711157035e-01
6.675394530486713496e-01
3.154944663198723243e-01
4.515588323557364614e-01
7.216841950154331276e-01
3.946293080815821974e-01
3.209265368457835388e-01
7.606830158961170874e-01
3.472509819119440344e-01
3.132552371110029488e-01
5.937549976374429939e-01
5.522081119238135827e-01
5.410877771759960986e-01
5.149248007602609256e-01
3.169437520711567147e-01
4.866602413007521388e-01
1.714483845937953277e-01
5.220380508802691111e-01
2.773538081060800686e-01
6.432315675952579026e-01
6.159560627300819657e-01
3.128793883109324825e-01
4.975099861781209776e-01
5.353280779424096636e-01
6.915721523177147390e-01
6.234432618118996849e-01
5.156154217832749076e-01
1.765301896116291958e-01
3.443318200860809308e-01
1.780034238514376088e-01
3.384283818093786755e-01
3.247233667717980832e-01
3.452216085425691694e-01
5.361432849760684460e-01
1.895072182697178365e-01
1.952904351075601674e-01
6.572658842478691366e-01
3.189132623336952133e-01
5.372800420254711939e-01
3.474860996316102568e-01
1.908540948978278418e-01
6.395891049333274347e-01
5.766667710793851320e-01
4.021908589461004047e-01
3.228768525021834535e-01
4.880266358903405655e-01
3.098495346179742649e-01
3.956994031350480334e-01
1.799919489762878133e-01
5.267496630028958293e-01
5.881919298960671671e-01
3.505337353006193202e-01
5.287150818825376852e-01
7.644156752680260070e-01
2.778105728546451103e-01
5.812029634543037782e-01
2.018602536158794758e-01
2.726215189682955620e-01
6.362884902985010971e-01
3.039198766881490710e-01
3.364684020144106391e-01
2.976973268220481916e-01
6.220956642487173172e-01
5.732566869888475747e-01
4.962296196819054317e-01
5.997720947284264081e-01
2.790285070283892166e-01
5.289499378679227704e-01
4.868330124054781605e-01
3.289377901805932702e-01
3.891236481391786017e-01
6.426869584329915064e-01
3.559676656076644630e-01
4.654463532024273320e-01
6.986938561047679741e-01
3.249204364319914218e-01
3.922967230330339228e-01
3.634082116565944265e-01
4.393803800729882969e-01
4.638716864401384310e-01
3.233381881711157035e-01
6.675384818866949566e-01
3.154944663198723243e-01
4.515588323557364614e-01
7.216841950154331276e-01
3.946293080815821974e-01
3.895406605111328968e-01
7.072818505579998583e-01
4.274878928220176011e-01
3.592099875143418553e-01
4.098476440443183932e-01
4.085638403984428457e-01
5.102465210706251808e-01
4.554260582330293960e-01
6.610469307859221377e-01
4.107784512324368920e-01
4.078176399034608157e-01
7.491997899609534883e-01
3.751752017954996798e-01
6.695279262096180961e-01
4.267040170895117779e-01
3.808879704572081804e-01
3.112716829940287422e-01
6.522002941935334253e-01
8.488184175458721725e-01
2.725215399082759338e-01
6.282381439926854050e-01
4.187897951798415508e-01
3.892032726627820960e-01
8.016649878169987975e-01
9.788701667223826952e-01
3.290665073299549603e-01
4.117588414879644887e-01
6.293749696342432198e-01
2.719313238625480356e-01
9.855474377443504963e-01
6.197975580059849054e-01
3.140907009719020593e-01
3.484515781480234109e-01
6.982729386113977199e-01
5.969303202296929456e-01
3.759953776240181900e-01
8.740770001783046972e-01
4.393489903760748883e-01
4.132554340251686220e-01
5.808882152694421208e-01
8.568967042934292344e-01
4.138304563030747452e-01
4.356850334458955976e-01
7.086037297908496235e-01
3.059099374374273372e-01
8.462860747841933762e-01
9.390367634767198268e-01
3.516423319788793411e-01
3.348095928630687168e-01
8.345179945222791495e-01
8.065877265797265494e-01
3.529362346288211216e-01
8.231075512368510871e-01
4.270049935254204287e-01
4.435730998832360106e-01
7.937748224971894473e-01
8.936020949522704981e-01
3.920402880979513838e-01
4.237851211487671521e-01
8.614685163151860614e-01
3.389816348593800432e-01
8.556613447325003285e-01
8.283240688143167496e-01
3.409722173195892658e-01
3.043781840222188340e-01
8.474742390257807845e-01
9.192516813272415543e-01
2.883028247045963388e-01
7.583680776658789924e-01
3.780921132889409897e-01
4.200690258208436556e-01
8.560076297962238012e-01
9.730223700899998107e-01
4.029531317327798567e-01
3.683341525133132510e-01
9.036360159132987846e-01
2.847445780321594677e-01
9.291119483892587017e-01
8.332977378815262792e-01
3.070585177755860151e-01
3.209265368457835943e-01
7.606830158961171984e-01
3.472509819119441454e-01
3.132552371110030043e-01
5.937549976374429939e-01
5.522081119238138047e-01
5.410877771759960986e-01
5.149248007602609256e-01
3.169437520711567147e-01
4.866602413007523054e-01
1.714483845937952999e-01
5.220380508802692221e-01
2.773538081060800686e-01
6.432315675952577916e-01
6.159560627300819657e-01
3.128793883109324825e-01
4.975099861781209776e-01
5.353280779424096636e-01
6.915721523177145169e-01
6.234432618118996849e-01
5.156154217832749076e-01
1.765301896116291958e-01
3.443318200860809308e-01
1.780034238514376088e-01
3.384283818093786755e-01
3.247233667717980277e-01
3.452216085425692249e-01
5.361432849760684460e-01
1.895072182697178365e-01
1.952904351075601952e-01
6.572658842478692476e-01
3.189132623336952133e-01
5.372800420254713050e-01
3.474860996316103123e-01
1.908540948978278140e-01
6.395891049333272127e-01
5.766667710793851320e-01
4.021908589461004047e-01
3.228768525021833979e-01
4.880266358903404544e-01
3.098495346179743759e-01
3.956994031350479224e-01
1.799919489762877856e-01
5.267496630028958293e-01
5.881919298960672782e-01
3.505337353006193757e-01
5.287150818825376852e-01
7.644156752680260070e-01
2.778105728546451103e-01
5.812029634543036671e-01
2.018602536158794480e-01
2.726215189682955620e-01
6.362884902985008750e-01
3.039198766881491265e-01
3.364684020144106946e-01
2.976973268220482471e-01
6.220956642487172061e-01
5.732566869888475747e-01
4.962296196819055427e-01
5.997720947284266302e-01
2.790285070283892166e-01
5.289499378679227704e-01
4.868330124054780494e-01
3.289377901805932702e-01
