7.586317006026735942e-03
1.115567988329384530e-01
6.469902568525928710e-02
3.406869769509841134e-03
2.205403854401236097e-01
8.734837854411124924e-01
8.218222988346960411e-01
1.901442002167334500e-01
2.913071474096362579e-02
4.698057094705172521e-01
3.745588153566241640e-01
1.829480163917795721e-01
3.043456080169872416e-03
1.548847431386148887e-01
5.669325968123700710e-02
3.531472176258418361e-03
6.498477367636076862e-02
7.959128931413537167e-01
5.151821846615339817e-01
5.471606907147436027e-02
4.480463531301958624e-01
5.046169276047406393e-01
9.396923168724092834e-01
3.935228801276163813e-01
6.650832792121462722e-01
6.284816162669610851e-01
9.513131685994906661e-01
8.124143287161679217e-01
1.298539153742266083e-02
5.722893968722264635e-01
5.329430294365824494e-01
5.461770698390158718e-02
8.594977025242411806e-02
8.754817452529275457e-01
5.764349977112624979e-01
1.421614819033523158e-01
4.437704007360059322e-01
9.346023014872436585e-01
6.276465044564520923e-01
5.095411555260963565e-01
5.774888293224391678e-01
9.425662581570990461e-01
5.184935702382728051e-01
8.687825736455112580e-01
2.566946459547134740e-01
8.709895469807757973e-01
8.194489353297380596e-01
1.186643156639706764e-01
1.243721662429965631e-03
2.600570756095262892e-01
8.352552105252486481e-03
3.330248991531385705e-03
4.435905846199039715e-02
5.616530864265796286e-01
6.656856357004619085e-01
3.162534682419021470e-02
4.379401890314971180e-02
4.556026942908881217e-01
4.756495667172280783e-01
2.164526022212415746e-01
1.200104729661599819e-03
8.850905007435017069e-02
5.383839964791917176e-02
7.559742165712577712e-03
7.573173984107495899e-03
1.121654326610482810e-01
5.955151247031600925e-02
3.469260494528380104e-03
2.186212109066016651e-01
8.711431028589959880e-01
8.169740402406443502e-01
1.865544034125510009e-01
3.037658828131412081e-02
4.893509656054557677e-01
3.867790235551523126e-01
3.187601231349049269e-03
1.485838025009751928e-01
5.570594678679019474e-02
5.937303613483405074e-02
8.075630043515887868e-01
5.240542773427958601e-01
4.615852762411136734e-01
5.127460862066252067e-01
9.454875416420004397e-01
6.655887418789369070e-01
6.280633425182239327e-01
1.035647696530110629e-02
5.822107855857707737e-01
8.722773104087711005e-02
8.732293321014061860e-01
4.504607841142448388e-01
9.385811527428239431e-01
5.721372717603566693e-01
2.583671327885765368e-01
1.222040940673537954e-03
4.164263786629185393e-02
1.350514409293468443e-02
9.868439716163016628e-01
9.877149613470996847e-01
1.208677375330846626e-02
2.524226685567815265e-02
7.151864161877772297e-01
2.138455869771784812e-01
2.346980191763300971e-02
1.674869526259914476e-01
7.231545066801957633e-01
8.132322198251137335e-01
2.843981164617701562e-01
5.643774249239834617e-01
7.908659884196429513e-01
7.381359564595407763e-01
7.461517082470396911e-01
1.511448433384030010e-02
5.795511064769185428e-01
1.912127612305885016e-01
2.417653516715173589e-02
7.586317006026735942e-03
1.115567988329384530e-01
6.469902568525928710e-02
3.406869769509841134e-03
2.205403854401236097e-01
8.734837854411124924e-01
8.218222988346960411e-01
1.901442002167334500e-01
2.913071474096362579e-02
4.698057094705172521e-01
3.745588153566241640e-01
1.829480163917795721e-01
3.043456080169872416e-03
1.548847431386148887e-01
5.669325968123700710e-02
3.531472176258418361e-03
6.498477367636076862e-02
7.959128931413537167e-01
5.151821846615339817e-01
5.471606907147436027e-02
4.480463531301958624e-01
5.046169276047406393e-01
9.396923168724092834e-01
3.935228801276163813e-01
6.650832792121462722e-01
6.284816162669610851e-01
9.513131685994906661e-01
8.124143287161679217e-01
1.298539153742266083e-02
5.722893968722264635e-01
5.329430294365824494e-01
5.461770698390158718e-02
8.594977025242411806e-02
8.754817452529275457e-01
5.764349977112624979e-01
1.421614819033523158e-01
4.437704007360059322e-01
9.346023014872436585e-01
6.276465044564520923e-01
5.095411555260963565e-01
5.774888293224391678e-01
9.425662581570990461e-01
5.184935702382728051e-01
8.687825736455112580e-01
2.566946459547134740e-01
8.709895469807757973e-01
8.194489353297380596e-01
1.186643156639706764e-01
1.243721662429965631e-03
2.600570756095262892e-01
8.352552105252486481e-03
3.330248991531385705e-03
4.435905846199039715e-02
5.616530864265796286e-01
6.656856357004619085e-01
3.162534682419021470e-02
4.379401890314971180e-02
4.556026942908881217e-01
4.756495667172280783e-01
2.164526022212415746e-01
1.200104729661599819e-03
8.850905007435017069e-02
5.383839964791917176e-02
7.559742165712577712e-03
2.524226685567815265e-02
7.151864161877772297e-01
2.138626681619690828e-01
2.346927257570291525e-02
1.674868032064165124e-01
7.231514822259169639e-01
8.132322198251137335e-01
2.843985465430884929e-01
5.643774249239834617e-01
7.908659884196429513e-01
7.381359564595407763e-01
7.461506227169421024e-01
1.511448433384030010e-02
5.795511064769185428e-01
1.912127612305885016e-01
2.417653516715173589e-02
2.214378521815850431e-02
2.336243955235035585e-01
3.783025630559249120e-01
3.361941098942415607e-02
3.347916931575540822e-01
8.783347967925553279e-01
9.303522749847636941e-01
4.157017575778809704e-01
2.995519877890022720e-01
9.859934990085822415e-01
8.862853452056249637e-01
2.774676506557716138e-01
5.614871952629496565e-03
3.372990787160936588e-01
3.733209423105030567e-01
2.038774482486245543e-02
3.590137117502001374e-03
3.214954732608776844e-02
1.531590278949370720e-01
3.979217484063490851e-03
1.538654430425185904e-01
9.757879110875098405e-01
9.308396767903324154e-01
1.396746521858600598e-01
7.761034608173922322e-02
9.788476839929511897e-01
9.809126671533737740e-01
3.877711882523460218e-02
2.497745565871622997e-03
1.173542572949874963e-01
1.527799773027802566e-01
7.423324358698746295e-03
1.348360706459092451e-02
3.832407078167605619e-01
7.359928488745248742e-02
3.156974125613082327e-03
1.210863428909818573e-01
9.570413608061384414e-01
9.813296960509105826e-01
7.030915476147425736e-02
6.281995376000049092e-01
9.763840015129876537e-01
9.617371754700969610e-01
4.258281187001684565e-01
1.798882577725383070e-02
6.560597466728872451e-01
1.259427500020695589e-01
1.262112436516281411e-02
9.797895597777245280e-03
1.019756584969777613e-01
5.079100476424387445e-01
2.588745504479246506e-02
5.847538835313850214e-01
9.751840338027997213e-01
9.541851141904301725e-01
5.420301500296336172e-01
7.903876745399296411e-02
9.414856771752211362e-01
9.794431557769133212e-01
1.002243231499031495e-01
4.009781870740664056e-03
6.748594400249796621e-02
6.271102907774253055e-01
9.721881761866432714e-03
2.524949846216428817e-03
1.158557662515184994e-01
5.174569279989316151e-02
6.213944459838416368e-03
9.202871786274346988e-02
9.637375907194422053e-01
9.672844322122833294e-01
6.707945895165701167e-02
5.954911116016381456e-02
9.695420942004959741e-01
9.634790230050539472e-01
1.320480751888479798e-01
8.269461699072028216e-03
5.164313662184838449e-02
1.236549668622128895e-01
6.699837899995841894e-03
7.586317006026735074e-03
1.115567988329384530e-01
6.469902568525934261e-02
3.406869769509841134e-03
2.205403854401236097e-01
8.734837854411124924e-01
8.218222988346960411e-01
1.901442002167334500e-01
2.913071474096362579e-02
4.698057094705174186e-01
3.745588153566240530e-01
1.829480163917795998e-01
3.043456080169874151e-03
1.548847431386149442e-01
5.669325968123700710e-02
3.531472176258418361e-03
6.498477367636076862e-02
7.959128931413539387e-01
5.151821846615338707e-01
5.471606907147441579e-02
4.480463531301958624e-01
5.046169276047407504e-01
9.396923168724090614e-01
3.935228801276164923e-01
6.650832792121463832e-01
6.284816162669610851e-01
9.513131685994907771e-01
8.124143287161678106e-01
1.298539153742266083e-02
5.722893968722263525e-01
5.329430294365826715e-01
5.461770698390155943e-02
8.594977025242411806e-02
8.754817452529275457e-01
5.764349977112623868e-01
1.421614819033523158e-01
4.437704007360058767e-01
9.346023014872436585e-01
6.276465044564519813e-01
5.095411555260964676e-01
5.774888293224391678e-01
9.425662581570988241e-01
5.184935702382726941e-01
8.687825736455112580e-01
2.566946459547134740e-01
8.709895469807760193e-01
8.194489353297380596e-01
1.186643156639706209e-01
1.243721662429966499e-03
2.600570756095262892e-01
8.352552105252486481e-03
3.330248991531385705e-03
4.435905846199039715e-02
5.616530864265796286e-01
6.656856357004619085e-01
3.162534682419021470e-02
4.379401890314971180e-02
4.556026942908881217e-01
4.756495667172281894e-01
2.164526022212416023e-01
1.200104729661598084e-03
8.850905007435022620e-02
5.383839964791917176e-02
7.559742165712578579e-03
