5.313870126204197630e-01
7.546539572208663671e-01
7.810403140155819379e-01
4.529690310110423557e-01
8.013020855386516761e-01
2.051002355196033244e-01
2.864095954346267958e-01
6.891439515044019970e-01
9.174631026211317320e-01
3.847723608328583733e-01
2.651140332403015831e-01
6.782699808171036571e-01
4.607939494197736408e-01
6.941657618449551537e-01
5.864954081737976388e-01
4.498864603344812640e-01
6.298968364686319266e-01
2.437367761930787080e-01
2.967650686122990100e-01
6.107693379274099499e-01
2.001859425111131574e-01
1.342528379136185279e-01
9.482989451328154018e-02
2.794218911347557954e-01
1.943153006637372282e-01
8.168057510550875977e-02
9.272331417282650423e-02
2.859054002717874576e-01
7.976034007504769763e-01
3.857699914722279577e-01
2.656690814592307381e-01
7.501212764744539241e-01
8.198173370240574576e-01
1.889495733368664332e-01
3.671842345530138552e-01
6.922494463105887119e-01
2.615113204114359879e-01
1.198233815782894923e-01
7.973624726316690114e-02
3.986565795205436746e-01
3.969719808134942185e-01
1.182739590265781959e-01
1.360591046543724036e-01
1.684931835245156995e-01
7.226997377228193686e-01
1.946456305460267933e-01
2.310020732184392966e-01
7.540002640171417081e-01
4.422870876081463898e-01
7.388732725793639711e-01
8.188408732017520286e-01
4.455276653094685235e-01
5.503860812372416422e-01
4.037416084407972616e-01
1.944585049666430199e-01
9.132858231339933130e-01
5.248257532608943121e-01
2.597823901097520705e-01
1.704055743059674222e-01
8.148177465578363421e-01
4.416775754909393337e-01
8.279052296740305739e-01
6.195545032513423145e-01
5.421590440934931365e-01
5.367144969662022147e-01
7.535083868418392949e-01
7.652530783323324703e-01
4.514255309740037858e-01
8.082394757117106199e-01
1.868739796704816936e-01
2.856596101288136902e-01
6.837195006883074466e-01
9.153768783563722700e-01
3.916017949382345487e-01
2.742075729757385005e-01
4.531209535267534116e-01
6.932167449064705611e-01
5.986166289232314197e-01
6.246899001650099148e-01
2.374332224903634714e-01
2.812316588262439021e-01
1.855791608016927885e-01
1.354839774784050710e-01
9.377935993502088674e-02
1.944465278144986153e-01
8.070673988349862105e-02
8.080236901426895990e-01
3.818276072399054422e-01
8.238559769489814943e-01
1.918056080424729581e-01
2.610900133273613699e-01
1.190492786893779104e-01
4.022565609805145437e-01
7.307445228578415275e-01
4.419841166796192322e-01
5.364559122679746217e-01
6.842323977363632403e-01
3.187833620914073407e-01
3.056983318781746339e-01
6.913761514015558385e-01
5.980695615581941293e-01
3.939529435303958937e-01
8.486829363805685755e-01
6.188305386388718299e-01
3.864504223699045671e-01
1.870136216296232612e-01
1.477450516313539297e-01
8.659997568066915008e-01
6.085405251838873486e-01
1.695781385521205886e-01
1.802765531037704427e-01
4.025121914084861530e-01
5.677693328569939357e-01
6.369767879478480666e-01
3.774014498620523739e-01
6.079267958349292567e-01
5.313870126204197630e-01
7.546539572208663671e-01
7.810403140155819379e-01
4.529690310110423557e-01
8.013020855386516761e-01
2.051002355196033244e-01
2.864095954346267958e-01
6.891439515044019970e-01
9.174631026211317320e-01
3.847723608328583733e-01
2.651140332403015831e-01
6.782699808171036571e-01
4.607939494197736408e-01
6.941657618449551537e-01
5.864954081737976388e-01
4.498864603344812640e-01
6.298968364686319266e-01
2.437367761930787080e-01
2.967650686122990100e-01
6.107693379274099499e-01
2.001859425111131574e-01
1.342528379136185279e-01
9.482989451328154018e-02
2.794218911347557954e-01
1.943153006637372282e-01
8.168057510550875977e-02
9.272331417282650423e-02
2.859054002717874576e-01
7.976034007504769763e-01
3.857699914722279577e-01
2.656690814592307381e-01
7.501212764744539241e-01
8.198173370240574576e-01
1.889495733368664332e-01
3.671842345530138552e-01
6.922494463105887119e-01
2.615113204114359879e-01
1.198233815782894923e-01
7.973624726316690114e-02
3.986565795205436746e-01
3.969719808134942185e-01
1.182739590265781959e-01
1.360591046543724036e-01
1.684931835245156995e-01
7.226997377228193686e-01
1.946456305460267933e-01
2.310020732184392966e-01
7.540002640171417081e-01
4.422870876081463898e-01
7.388732725793639711e-01
8.188408732017520286e-01
4.455276653094685235e-01
5.503860812372416422e-01
4.037416084407972616e-01
1.944585049666430199e-01
9.132858231339933130e-01
5.248257532608943121e-01
2.597823901097520705e-01
1.704055743059674222e-01
8.148177465578363421e-01
4.416775754909393337e-01
8.279052296740305739e-01
6.195545032513423145e-01
5.421590440934931365e-01
5.980695615581941293e-01
3.939529435303958937e-01
8.487507259958222416e-01
6.188303320206037794e-01
3.864500776071815302e-01
1.870128394812125283e-01
1.477450516313539297e-01
8.660010664156359006e-01
6.085405251838873486e-01
1.695781385521205886e-01
1.802765531037704427e-01
4.025116058183260126e-01
5.677693328569939357e-01
6.369767879478480666e-01
3.774014498620523739e-01
6.079267958349292567e-01
6.932034860380932306e-01
4.540547683961346781e-01
6.040188654640319399e-01
5.084580302422850862e-01
4.585400168819715461e-01
2.348836290223761947e-01
1.663458186914535675e-01
6.606628944201771159e-01
7.592535231787167493e-01
1.555054212727114971e-01
2.268081983128152346e-01
4.787735657646470244e-01
4.849138893474225220e-01
8.036405627725489165e-01
4.797140670360326986e-01
6.801039825234951319e-01
5.757870906753922435e-01
6.336031159268629143e-01
6.480056955754442960e-01
5.284894808978657377e-01
7.206572739468080080e-01
1.867527881045214500e-01
1.745680142015847147e-01
6.372172531939670481e-01
7.106973378540231145e-01
1.534665274413191671e-01
1.686346036446641217e-01
6.199020720150516528e-01
5.127282117504322612e-01
7.441964654989021710e-01
7.371862905582295955e-01
5.806881195432659348e-01
5.887535240505714640e-01
6.087791121119274784e-01
4.157046676437454735e-01
6.417010495145498705e-01
8.149272667415425886e-01
2.019800851448860790e-01
2.184656815876994396e-01
4.353733242745274623e-01
6.107350849884554123e-01
2.063125712197888539e-01
1.968131815345027513e-01
5.828493256795228561e-01
5.589786838884369669e-01
6.390969559278321110e-01
8.397330926774886350e-01
6.032232301625386484e-01
5.823920763155370217e-01
8.023865465913910811e-01
5.113694140760101092e-01
6.045663235466166574e-01
6.590552880516704626e-01
2.100677611550006985e-01
2.330112699056202108e-01
5.474943544696375675e-01
5.333266855574936294e-01
2.055729764540177307e-01
2.034653067784234493e-01
8.230807586460300307e-01
6.310340916897219099e-01
5.489844210163861149e-01
6.368846753591514975e-01
5.954040338868964444e-01
5.408785382522113272e-01
7.600922800041727267e-01
7.828299028695286932e-01
5.640917180923703533e-01
6.920568813538889863e-01
1.781148106013724086e-01
1.864001909626590847e-01
7.585293022402475049e-01
6.939611456187479988e-01
1.948806121851496265e-01
1.660970573913261861e-01
7.963391838088251795e-01
5.825341641934153047e-01
7.021999191942882579e-01
7.315232926104477951e-01
5.512618633286113790e-01
5.313870126204197630e-01
7.546539572208664781e-01
7.810403140155821600e-01
4.529690310110423557e-01
8.013020855386516761e-01
2.051002355196033244e-01
2.864095954346268513e-01
6.891439515044019970e-01
9.174631026211317320e-01
3.847723608328584288e-01
2.651140332403014721e-01
6.782699808171037681e-01
4.607939494197736963e-01
6.941657618449550426e-01
5.864954081737976388e-01
4.498864603344812640e-01
6.298968364686319266e-01
2.437367761930787080e-01
2.967650686122989545e-01
6.107693379274099499e-01
2.001859425111132684e-01
1.342528379136185557e-01
9.482989451328151242e-02
2.794218911347557954e-01
1.943153006637372282e-01
8.168057510550874589e-02
9.272331417282651811e-02
2.859054002717874021e-01
7.976034007504769763e-01
3.857699914722280132e-01
2.656690814592308492e-01
7.501212764744539241e-01
8.198173370240577906e-01
1.889495733368664609e-01
3.671842345530137441e-01
6.922494463105887119e-01
2.615113204114360435e-01
1.198233815782894923e-01
7.973624726316688727e-02
3.986565795205436746e-01
3.969719808134941630e-01
1.182739590265781821e-01
1.360591046543724036e-01
1.684931835245156995e-01
7.226997377228194797e-01
1.946456305460267933e-01
2.310020732184392966e-01
7.540002640171417081e-01
4.422870876081463343e-01
7.388732725793638600e-01
8.188408732017522507e-01
4.455276653094685235e-01
5.503860812372416422e-01
4.037416084407972616e-01
1.944585049666430199e-01
9.132858231339930910e-01
5.248257532608942011e-01
2.597823901097520705e-01
1.704055743059675332e-01
8.148177465578365641e-01
4.416775754909393337e-01
8.279052296740305739e-01
6.195545032513423145e-01
5.421590440934931365e-01
