3.821139149890635522e-01
6.584617251872917354e-01
6.634083778834164447e-01
2.571102096952499472e-01
6.379070481178699126e-01
4.724791660836182849e-01
4.126076931298288120e-01
5.932258203287861242e-01
4.667073441471696893e-01
3.985283628197408001e-01
2.289600826375733644e-01
5.949290913135646397e-01
1.652418599470531768e-01
7.183005811859463074e-01
5.367951550452847442e-01
2.584684312943149043e-01
6.363548829988381339e-01
6.144846471385971842e-01
5.937810400097749408e-01
5.362734076811386252e-01
5.784342745671677832e-01
2.255569004776690201e-01
3.267259258808588585e-01
2.424700165515977501e-01
3.216089025776600052e-01
2.261397926208117415e-01
3.241576477134781031e-01
4.095333533940991311e-01
1.290589723616829554e-01
2.184327677558500769e-01
5.980975690835019787e-01
6.273271235366292276e-01
8.389054352660533231e-01
4.312318027864399106e-01
2.123149609497537726e-01
7.133040598694763146e-01
4.198405951604848863e-01
3.904810612334787545e-01
2.223987855960087023e-01
4.211807192170837766e-01
4.808811714282968386e-01
3.868231274000118458e-01
2.304539589735548899e-01
4.498474145679098868e-01
2.828859495062399643e-01
4.356610026757458121e-01
6.206718529472405876e-01
6.636123052356102114e-01
1.440230546248661980e-01
2.812231606368796877e-01
1.294723664530429696e-01
1.671438015108935304e-01
7.969155549849693543e-01
4.732165929892666045e-01
3.199260459967519510e-01
4.738303943752445457e-01
8.129802673347145126e-01
4.264806459715880238e-01
5.875947048170333531e-01
6.537209447051643973e-01
1.478944878145465880e-01
8.285953111133725901e-01
6.265353339362526031e-01
3.888316203015667050e-01
3.854362660220511660e-01
6.599098496960071891e-01
6.449853184540181861e-01
2.577902963204825593e-01
6.459081985077043120e-01
4.612110614163973388e-01
4.106549696178872777e-01
5.940754924448056196e-01
4.702647504137754120e-01
4.096707093087343932e-01
2.373921343190260602e-01
1.661977958973255010e-01
7.158261539437764664e-01
5.365346197697673514e-01
6.314111468587475517e-01
6.175472536369354115e-01
5.959372801260823804e-01
5.829273152207431474e-01
2.285454624868875628e-01
3.254451463304133263e-01
3.208626369875907658e-01
2.242660734222260976e-01
1.289626637366123041e-01
2.183911058134186400e-01
8.337571375776466898e-01
4.334526281990749297e-01
4.238862537484280324e-01
3.886535306190529449e-01
4.792283079745759400e-01
2.820588712393329867e-01
1.459474326234249109e-01
8.044338108174133861e-01
4.485252404049155928e-01
5.512834070492732552e-01
5.465083813321400807e-01
4.538150927790826072e-01
4.329318740714329650e-01
5.376728671946005012e-01
4.876431964022274190e-01
3.893922713099347011e-01
7.269794115037564453e-01
3.622386150548074779e-01
3.233085286398114655e-01
5.294984653271908037e-01
6.772333992591099694e-01
3.692858112764313416e-01
3.625122741937980009e-01
5.662815956721769517e-01
1.645501600050561786e-01
6.855981005697435737e-01
7.915670902836418055e-01
4.396258800010552359e-01
3.821139149890635522e-01
6.584617251872917354e-01
6.634083778834164447e-01
2.571102096952499472e-01
6.379070481178699126e-01
4.724791660836182849e-01
4.126076931298288120e-01
5.932258203287861242e-01
4.667073441471696893e-01
3.985283628197408001e-01
2.289600826375733644e-01
5.949290913135646397e-01
1.652418599470531768e-01
7.183005811859463074e-01
5.367951550452847442e-01
2.584684312943149043e-01
6.363548829988381339e-01
6.144846471385971842e-01
5.937810400097749408e-01
5.362734076811386252e-01
5.784342745671677832e-01
2.255569004776690201e-01
3.267259258808588585e-01
2.424700165515977501e-01
3.216089025776600052e-01
2.261397926208117415e-01
3.241576477134781031e-01
4.095333533940991311e-01
1.290589723616829554e-01
2.184327677558500769e-01
5.980975690835019787e-01
6.273271235366292276e-01
8.389054352660533231e-01
4.312318027864399106e-01
2.123149609497537726e-01
7.133040598694763146e-01
4.198405951604848863e-01
3.904810612334787545e-01
2.223987855960087023e-01
4.211807192170837766e-01
4.808811714282968386e-01
3.868231274000118458e-01
2.304539589735548899e-01
4.498474145679098868e-01
2.828859495062399643e-01
4.356610026757458121e-01
6.206718529472405876e-01
6.636123052356102114e-01
1.440230546248661980e-01
2.812231606368796877e-01
1.294723664530429696e-01
1.671438015108935304e-01
7.969155549849693543e-01
4.732165929892666045e-01
3.199260459967519510e-01
4.738303943752445457e-01
8.129802673347145126e-01
4.264806459715880238e-01
5.875947048170333531e-01
6.537209447051643973e-01
1.478944878145465880e-01
8.285953111133725901e-01
6.265353339362526031e-01
3.888316203015667050e-01
4.329321397494104717e-01
5.376643301497325833e-01
4.876830875266269238e-01
3.893922184271446651e-01
7.269797434025306870e-01
3.622373441090216417e-01
3.233087097156951417e-01
5.295001645659092038e-01
6.772342543577856144e-01
3.692860770670483017e-01
3.625125225404168261e-01
5.662817866135314571e-01
1.645502805450498318e-01
6.855927962039551904e-01
7.915681701096317635e-01
4.396261510565938058e-01
4.106614607586747123e-01
5.849844862583808425e-01
5.612040050065236763e-01
3.309188833390727669e-01
5.043297133565953771e-01
3.870192657164834849e-01
4.659604486028389170e-01
5.965561855130445679e-01
7.329997022089391745e-01
4.352788413604456452e-01
3.858058708492131395e-01
6.359701248929541251e-01
3.114873613757039861e-01
7.528024513748181601e-01
5.419299676459146120e-01
4.074219882897572309e-01
2.961179019953488201e-01
7.332807232080442716e-01
7.186888552417189935e-01
2.961587486503813871e-01
8.558426404136887378e-01
3.889757853810073551e-01
3.958714968930723277e-01
6.899472608487646763e-01
6.679178903587130733e-01
4.029277846363126248e-01
3.841453131017126266e-01
7.221585229862241828e-01
3.094018816738470790e-01
6.970083869958276779e-01
8.683043120916720259e-01
3.042312406797348379e-01
3.427401607120220683e-01
8.626867073860386981e-01
4.784800861959257468e-01
3.677172073710355815e-01
7.725033795389921742e-01
4.240019531614211967e-01
4.589450821271358061e-01
4.696041285384748853e-01
6.653235543247233430e-01
4.367673320711938367e-01
4.203449382546877722e-01
8.936111653745508754e-01
3.676195476613618451e-01
6.706718861839411350e-01
8.415174868914987449e-01
3.532406266297324349e-01
3.363698375172703980e-01
9.204689611781051717e-01
7.729556631562704005e-01
3.416065766353292843e-01
8.720665825096851620e-01
4.036514112490700024e-01
4.564967183448093158e-01
7.820068073172179446e-01
6.742768348779608623e-01
4.247619791010989743e-01
4.009333287493729858e-01
1.000000000000000000e+00
3.625387202859173819e-01
6.670547090933336420e-01
9.054806283270373513e-01
3.444061774769677231e-01
2.988976601662653998e-01
8.602202023825802346e-01
9.148613739878068696e-01
2.897878362696821863e-01
7.669586769964689132e-01
3.942838463018625283e-01
3.932336118898372423e-01
8.714801640156080165e-01
9.445058297693016414e-01
3.774821809245124116e-01
3.893082933382977506e-01
9.290351063621975491e-01
2.912804522932228579e-01
9.328903906529781853e-01
8.426352147228259870e-01
3.082018948660092406e-01
3.821139149890636078e-01
6.584617251872917354e-01
6.634083778834165557e-01
2.571102096952498917e-01
6.379070481178699126e-01
4.724791660836182849e-01
4.126076931298288675e-01
5.932258203287861242e-01
4.667073441471696893e-01
3.985283628197409667e-01
2.289600826375733367e-01
5.949290913135646397e-01
1.652418599470531768e-01
7.183005811859464185e-01
5.367951550452847442e-01
2.584684312943149043e-01
6.363548829988381339e-01
6.144846471385971842e-01
5.937810400097749408e-01
5.362734076811386252e-01
5.784342745671677832e-01
2.255569004776690201e-01
3.267259258808588029e-01
2.424700165515978056e-01
3.216089025776600052e-01
2.261397926208117137e-01
3.241576477134781586e-01
4.095333533940990756e-01
1.290589723616829554e-01
2.184327677558500491e-01
5.980975690835022007e-01
6.273271235366292276e-01
8.389054352660532121e-01
4.312318027864399106e-01
2.123149609497537449e-01
7.133040598694760925e-01
4.198405951604849418e-01
3.904810612334786990e-01
2.223987855960087023e-01
4.211807192170837766e-01
4.808811714282968941e-01
3.868231274000117903e-01
2.304539589735548344e-01
4.498474145679097758e-01
2.828859495062400198e-01
4.356610026757458121e-01
6.206718529472405876e-01
6.636123052356102114e-01
1.440230546248661703e-01
2.812231606368796877e-01
1.294723664530429419e-01
1.671438015108935582e-01
7.969155549849693543e-01
4.732165929892666045e-01
3.199260459967520065e-01
4.738303943752444902e-01
8.129802673347144015e-01
4.264806459715880238e-01
5.875947048170335751e-01
6.537209447051643973e-01
1.478944878145465880e-01
8.285953111133725901e-01
6.265353339362526031e-01
3.888316203015667050e-01
