3.472765482843977458e-01
9.297188362800044015e-01
5.225172697883918582e-01
4.635865267265871226e-01
6.371698939585206389e-01
5.013331061763850460e-01
5.318632366234941067e-01
8.381372484965270431e-01
2.296923396818132956e-01
3.713634547392471452e-01
8.844839272710416922e-02
8.393035957041138362e-01
3.104301070614920999e-01
6.902422611745718806e-01
6.493863227170417751e-01
4.628782309205320411e-01
8.281901843775454353e-01
4.726753757632365383e-01
3.187291330217623120e-01
6.570825024174102857e-01
4.891733491351629159e-01
1.493436264807198599e-01
2.459643599962477445e-01
9.855306441073066748e-02
3.140179024152005560e-01
1.669991367972266105e-01
2.468013558169916410e-01
5.352216806403751193e-01
5.078092259798645536e-01
1.085744421380401836e-01
3.071339465276557990e-01
4.835736079698558232e-01
4.843906027058716424e-01
4.237868098082809842e-01
8.902549824819272484e-02
6.853782983833199838e-01
3.495514334486119479e-01
2.839221070697822147e-01
1.649515853993657744e-01
3.859573644960658800e-01
2.244634086786790328e-01
2.803220414938085714e-01
1.499187177611827904e-01
4.783280487747794130e-01
6.353936344008358494e-01
4.275440324314446761e-01
4.728980352247902919e-01
9.255637335030588719e-01
4.249662863162192439e-01
6.341223670083389052e-01
5.202715291894386418e-01
3.062080992509004229e-01
8.631178002162276375e-01
2.279886530503985043e-01
3.194998852618506358e-01
2.265098725743072139e-01
8.783111102761206324e-01
3.539519604522244900e-01
4.737770513227604341e-01
6.328511223734516467e-01
4.276389832639597710e-01
4.763707351737371254e-01
8.054098297201004453e-01
3.494184364387678543e-01
3.483358541025572408e-01
9.273985368430008869e-01
5.026326674077330470e-01
4.632318699424968766e-01
6.352985851163116537e-01
4.898791365401068409e-01
5.332237605478955533e-01
8.387190776410025084e-01
2.281029463644831945e-01
3.785419749906172582e-01
9.415698788688131593e-02
3.083080812720532249e-01
6.878334808905968156e-01
6.532294208071480757e-01
8.167212195721047507e-01
4.727855900239160691e-01
3.129369778323453088e-01
4.816217178144954758e-01
1.500045556159504134e-01
2.463817630426282101e-01
3.168648810856286580e-01
1.659736010687913876e-01
5.137950848168831852e-01
1.003459749836799753e-01
4.803859307091451480e-01
4.256707020892764870e-01
3.523541482705278005e-01
2.821234878619009456e-01
2.272979079248721723e-01
6.347613005843566469e-01
4.262948070347883922e-01
8.703687877955681440e-01
5.724768078066592158e-01
4.304019467404254229e-01
4.221377520744015177e-01
5.750586345560096957e-01
4.977578176969331691e-01
8.041292165106788126e-01
2.810044486116511919e-01
5.681922909750884987e-01
6.617267919245370944e-01
2.529823090371797201e-01
2.930106198892873937e-01
3.209227138740411434e-01
4.176320026749691383e-01
2.844871157763716463e-01
2.490289381724872797e-01
8.292462201539401168e-01
4.465371431868566665e-01
4.391737245361779785e-01
6.964493004145793087e-01
5.011262162474301451e-01
3.472765482843977458e-01
9.297188362800044015e-01
5.225172697883918582e-01
4.635865267265871226e-01
6.371698939585206389e-01
5.013331061763850460e-01
5.318632366234941067e-01
8.381372484965270431e-01
2.296923396818132956e-01
3.713634547392471452e-01
8.844839272710416922e-02
8.393035957041138362e-01
3.104301070614920999e-01
6.902422611745718806e-01
6.493863227170417751e-01
4.628782309205320411e-01
8.281901843775454353e-01
4.726753757632365383e-01
3.187291330217623120e-01
6.570825024174102857e-01
4.891733491351629159e-01
1.493436264807198599e-01
2.459643599962477445e-01
9.855306441073066748e-02
3.140179024152005560e-01
1.669991367972266105e-01
2.468013558169916410e-01
5.352216806403751193e-01
5.078092259798645536e-01
1.085744421380401836e-01
3.071339465276557990e-01
4.835736079698558232e-01
4.843906027058716424e-01
4.237868098082809842e-01
8.902549824819272484e-02
6.853782983833199838e-01
3.495514334486119479e-01
2.839221070697822147e-01
1.649515853993657744e-01
3.859573644960658800e-01
2.244634086786790328e-01
2.803220414938085714e-01
1.499187177611827904e-01
4.783280487747794130e-01
6.353936344008358494e-01
4.275440324314446761e-01
4.728980352247902919e-01
9.255637335030588719e-01
4.249662863162192439e-01
6.341223670083389052e-01
5.202715291894386418e-01
3.062080992509004229e-01
8.631178002162276375e-01
2.279886530503985043e-01
3.194998852618506358e-01
2.265098725743072139e-01
8.783111102761206324e-01
3.539519604522244900e-01
4.737770513227604341e-01
6.328511223734516467e-01
4.276389832639597710e-01
4.763707351737371254e-01
8.054098297201004453e-01
3.494184364387678543e-01
4.977581759177344134e-01
8.041191729420367196e-01
2.810278893641264819e-01
5.681896589492448912e-01
6.617273334193098933e-01
2.529814746330308894e-01
2.930108175290521144e-01
3.209241435181677815e-01
4.176328632292982679e-01
2.844873806983276854e-01
2.490291643199214477e-01
8.292463915905301519e-01
4.465374634354045691e-01
4.391745631622927526e-01
6.964505324459118185e-01
5.011265788228900231e-01
4.085150188150312722e-01
7.148633840414955198e-01
4.735293183240505410e-01
5.523720854068785435e-01
7.873646674234744403e-01
2.671779996728679829e-01
2.988776071781045207e-01
5.098338748379620533e-01
3.836024450273074482e-01
3.576731130812885739e-01
2.622742700952047645e-01
7.663467147998730411e-01
5.548059039383871349e-01
4.124385446331084726e-01
8.328350227542375972e-01
3.975741232484596432e-01
4.384178872767370283e-01
6.601882665429943398e-01
7.808386229626340658e-01
4.059344857104106863e-01
7.844685796700541225e-01
2.756374813664984047e-01
2.700761581799862032e-01
7.484537890920053282e-01
7.863350611378616684e-01
2.639007037416570833e-01
2.685937076310928040e-01
6.405019514619647580e-01
4.000081635485402964e-01
8.231580478246884880e-01
7.688878427873417909e-01
4.418720234082901266e-01
4.627494019157299965e-01
5.340948070062165876e-01
7.372872882508123560e-01
5.105131160890945541e-01
6.616401898254591352e-01
3.175122157351191188e-01
3.036118493448386468e-01
7.489025743265904644e-01
7.049465420058398379e-01
3.329961251558116175e-01
3.145921199554013725e-01
5.344236623156048971e-01
4.878071790026438093e-01
7.228999915518035113e-01
6.909605795335749256e-01
4.673974075582587040e-01
4.467826167044761654e-01
7.422102325452430982e-01
7.565821979644287154e-01
4.954965088137609497e-01
8.254270182171925541e-01
3.058325166653528826e-01
2.978314063838592984e-01
7.647656256278758669e-01
6.548437583126940353e-01
3.209154143591807506e-01
2.996852732473230252e-01
7.765415741378909331e-01
5.020070698328642500e-01
6.415892495753201530e-01
8.402812432736035397e-01
4.515635408571342935e-01
4.239357625990156642e-01
8.449393469242416632e-01
9.657682221011463231e-01
4.079947150274954026e-01
8.317330236323949855e-01
2.628498100386751912e-01
2.637834847171062203e-01
9.214089966019247679e-01
8.874680144756457167e-01
2.844776601830585894e-01
2.534207028706165210e-01
9.029233256912423400e-01
4.116018552176657908e-01
8.746428304562836598e-01
9.084092382830133428e-01
4.265788213097895243e-01
3.472765482843978013e-01
9.297188362800045125e-01
5.225172697883919692e-01
4.635865267265871781e-01
6.371698939585206389e-01
5.013331061763851570e-01
5.318632366234942177e-01
8.381372484965270431e-01
2.296923396818134067e-01
3.713634547392473118e-01
8.844839272710416922e-02
8.393035957041138362e-01
3.104301070614921554e-01
6.902422611745719916e-01
6.493863227170414421e-01
4.628782309205320966e-01
8.281901843775454353e-01
4.726753757632366493e-01
3.187291330217621455e-01
6.570825024174105078e-01
4.891733491351629159e-01
1.493436264807198322e-01
2.459643599962476335e-01
9.855306441073072299e-02
3.140179024152005560e-01
1.669991367972266105e-01
2.468013558169916410e-01
5.352216806403751193e-01
5.078092259798645536e-01
1.085744421380401559e-01
3.071339465276559100e-01
4.835736079698558232e-01
4.843906027058716979e-01
4.237868098082809842e-01
8.902549824819269708e-02
6.853782983833199838e-01
3.495514334486120034e-01
2.839221070697821592e-01
1.649515853993657466e-01
3.859573644960657690e-01
2.244634086786790605e-01
2.803220414938084604e-01
1.499187177611827626e-01
4.783280487747793019e-01
6.353936344008358494e-01
4.275440324314447871e-01
4.728980352247901808e-01
9.255637335030588719e-01
4.249662863162191884e-01
6.341223670083387942e-01
5.202715291894386418e-01
3.062080992509003674e-01
8.631178002162278595e-01
2.279886530503985043e-01
3.194998852618506358e-01
2.265098725743071584e-01
8.783111102761205213e-01
3.539519604522244900e-01
4.737770513227604341e-01
6.328511223734516467e-01
4.276389832639597710e-01
4.763707351737371254e-01
8.054098297201003342e-01
3.494184364387678543e-01
