3.745448200924465509e-01
8.899375245608811547e-01
6.237084057863223618e-01
3.581519672501381479e-01
7.471075240882305568e-01
5.005321607474221279e-01
4.677059647919926677e-01
7.938289887873160033e-01
4.995083602057090455e-01
5.047333379148625232e-01
1.465547202554003114e-01
7.926378888969509706e-01
2.961481416987199466e-01
6.205828733865472735e-01
6.389598356639425436e-01
3.527518519588525581e-01
7.431284162220543887e-01
5.050754980004394934e-01
4.405776416449553867e-01
6.432799034392409077e-01
4.540571753841874947e-01
1.074929618117367452e-01
1.741902168226625303e-01
1.553178037669199207e-01
3.353212780997592568e-01
1.886108165800097491e-01
1.755834946017765519e-01
4.582650425922505377e-01
4.708243510107900653e-01
2.835788819323021848e-01
4.194132479139676128e-01
5.764916203504146797e-01
6.054533191151710847e-01
3.423366568221909434e-01
2.790367897299887989e-01
6.143144586464420742e-01
4.205136544925828224e-01
2.439220810292248853e-01
1.883077293468654323e-01
5.166103211364080350e-01
1.955632688944362041e-01
2.432573297899319198e-01
1.095834554609612377e-01
4.784111065177035771e-01
7.364284211282391412e-01
3.343106457600379944e-01
5.058683394168232983e-01
8.740520146154999725e-01
3.418759609130480048e-01
7.369581040317231269e-01
4.869302207310571839e-01
2.875844469999957465e-01
7.693711407267307401e-01
1.972302584855631924e-01
3.300401130147241902e-01
4.744919774836466875e-01
7.762022188071454609e-01
4.177506691755536461e-01
4.427471322386549724e-01
7.377957091706361936e-01
3.410965879931128208e-01
5.820798281341419411e-01
7.162566877977275537e-01
3.761474808263523539e-01
3.753374421705407138e-01
8.815951928591738707e-01
5.995995531452740224e-01
3.554480298463701393e-01
7.428303651907003369e-01
4.895183267436010732e-01
4.625946224602632828e-01
7.932348118340998289e-01
4.870146343700393898e-01
5.105754436974621058e-01
1.520099431617049635e-01
2.918439381494074558e-01
6.174785663665796065e-01
6.411170675455712953e-01
7.295996142260220418e-01
5.054679467647229529e-01
4.300053707252843305e-01
4.485097848948257360e-01
1.087970135130067739e-01
1.748850331826050652e-01
3.327734463900955397e-01
1.884590124364132202e-01
4.785971668033987547e-01
2.852154226007193039e-01
5.937819087804722118e-01
3.383123703202530752e-01
4.198447916741375741e-01
2.435899664268035003e-01
1.973198437794509152e-01
7.366918876608197220e-01
3.414885570689642491e-01
7.722006440682047668e-01
5.671937402316425958e-01
4.380269574326112192e-01
4.325229596479146510e-01
5.622635708948177102e-01
4.838194797225439103e-01
7.855380588650611173e-01
5.901709986379242157e-01
4.934352666060112247e-01
6.936175434189877365e-01
2.173231658953995171e-01
2.737568411505660326e-01
5.954057503639724747e-01
5.116151690063421853e-01
3.156743458471703567e-01
2.153089348304265682e-01
7.914052884426949763e-01
4.111824927935200380e-01
5.113956867103326420e-01
7.219069005112510595e-01
4.826772182746645323e-01
3.745448200924465509e-01
8.899375245608811547e-01
6.237084057863223618e-01
3.581519672501381479e-01
7.471075240882305568e-01
5.005321607474221279e-01
4.677059647919926677e-01
7.938289887873160033e-01
4.995083602057090455e-01
5.047333379148625232e-01
1.465547202554003114e-01
7.926378888969509706e-01
2.961481416987199466e-01
6.205828733865472735e-01
6.389598356639425436e-01
3.527518519588525581e-01
7.431284162220543887e-01
5.050754980004394934e-01
4.405776416449553867e-01
6.432799034392409077e-01
4.540571753841874947e-01
1.074929618117367452e-01
1.741902168226625303e-01
1.553178037669199207e-01
3.353212780997592568e-01
1.886108165800097491e-01
1.755834946017765519e-01
4.582650425922505377e-01
4.708243510107900653e-01
2.835788819323021848e-01
4.194132479139676128e-01
5.764916203504146797e-01
6.054533191151710847e-01
3.423366568221909434e-01
2.790367897299887989e-01
6.143144586464420742e-01
4.205136544925828224e-01
2.439220810292248853e-01
1.883077293468654323e-01
5.166103211364080350e-01
1.955632688944362041e-01
2.432573297899319198e-01
1.095834554609612377e-01
4.784111065177035771e-01
7.364284211282391412e-01
3.343106457600379944e-01
5.058683394168232983e-01
8.740520146154999725e-01
3.418759609130480048e-01
7.369581040317231269e-01
4.869302207310571839e-01
2.875844469999957465e-01
7.693711407267307401e-01
1.972302584855631924e-01
3.300401130147241902e-01
4.744919774836466875e-01
7.762022188071454609e-01
4.177506691755536461e-01
4.427471322386549724e-01
7.377957091706361936e-01
3.410965879931128208e-01
5.820798281341419411e-01
7.162566877977275537e-01
3.761474808263523539e-01
4.838194797225439103e-01
7.855380588650611173e-01
5.902181392875311960e-01
4.934349920154720293e-01
6.936169246242878117e-01
2.173222569831644579e-01
2.737568411505660326e-01
5.954066507668767105e-01
5.116151690063421853e-01
3.156743458471703567e-01
2.153089348304265682e-01
7.914041370759550276e-01
4.111824927935200380e-01
5.113956867103326420e-01
7.219069005112510595e-01
4.826772182746645323e-01
4.740497524901109427e-01
7.470754780938897444e-01
5.454414187095966149e-01
4.545252977846468978e-01
7.053238616229851043e-01
3.069953879085233761e-01
2.854896307581019643e-01
5.651508421849709141e-01
5.568601626698261864e-01
2.978454000225246867e-01
3.066949021534283726e-01
7.893775465948449366e-01
4.618517226516222207e-01
5.647518360354297773e-01
7.330100344061676321e-01
4.557639132011577776e-01
4.047051763458503482e-01
7.496925190654581961e-01
8.659351254116471885e-01
3.897217638236356585e-01
8.379418854143887430e-01
2.721496673096502894e-01
2.644295014894691986e-01
8.102782130558627838e-01
8.553163893658939365e-01
2.540741485734253624e-01
2.667308889017280249e-01
7.102920603930582555e-01
3.987457849493102335e-01
8.545928292149640448e-01
8.182865772115410774e-01
4.023602499825343903e-01
4.772561839316615817e-01
6.917591487756262758e-01
6.708044505275747582e-01
4.622996128853648634e-01
7.726649258188209579e-01
3.184871935032179691e-01
3.142139675096528029e-01
6.375530552909736137e-01
7.598281092013969840e-01
3.096666743601377281e-01
3.135432447600018380e-01
6.900245249349419296e-01
4.315609276642343728e-01
7.371429844462509262e-01
8.170576825484410222e-01
4.768311063149067164e-01
4.637704678368962385e-01
7.285596030600567374e-01
8.286845624347685124e-01
4.583255070192735481e-01
7.750658231617690852e-01
3.171637420738894764e-01
3.060084394633629801e-01
7.993866446756547894e-01
8.409173738084021466e-01
3.037678288470555543e-01
3.127762088697248477e-01
7.411987504431696294e-01
4.527400352982783316e-01
7.897854463262024005e-01
7.718720619291725704e-01
4.643047778422970118e-01
4.216976843524574692e-01
8.346926186977927653e-01
9.797051221678361177e-01
3.991587082564937994e-01
7.800942600638385294e-01
2.701062001860278228e-01
2.871499235158268548e-01
8.971261021186827112e-01
9.804144868539466096e-01
2.849576655013505433e-01
2.633873487195162455e-01
8.668086238960532874e-01
3.974974130532683558e-01
9.267867718889839512e-01
8.294823757030103106e-01
4.209957157296704278e-01
3.745448200924466065e-01
8.899375245608812657e-01
6.237084057863223618e-01
3.581519672501382034e-01
7.471075240882305568e-01
5.005321607474222390e-01
4.677059647919926677e-01
7.938289887873160033e-01
4.995083602057091565e-01
5.047333379148626342e-01
1.465547202554002837e-01
7.926378888969509706e-01
2.961481416987199466e-01
6.205828733865472735e-01
6.389598356639424326e-01
3.527518519588525581e-01
7.431284162220541667e-01
5.050754980004394934e-01
4.405776416449552202e-01
6.432799034392409077e-01
4.540571753841874947e-01
1.074929618117367730e-01
1.741902168226625025e-01
1.553178037669199762e-01
3.353212780997592568e-01
1.886108165800097491e-01
1.755834946017765796e-01
4.582650425922505377e-01
4.708243510107900653e-01
2.835788819323021848e-01
4.194132479139677239e-01
5.764916203504146797e-01
6.054533191151711957e-01
3.423366568221909434e-01
2.790367897299887989e-01
6.143144586464420742e-01
4.205136544925828779e-01
2.439220810292248853e-01
1.883077293468654323e-01
5.166103211364081460e-01
1.955632688944362318e-01
2.432573297899318643e-01
1.095834554609612099e-01
4.784111065177034661e-01
7.364284211282391412e-01
3.343106457600380499e-01
5.058683394168235203e-01
8.740520146154999725e-01
3.418759609130480048e-01
7.369581040317231269e-01
4.869302207310572395e-01
2.875844469999958575e-01
7.693711407267305180e-01
1.972302584855631924e-01
3.300401130147242457e-01
4.744919774836467430e-01
7.762022188071453499e-01
4.177506691755536461e-01
4.427471322386549724e-01
7.377957091706363046e-01
3.410965879931128208e-01
5.820798281341419411e-01
7.162566877977275537e-01
3.761474808263523539e-01
