6.993248135100110785e-01
8.021346058568856741e-01
7.668106050172913690e-01
6.527561238821815159e-01
6.930741967796125724e-01
2.020717463355995447e-01
2.229941467167364522e-01
8.092001840421434444e-01
5.708413350543737330e-01
3.081281734086855906e-01
1.111071101203512101e-01
8.244861334189835800e-01
4.363570614328226016e-01
5.539656244381230277e-01
6.482286019955443290e-01
6.580993488266022595e-01
9.093509893586604331e-01
1.879097629800580704e-01
2.678099972558002362e-01
6.174051297193718923e-01
3.018526415058290779e-01
7.264493307045069570e-02
7.268960193350831878e-02
1.156132099477739927e-01
1.536308083414438252e-01
5.787765117987044711e-02
7.461919935732370945e-02
2.183517266337994256e-01
4.806314818832376212e-01
1.816300635781362138e-01
2.533801574316690841e-01
7.090777958908340839e-01
8.528117149990547263e-01
2.541000381185126722e-01
1.746263095336952897e-01
5.783788240289280402e-01
2.011317868344146831e-01
1.122515245481752605e-01
5.885231521568982938e-02
3.290066768394710461e-01
2.664652082743729222e-01
1.142235087090828494e-01
7.735092836829482454e-02
1.898217096654065683e-01
5.354270921740857947e-01
2.584051636062765223e-01
1.903438389864798852e-01
8.086133314697516727e-01
5.127281650733086504e-01
5.373885621079251829e-01
4.917189841243007065e-01
4.396585497309856150e-01
9.589502609143543133e-01
2.532644136161714687e-01
1.514734942550367558e-01
5.543614458639249953e-01
9.870977545368478934e-01
2.101312510235737174e-01
3.098892885540106001e-01
6.944237910442734307e-01
5.258194497509197651e-01
8.237689027691386112e-01
8.961028337570606794e-01
7.067404074783686374e-01
7.029923167919924776e-01
8.047282000216222642e-01
7.373322791436915935e-01
6.554315752391705052e-01
6.940040260921569448e-01
1.959725853722413813e-01
2.201220023799627390e-01
8.168255384739733227e-01
5.626109198246729282e-01
3.183979888449615103e-01
1.141704748835947747e-01
4.380164243773101429e-01
5.660557732256197294e-01
6.328368580333652016e-01
9.026810918695055141e-01
1.891146068506631694e-01
2.606018448330446047e-01
3.057944849477837179e-01
7.515329904226769608e-02
7.365187656263681715e-02
1.525951272085006583e-01
5.836582099724250960e-02
4.859288888167941356e-01
1.806424373988558818e-01
8.383093636351064415e-01
2.562586519374313587e-01
2.059879020115273907e-01
1.132367423211838725e-01
2.610036752913877933e-01
5.364027356748113373e-01
5.192354658511230125e-01
9.729249088784965860e-01
7.610194973055118828e-01
2.350376540944061343e-01
2.370321199622754671e-01
7.670160711160730616e-01
7.487288696825200596e-01
3.309732396909983443e-01
4.743554237574969523e-01
6.986396756659107865e-01
5.314955042790330264e-01
1.311697334661300895e-01
1.133423187237267565e-01
4.890296822267137244e-01
4.957562300710103287e-01
1.346767310096288750e-01
1.340255712160731694e-01
3.599744209740707301e-01
5.225211003793800435e-01
4.856374595055670262e-01
5.827216220980979688e-01
7.580698066807608493e-01
6.993248135100110785e-01
8.021346058568856741e-01
7.668106050172913690e-01
6.527561238821815159e-01
6.930741967796125724e-01
2.020717463355995447e-01
2.229941467167364522e-01
8.092001840421434444e-01
5.708413350543737330e-01
3.081281734086855906e-01
1.111071101203512101e-01
8.244861334189835800e-01
4.363570614328226016e-01
5.539656244381230277e-01
6.482286019955443290e-01
6.580993488266022595e-01
9.093509893586604331e-01
1.879097629800580704e-01
2.678099972558002362e-01
6.174051297193718923e-01
3.018526415058290779e-01
7.264493307045069570e-02
7.268960193350831878e-02
1.156132099477739927e-01
1.536308083414438252e-01
5.787765117987044711e-02
7.461919935732370945e-02
2.183517266337994256e-01
4.806314818832376212e-01
1.816300635781362138e-01
2.533801574316690841e-01
7.090777958908340839e-01
8.528117149990547263e-01
2.541000381185126722e-01
1.746263095336952897e-01
5.783788240289280402e-01
2.011317868344146831e-01
1.122515245481752605e-01
5.885231521568982938e-02
3.290066768394710461e-01
2.664652082743729222e-01
1.142235087090828494e-01
7.735092836829482454e-02
1.898217096654065683e-01
5.354270921740857947e-01
2.584051636062765223e-01
1.903438389864798852e-01
8.086133314697516727e-01
5.127281650733086504e-01
5.373885621079251829e-01
4.917189841243007065e-01
4.396585497309856150e-01
9.589502609143543133e-01
2.532644136161714687e-01
1.514734942550367558e-01
5.543614458639249953e-01
9.870977545368478934e-01
2.101312510235737174e-01
3.098892885540106001e-01
6.944237910442734307e-01
5.258194497509197651e-01
8.237689027691386112e-01
8.961028337570606794e-01
7.067404074783686374e-01
7.487288696825200596e-01
3.309732396909983443e-01
4.743933134926283657e-01
6.986395123093079862e-01
5.314950301177259195e-01
1.311691848740132449e-01
1.133423187237267565e-01
4.890304217623091532e-01
4.957562300710103287e-01
1.346767310096288750e-01
1.340255712160731694e-01
3.599738972694890293e-01
5.225211003793800435e-01
4.856374595055670262e-01
5.827216220980979688e-01
7.580698066807608493e-01
7.097744330124684531e-01
3.379957650520324375e-01
4.219368643239864713e-01
7.040589605643348126e-01
5.198034985744253156e-01
1.356273352990131076e-01
1.427930188134613199e-01
4.191568210669265326e-01
5.038704494251404764e-01
1.756404514113474313e-01
1.374364726377600987e-01
3.986355258242992861e-01
6.554313826246302987e-01
5.064947099322061330e-01
5.640936861266647728e-01
6.968502585312759123e-01
6.599192712526444904e-01
4.264079183642479620e-01
5.787097700165855230e-01
6.659234164454496119e-01
5.587611586944420949e-01
1.260152420419103358e-01
1.258081251088259134e-01
5.268667354815692594e-01
6.510820090216968836e-01
1.197190971620484268e-01
1.242221188170099799e-01
4.339924594358683940e-01
6.263888469991270025e-01
6.447347005525272401e-01
5.906994874606052992e-01
6.660138657176836174e-01
6.742109082143561416e-01
3.366563231064350070e-01
5.337262356752456860e-01
7.387622023393325410e-01
5.140672850238501290e-01
1.593310395470164398e-01
1.447234103896543334e-01
4.958270956032801990e-01
5.655883388165023895e-01
1.489978203280226676e-01
1.565853833530168882e-01
3.719446382175690680e-01
6.783627962964754454e-01
5.329946036632966511e-01
6.068001163711214119e-01
6.825818464345172476e-01
6.703514773392763582e-01
5.208393827232393747e-01
4.543360552629795990e-01
7.158562078892116709e-01
5.519596699985767074e-01
1.388755705975452115e-01
1.681168803371729248e-01
4.329913291088334226e-01
7.087858011731387187e-01
1.427464731894409478e-01
1.389856380444439710e-01
5.818850069979792927e-01
6.806868495248302731e-01
6.499211684552657076e-01
5.901996577115227183e-01
6.815528333367707470e-01
6.401725117270248289e-01
5.829604429123407261e-01
7.358938892013118238e-01
6.619608722877003970e-01
5.049428376787412631e-01
1.252508561764347217e-01
1.303298275428573239e-01
6.575029440208008946e-01
6.788981608053794581e-01
1.319305416759450900e-01
1.231554750237116580e-01
6.421825704808905577e-01
6.786807387696235372e-01
6.127287660227158650e-01
5.784948068524300435e-01
6.503731464796641548e-01
6.993248135100111895e-01
8.021346058568857851e-01
7.668106050172913690e-01
6.527561238821814049e-01
6.930741967796125724e-01
2.020717463355995447e-01
2.229941467167364522e-01
8.092001840421434444e-01
5.708413350543737330e-01
3.081281734086856461e-01
1.111071101203511824e-01
8.244861334189835800e-01
4.363570614328226571e-01
5.539656244381230277e-01
6.482286019955442180e-01
6.580993488266022595e-01
9.093509893586602111e-01
1.879097629800580704e-01
2.678099972558001807e-01
6.174051297193721144e-01
3.018526415058290779e-01
7.264493307045069570e-02
7.268960193350829102e-02
1.156132099477739927e-01
1.536308083414438252e-01
5.787765117987045405e-02
7.461919935732372333e-02
2.183517266337993701e-01
4.806314818832376212e-01
1.816300635781361861e-01
2.533801574316691951e-01
7.090777958908340839e-01
8.528117149990546153e-01
2.541000381185126722e-01
1.746263095336952620e-01
5.783788240289279292e-01
2.011317868344147386e-01
1.122515245481752605e-01
5.885231521568982938e-02
3.290066768394710461e-01
2.664652082743729222e-01
1.142235087090828355e-01
7.735092836829482454e-02
1.898217096654065683e-01
5.354270921740859057e-01
2.584051636062765778e-01
1.903438389864799407e-01
8.086133314697516727e-01
5.127281650733086504e-01
5.373885621079252939e-01
4.917189841243007620e-01
4.396585497309856705e-01
9.589502609143543133e-01
2.532644136161714687e-01
1.514734942550367558e-01
5.543614458639249953e-01
9.870977545368475603e-01
2.101312510235738285e-01
3.098892885540107112e-01
6.944237910442736528e-01
5.258194497509196541e-01
8.237689027691386112e-01
8.961028337570606794e-01
7.067404074783685264e-01
