7.768920164382141225e-02
2.173630725275946252e-01
2.945376637030284739e-01
1.203956705117115028e-01
2.904824946239166761e-01
7.207252665331630448e-01
4.942305840862317723e-01
1.189901831659842535e-01
1.598487367549534244e-01
4.685335741355981520e-01
3.900024575727728537e-01
1.173521188522594627e-01
7.868560046444258993e-02
5.883668890709461419e-01
5.859520372226956209e-01
1.198296799402300272e-01
3.414243866854740905e-01
5.703996917325764304e-01
5.905679390042098964e-01
5.959930071614407687e-01
8.451603104859672921e-01
4.286545138408598410e-01
6.646827698822018737e-01
4.099518527036201121e-01
5.585550836908454997e-01
4.726955914273115456e-01
6.580788845706262435e-01
4.723518474233510123e-01
7.591580965938428405e-02
3.323470240780604379e-01
6.309347527587249038e-01
2.544759786551071823e-01
3.251392034366489270e-01
6.062665205465737062e-01
3.523704726630977335e-01
5.601447339860800012e-01
4.535077137218196386e-01
9.218346913039509039e-01
4.662458000815017933e-01
4.995703801211937023e-01
4.870206151942058637e-01
9.196023010773657358e-01
4.325222077412686494e-01
6.583466193993205984e-01
1.011395045042287610e-01
5.834132729394762018e-01
5.706367459113064200e-01
2.061927201413984445e-01
3.430083453049722481e-02
1.172905287539854069e-01
4.852126626721234293e-02
8.294406326497753834e-02
2.910910195081326535e-01
4.775913513006016520e-01
5.391320033729651851e-01
1.673843175405653194e-01
2.841936235639083153e-01
4.586457780077380364e-01
8.552738668800801136e-01
2.865452487228060119e-01
3.529940729723433229e-02
3.387641464367973643e-01
2.859790430552059948e-01
7.964845654682914389e-02
7.865818320048158230e-02
2.091474059347104286e-01
2.740821995612888751e-01
1.201122685852973743e-01
2.886641872010484722e-01
6.896676117857649668e-01
4.828920616605202332e-01
1.181730392211528258e-01
1.636121697577970768e-01
4.838001027093645767e-01
4.028285796456057555e-01
8.082594891747756083e-02
5.743904312612804208e-01
5.909660095955805437e-01
3.135099532061298433e-01
5.705170312377895181e-01
6.107324141411369922e-01
8.501208438661153055e-01
4.316469160702670060e-01
6.613894656879837353e-01
5.489785484421720874e-01
4.694651516576477390e-01
6.206560041137497430e-02
3.468673228203039138e-01
3.319427357233187825e-01
5.948077753294923609e-01
4.568575061021381556e-01
9.207193727475833089e-01
4.845004267574632983e-01
1.091730927675420015e-01
3.479719630871183633e-02
2.858355636886853457e-01
1.601073212140337043e-01
8.495599594045349923e-01
8.380532187600582272e-01
1.523092696632614151e-01
1.435723955632536297e-01
3.061772698095259759e-01
2.826337020668714395e-01
2.675638310066066339e-01
5.324920511114903388e-01
6.533721517807923318e-01
5.870187497311198932e-01
3.452165245319431808e-01
5.593405753477356246e-01
7.005744008970307135e-01
6.520515525035498472e-01
2.830071178317503655e-01
4.924057171355394891e-02
5.627592349370817981e-01
5.607774637100380044e-01
1.397665300492712537e-01
7.768920164382141225e-02
2.173630725275946252e-01
2.945376637030284739e-01
1.203956705117115028e-01
2.904824946239166761e-01
7.207252665331630448e-01
4.942305840862317723e-01
1.189901831659842535e-01
1.598487367549534244e-01
4.685335741355981520e-01
3.900024575727728537e-01
1.173521188522594627e-01
7.868560046444258993e-02
5.883668890709461419e-01
5.859520372226956209e-01
1.198296799402300272e-01
3.414243866854740905e-01
5.703996917325764304e-01
5.905679390042098964e-01
5.959930071614407687e-01
8.451603104859672921e-01
4.286545138408598410e-01
6.646827698822018737e-01
4.099518527036201121e-01
5.585550836908454997e-01
4.726955914273115456e-01
6.580788845706262435e-01
4.723518474233510123e-01
7.591580965938428405e-02
3.323470240780604379e-01
6.309347527587249038e-01
2.544759786551071823e-01
3.251392034366489270e-01
6.062665205465737062e-01
3.523704726630977335e-01
5.601447339860800012e-01
4.535077137218196386e-01
9.218346913039509039e-01
4.662458000815017933e-01
4.995703801211937023e-01
4.870206151942058637e-01
9.196023010773657358e-01
4.325222077412686494e-01
6.583466193993205984e-01
1.011395045042287610e-01
5.834132729394762018e-01
5.706367459113064200e-01
2.061927201413984445e-01
3.430083453049722481e-02
1.172905287539854069e-01
4.852126626721234293e-02
8.294406326497753834e-02
2.910910195081326535e-01
4.775913513006016520e-01
5.391320033729651851e-01
1.673843175405653194e-01
2.841936235639083153e-01
4.586457780077380364e-01
8.552738668800801136e-01
2.865452487228060119e-01
3.529940729723433229e-02
3.387641464367973643e-01
2.859790430552059948e-01
7.964845654682914389e-02
1.435733234436120664e-01
3.061696881319251329e-01
2.826435591312088658e-01
2.675651707808877067e-01
5.324933978351598096e-01
6.533696989432847824e-01
5.870179125451427948e-01
3.452235428202261591e-01
5.593372801284643980e-01
7.005734817641195988e-01
6.520503052794487386e-01
2.830062940098707625e-01
4.923937842868304771e-02
5.627654353072366611e-01
5.607852315140102739e-01
1.397674570810742423e-01
1.180929454078510077e-01
4.621669357933984035e-01
5.583844226785252829e-01
1.134828725594532878e-01
7.088933104211221359e-01
6.547577092549403677e-01
7.374199487014333476e-01
5.760529399566274300e-01
3.024044992656957920e-01
8.688904152037638662e-01
6.558863117651558827e-01
4.567515308488045989e-01
9.320490745513504427e-02
3.541347121468458869e-01
6.773732333457449517e-01
1.180429203850052317e-01
8.120980220350834666e-02
3.020745658649304222e-01
4.816134530224904786e-01
8.529623904173616600e-02
3.396083803802902867e-01
7.870717033947596253e-01
7.407856258168100672e-01
4.555778509363686002e-01
5.016672548937100018e-01
7.375407858378542070e-01
7.714688317166817910e-01
2.803812557852525256e-01
8.800740440156393229e-02
5.246848652004021396e-01
3.202457177597965998e-01
7.565478412745388348e-02
9.344613744485893991e-02
6.796550991225371874e-01
2.673993934255527449e-01
1.242537886785303192e-01
5.761508445787759669e-01
7.627181730345765631e-01
7.853549305361591237e-01
2.552596700306333233e-01
8.095839799717290397e-01
7.618324319337002049e-01
7.526613260796586324e-01
6.556365694393075927e-01
9.022359655756495567e-02
8.075747206679915191e-01
5.690608628044131478e-01
9.296568724053028143e-02
9.213398361258423597e-02
5.597322775682989082e-01
7.739121671985458306e-01
9.976267852692170812e-02
7.779322251442515324e-01
7.959279373838858973e-01
7.387130356346823801e-01
7.632028522715037511e-01
4.866629556905994747e-01
7.155403527352235393e-01
7.832189458799394544e-01
5.342592840608886284e-01
1.010414896962886222e-01
4.544371911417295351e-01
7.553672501910080328e-01
9.329714965155642969e-02
8.877196902819120550e-02
3.783519621971804803e-01
4.857698087824517952e-01
8.874185474229692727e-02
3.232401451509645529e-01
7.833931334291529547e-01
7.598974754798997200e-01
4.457176823612656325e-01
5.332849375836969941e-01
7.469205466819752726e-01
7.588973414990519695e-01
4.083534505875352494e-01
8.581158049633905160e-02
5.018012353039316142e-01
3.596774669191240559e-01
8.307357567564707668e-02
7.768920164382142612e-02
2.173630725275946807e-01
2.945376637030285849e-01
1.203956705117115028e-01
2.904824946239166761e-01
7.207252665331632668e-01
4.942305840862317723e-01
1.189901831659842535e-01
1.598487367549534244e-01
4.685335741355983186e-01
3.900024575727727427e-01
1.173521188522594905e-01
7.868560046444260381e-02
5.883668890709461419e-01
5.859520372226956209e-01
1.198296799402300272e-01
3.414243866854740905e-01
5.703996917325764304e-01
5.905679390042097854e-01
5.959930071614407687e-01
8.451603104859672921e-01
4.286545138408598965e-01
6.646827698822016517e-01
4.099518527036202231e-01
5.585550836908456107e-01
4.726955914273116011e-01
6.580788845706263546e-01
4.723518474233510123e-01
7.591580965938428405e-02
3.323470240780603824e-01
6.309347527587250148e-01
2.544759786551071268e-01
3.251392034366489825e-01
6.062665205465737062e-01
3.523704726630976225e-01
5.601447339860798902e-01
4.535077137218195831e-01
9.218346913039507928e-01
4.662458000815017378e-01
4.995703801211937023e-01
4.870206151942059192e-01
9.196023010773655137e-01
4.325222077412687050e-01
6.583466193993205984e-01
1.011395045042287888e-01
5.834132729394762018e-01
5.706367459113064200e-01
2.061927201413984445e-01
3.430083453049722481e-02
1.172905287539854069e-01
4.852126626721234293e-02
8.294406326497755222e-02
2.910910195081326535e-01
4.775913513006016520e-01
5.391320033729652961e-01
1.673843175405653194e-01
2.841936235639084263e-01
4.586457780077380364e-01
8.552738668800801136e-01
2.865452487228060674e-01
3.529940729723433229e-02
3.387641464367973643e-01
2.859790430552059948e-01
7.964845654682914389e-02
