1.210341090692283322e-01
2.012542391942890863e-01
3.099601213684864964e-01
9.533973157878751492e-02
2.521115453716988863e-01
5.727463033152574434e-01
4.456659226880655966e-01
0.000000000000000000e+00
2.005785654741629176e-01
5.369631694225414087e-01
2.981618041137137354e-01
0.000000000000000000e+00
5.960191061764860687e-02
8.194865462581918392e-01
4.396661094442317341e-01
9.504050237623985764e-02
2.755736730176235882e-01
4.237225002765011017e-01
5.929117247775134159e-01
4.464621402136217942e-01
4.212093021248792257e-01
4.403298486286087443e-01
7.522287303073261766e-01
3.120970202045586506e-01
6.872681914699687589e-01
6.714951302032583502e-01
7.557789327519467415e-01
4.444942971697789513e-01
1.008597520010297288e-02
2.824300840202980112e-01
5.765242680348061644e-01
2.809437259894898009e-01
3.790688353128724986e-01
5.401889841204789988e-01
2.662873280079593452e-01
8.132487293758706715e-01
6.064407959521561642e-01
8.960758429744546394e-01
6.658463275483792465e-01
5.567740016181268459e-01
3.382255826077284477e-01
8.947186788232799337e-01
4.458541369395145892e-01
5.459443066134395117e-01
0.000000000000000000e+00
5.409206934974510883e-01
4.257170430384468740e-01
1.923049137263342923e-01
2.149603396720238188e-02
0.000000000000000000e+00
6.372462228566633247e-03
5.879704384859385513e-02
2.625713658720724153e-01
3.347538124634085732e-01
6.903106256136543051e-01
1.980129462843427390e-01
2.641641608229186033e-01
6.014531177067294898e-01
4.116606203407929265e-01
2.286179526548794971e-01
2.134308590870865469e-02
3.693723737449214339e-01
2.533633014411469375e-01
1.214591609441576375e-01
1.212443254258637332e-01
1.941000199590678377e-01
2.951443732418759236e-01
9.518990199378328521e-02
2.406888263992928156e-01
5.594018786065920734e-01
4.446916620655293473e-01
0.000000000000000000e+00
1.992972394282482296e-01
5.467078137626956158e-01
3.073071008067903009e-01
5.919737606498580440e-02
8.163973922152771845e-01
4.430597169075417563e-01
2.643916710796895275e-01
4.247097794802112691e-01
5.847256820034828495e-01
4.165258304675756307e-01
4.441701783273503956e-01
7.539991875532593424e-01
6.890049465443482957e-01
6.686658732910701897e-01
7.910156049532976463e-03
2.782830165496274488e-01
3.742269662978396916e-01
5.405558672640840001e-01
6.049731614182196626e-01
8.953977937947834587e-01
3.380373319937720611e-01
0.000000000000000000e+00
2.142000788996769461e-02
2.614900151132226735e-01
1.296569925305138815e-01
8.775210704672385953e-01
8.700532031019228008e-01
1.228238426294043784e-01
1.552893404509598507e-01
7.367329683740941881e-02
2.018145822467583006e-01
2.630701728969536690e-01
3.555254262470182169e-01
6.018809190137707210e-01
7.221972439136653543e-01
2.469991674485154665e-01
6.020296807089171587e-01
8.328460534563278950e-01
6.046301897157011496e-01
8.264270173077448156e-02
1.244069042298308336e-02
6.202421707011953611e-01
3.550657700233426084e-01
1.526966310133884286e-01
1.210341090692283322e-01
2.012542391942890863e-01
3.099601213684864964e-01
9.533973157878751492e-02
2.521115453716988863e-01
5.727463033152574434e-01
4.456659226880655966e-01
0.000000000000000000e+00
2.005785654741629176e-01
5.369631694225414087e-01
2.981618041137137354e-01
0.000000000000000000e+00
5.960191061764860687e-02
8.194865462581918392e-01
4.396661094442317341e-01
9.504050237623985764e-02
2.755736730176235882e-01
4.237225002765011017e-01
5.929117247775134159e-01
4.464621402136217942e-01
4.212093021248792257e-01
4.403298486286087443e-01
7.522287303073261766e-01
3.120970202045586506e-01
6.872681914699687589e-01
6.714951302032583502e-01
7.557789327519467415e-01
4.444942971697789513e-01
1.008597520010297288e-02
2.824300840202980112e-01
5.765242680348061644e-01
2.809437259894898009e-01
3.790688353128724986e-01
5.401889841204789988e-01
2.662873280079593452e-01
8.132487293758706715e-01
6.064407959521561642e-01
8.960758429744546394e-01
6.658463275483792465e-01
5.567740016181268459e-01
3.382255826077284477e-01
8.947186788232799337e-01
4.458541369395145892e-01
5.459443066134395117e-01
0.000000000000000000e+00
5.409206934974510883e-01
4.257170430384468740e-01
1.923049137263342923e-01
2.149603396720238188e-02
0.000000000000000000e+00
6.372462228566633247e-03
5.879704384859385513e-02
2.625713658720724153e-01
3.347538124634085732e-01
6.903106256136543051e-01
1.980129462843427390e-01
2.641641608229186033e-01
6.014531177067294898e-01
4.116606203407929265e-01
2.286179526548794971e-01
2.134308590870865469e-02
3.693723737449214339e-01
2.533633014411469375e-01
1.214591609441576375e-01
1.552893404509598507e-01
7.367329683740941881e-02
2.018307024399383920e-01
2.630697734337750227e-01
3.555251090733084762e-01
6.018784017628872052e-01
7.221972439136653543e-01
2.469995409732381741e-01
6.020296807089171587e-01
8.328460534563278950e-01
6.046301897157011496e-01
8.264258149900505224e-02
1.244069042298308336e-02
6.202421707011953611e-01
3.550657700233426084e-01
1.526966310133884286e-01
1.363632183957865507e-01
5.545674386028303093e-01
3.668521041604333455e-01
6.703804442464349200e-02
5.042513409608579966e-01
7.504057353183840595e-01
8.011371822386543773e-01
4.017790834377505949e-01
2.683054502999968616e-01
8.307608499216038167e-01
7.470353956467251644e-01
5.831089508201352523e-01
7.635090141608036340e-02
2.907773062529603880e-01
5.277145098531124123e-01
1.291127785085221524e-01
4.215430917956011769e-02
3.180323452726088185e-01
4.585199278706313386e-01
6.508592342162916600e-02
4.545179084008212911e-01
7.882291673127272968e-01
7.816961619429391162e-01
4.201123727421893772e-01
4.802795906396144510e-01
7.975618279940670519e-01
7.780687442648110963e-01
2.949672368209173001e-01
4.884764897419027752e-02
4.926782987221984822e-01
4.355018658561442546e-01
4.200301612233911519e-02
6.946395006635136538e-02
5.933175730914723722e-01
3.166259190279103741e-01
9.679210728397696917e-02
5.529672357008954542e-01
7.904989370491358747e-01
8.125599507712517600e-01
2.851950245930772176e-01
7.108178422045896561e-01
8.433791698293429118e-01
7.804683556123238608e-01
6.023598840991168935e-01
8.257883347559777376e-02
7.098308166969540256e-01
5.686503102565709789e-01
6.812974428009996308e-02
7.509266482524118436e-02
6.092542906782090206e-01
6.376160613557941836e-01
7.588065062068856392e-02
5.756561308330203630e-01
8.545802592000101283e-01
8.099245828867429609e-01
6.515975120731889447e-01
5.804493353875712636e-01
6.917218183923280472e-01
8.484206395684673607e-01
6.048880085960841591e-01
8.105566180961373823e-02
5.532919583052890999e-01
5.722558851907368904e-01
7.335535310944414633e-02
5.027122519310320281e-02
4.139596439855066645e-01
5.078615932523098397e-01
5.538093978880823109e-02
3.205908864075766029e-01
8.133618047313396771e-01
7.831397591046949103e-01
4.583470801952171936e-01
5.707226060370276244e-01
7.617477739289582050e-01
7.975022377596617806e-01
4.207875267262659591e-01
5.736227296538340403e-02
5.187124097184396820e-01
3.425869604005071789e-01
5.321346280580799282e-02
1.210341090692283600e-01
2.012542391942890863e-01
3.099601213684863854e-01
9.533973157878751492e-02
2.521115453716988863e-01
5.727463033152575544e-01
4.456659226880655966e-01
0.000000000000000000e+00
2.005785654741629176e-01
5.369631694225416307e-01
2.981618041137137354e-01
0.000000000000000000e+00
5.960191061764862075e-02
8.194865462581917281e-01
4.396661094442316786e-01
9.504050237623985764e-02
2.755736730176235327e-01
4.237225002765011017e-01
5.929117247775133048e-01
4.464621402136219053e-01
4.212093021248792257e-01
4.403298486286087998e-01
7.522287303073259546e-01
3.120970202045587616e-01
6.872681914699688699e-01
6.714951302032583502e-01
7.557789327519468525e-01
4.444942971697789513e-01
1.008597520010294513e-02
2.824300840202980112e-01
5.765242680348063864e-01
2.809437259894898009e-01
3.790688353128724430e-01
5.401889841204791098e-01
2.662873280079592897e-01
8.132487293758704494e-01
6.064407959521560532e-01
8.960758429744546394e-01
6.658463275483791355e-01
5.567740016181268459e-01
3.382255826077285032e-01
8.947186788232797117e-01
4.458541369395144782e-01
5.459443066134394007e-01
0.000000000000000000e+00
5.409206934974511993e-01
4.257170430384467630e-01
1.923049137263342923e-01
2.149603396720237841e-02
0.000000000000000000e+00
6.372462228566605491e-03
5.879704384859386901e-02
2.625713658720723043e-01
3.347538124634085177e-01
6.903106256136544161e-01
1.980129462843426835e-01
2.641641608229184923e-01
6.014531177067297119e-01
4.116606203407930376e-01
2.286179526548795804e-01
2.134308590870865469e-02
3.693723737449214339e-01
2.533633014411469375e-01
1.214591609441576375e-01
