6.253042523307322798e-01
8.560130492609236974e-01
6.759459388674219360e-01
5.793753723386448895e-01
7.560818140251592823e-01
2.381878910501473712e-01
3.384162658111842803e-01
7.799577007227882497e-01
4.791251243442662955e-01
3.414020774291587346e-01
7.106669626461117883e-02
7.831925131238887117e-01
4.392514150047999166e-01
5.809665330575762843e-01
6.534236586265922409e-01
5.733504537655892408e-01
7.587681288847469840e-01
2.944310203945006976e-01
2.200603635942600667e-01
6.761986681987135483e-01
3.424714028418122669e-01
8.116666033067945762e-02
1.391503208465717512e-01
8.837854925191093725e-02
2.602493932765252427e-01
1.331623924273414861e-01
1.360468974329473724e-01
3.341390976523087586e-01
5.780176937195534714e-01
1.403556479606593577e-01
1.999472663121220350e-01
6.517545605859322855e-01
8.358374007259760097e-01
1.873859894800241899e-01
1.157648761010569571e-01
5.674539018517334998e-01
2.977728487052679895e-01
1.414952446271704189e-01
1.289675336621481372e-01
3.487321599578840914e-01
2.996116719875875911e-01
1.366757415271541432e-01
7.742394937166907631e-02
1.926741481527478594e-01
7.353139498617797809e-01
1.960694924485272828e-01
2.684830225291917061e-01
8.374620540119213086e-01
4.927395561584209660e-01
7.388579268575093950e-01
5.892100295639687291e-01
4.253288919293914949e-01
5.654569813255199140e-01
3.094224274800111973e-01
2.598148399839824152e-01
4.981719669901466530e-01
5.469066091451039169e-01
2.913955286508805309e-01
3.119067655461932875e-01
7.539415358770147346e-01
4.884342693821415726e-01
8.564162041692773286e-01
7.311019180391388206e-01
6.346346694650121245e-01
6.299187627270999013e-01
8.462194345447977550e-01
6.635938405873734736e-01
5.763585843988334734e-01
7.553247318572430258e-01
2.155270899889076830e-01
3.358078898976509796e-01
7.815713781248763148e-01
4.886375319811589457e-01
3.450076325376576492e-01
8.026570818329917256e-02
4.322538076233169990e-01
5.742746727308887245e-01
6.647963914884011949e-01
7.448393379041164941e-01
2.815870146609041891e-01
2.100132478486705923e-01
3.274799500186207357e-01
7.952229002604888075e-02
1.376026686899528839e-01
2.601108242777090962e-01
1.310613572377291591e-01
5.834004839044178992e-01
1.300568969649064099e-01
8.461133008633936470e-01
1.917399460737883310e-01
2.950821610938803019e-01
1.390873854742748772e-01
3.059870079073377935e-01
7.370767391163852711e-01
4.905995220305320315e-01
5.550715283488560914e-01
7.072627162847929805e-01
2.992417195346316339e-01
2.810680189773996362e-01
7.124812167061550516e-01
6.812519775594728655e-01
4.873746517783792420e-01
3.754540098254044445e-01
6.626448863092903041e-01
4.751183711077500149e-01
1.600148589213837291e-01
2.038334387929719715e-01
4.262473382786460263e-01
4.068208829747934629e-01
2.015548162929883536e-01
1.486401988047544309e-01
4.868391298276422141e-01
5.482930350556414201e-01
4.499552060836879974e-01
4.641327736880682675e-01
6.886462515961431219e-01
6.253042523307322798e-01
8.560130492609236974e-01
6.759459388674219360e-01
5.793753723386448895e-01
7.560818140251592823e-01
2.381878910501473712e-01
3.384162658111842803e-01
7.799577007227882497e-01
4.791251243442662955e-01
3.414020774291587346e-01
7.106669626461117883e-02
7.831925131238887117e-01
4.392514150047999166e-01
5.809665330575762843e-01
6.534236586265922409e-01
5.733504537655892408e-01
7.587681288847469840e-01
2.944310203945006976e-01
2.200603635942600667e-01
6.761986681987135483e-01
3.424714028418122669e-01
8.116666033067945762e-02
1.391503208465717512e-01
8.837854925191093725e-02
2.602493932765252427e-01
1.331623924273414861e-01
1.360468974329473724e-01
3.341390976523087586e-01
5.780176937195534714e-01
1.403556479606593577e-01
1.999472663121220350e-01
6.517545605859322855e-01
8.358374007259760097e-01
1.873859894800241899e-01
1.157648761010569571e-01
5.674539018517334998e-01
2.977728487052679895e-01
1.414952446271704189e-01
1.289675336621481372e-01
3.487321599578840914e-01
2.996116719875875911e-01
1.366757415271541432e-01
7.742394937166907631e-02
1.926741481527478594e-01
7.353139498617797809e-01
1.960694924485272828e-01
2.684830225291917061e-01
8.374620540119213086e-01
4.927395561584209660e-01
7.388579268575093950e-01
5.892100295639687291e-01
4.253288919293914949e-01
5.654569813255199140e-01
3.094224274800111973e-01
2.598148399839824152e-01
4.981719669901466530e-01
5.469066091451039169e-01
2.913955286508805309e-01
3.119067655461932875e-01
7.539415358770147346e-01
4.884342693821415726e-01
8.564162041692773286e-01
7.311019180391388206e-01
6.346346694650121245e-01
6.812519775594728655e-01
4.873746517783792420e-01
3.754839996859051787e-01
6.626447034412057402e-01
4.751179472419864158e-01
1.600141896900918737e-01
2.038334387929719715e-01
4.262479828715828312e-01
4.068208829747934629e-01
2.015548162929883536e-01
1.486401988047544309e-01
4.868384215554206751e-01
5.482930350556414201e-01
4.499552060836879974e-01
4.641327736880682675e-01
6.886462515961431219e-01
6.638516280585609053e-01
4.296509910837043034e-01
4.123563886125007905e-01
6.318590539027651998e-01
6.116825380622328279e-01
1.939551952479436903e-01
1.747502094663457572e-01
4.712864473148754563e-01
7.155913301143430605e-01
1.695284329587943284e-01
1.809466387866016657e-01
4.257569292881733247e-01
5.288845008508615830e-01
7.594205960412307999e-01
6.237571265765082806e-01
6.514970201724507026e-01
6.077664373942236464e-01
5.355996074905007287e-01
6.275046405550193107e-01
5.712409304628266460e-01
6.091713920339305588e-01
1.815763906823685270e-01
1.656745202940635708e-01
6.238916684870081664e-01
7.252489738079099801e-01
1.375153404861859663e-01
1.613276329721281821e-01
4.990416881684911488e-01
5.450488598340527124e-01
7.672458065491500889e-01
5.889782339083426965e-01
6.128720928158304382e-01
6.389233705241893491e-01
4.700275555733890442e-01
7.530599393717558598e-01
6.003723536080911583e-01
5.399503174100819258e-01
2.011676061590702003e-01
1.778777267083301028e-01
7.853968684161669600e-01
5.595090975670999889e-01
2.046755832779111328e-01
1.862128667276715388e-01
4.438263754411733153e-01
6.106869768874889637e-01
5.972148878456582377e-01
5.307376323472490220e-01
6.485920820573602974e-01
6.261405253870995224e-01
6.160916250107346670e-01
6.153981056705042363e-01
6.155236132835147922e-01
6.618285161346357803e-01
1.862402386337239091e-01
1.870318827322891009e-01
6.587639218247454131e-01
7.945440703933628335e-01
1.798255051517205216e-01
1.713227304956344565e-01
5.914925442065870342e-01
5.870861835610305945e-01
8.039857704721637965e-01
6.435720763040166936e-01
6.365352896041748254e-01
5.784191747572245967e-01
7.246209616147305521e-01
8.094450301325741837e-01
5.748427936579882935e-01
6.739171894390487694e-01
1.695411474613833791e-01
1.548560499768776855e-01
7.827876369558113279e-01
7.685064291919756485e-01
1.612097718958159231e-01
1.473456109279233095e-01
7.425695169294890263e-01
5.813615134794904993e-01
7.569410876053452863e-01
7.148266948689661060e-01
5.876103864219518469e-01
6.253042523307322798e-01
8.560130492609238084e-01
6.759459388674220470e-01
5.793753723386447785e-01
7.560818140251592823e-01
2.381878910501474822e-01
3.384162658111843358e-01
7.799577007227882497e-01
4.791251243442664065e-01
3.414020774291587901e-01
7.106669626461117883e-02
7.831925131238888227e-01
4.392514150047999166e-01
5.809665330575761732e-01
6.534236586265921298e-01
5.733504537655892408e-01
7.587681288847469840e-01
2.944310203945006976e-01
2.200603635942600111e-01
6.761986681987135483e-01
3.424714028418122669e-01
8.116666033067945762e-02
1.391503208465716956e-01
8.837854925191093725e-02
2.602493932765252427e-01
1.331623924273414861e-01
1.360468974329474001e-01
3.341390976523087586e-01
5.780176937195534714e-01
1.403556479606593299e-01
1.999472663121220350e-01
6.517545605859323965e-01
8.358374007259758987e-01
1.873859894800242176e-01
1.157648761010569294e-01
5.674539018517333888e-01
2.977728487052680451e-01
1.414952446271704189e-01
1.289675336621481094e-01
3.487321599578840914e-01
2.996116719875876466e-01
1.366757415271541154e-01
7.742394937166907631e-02
1.926741481527479705e-01
7.353139498617798919e-01
1.960694924485273383e-01
2.684830225291917061e-01
8.374620540119213086e-01
4.927395561584209660e-01
7.388579268575092840e-01
5.892100295639688401e-01
4.253288919293914949e-01
5.654569813255199140e-01
3.094224274800111973e-01
2.598148399839824152e-01
4.981719669901467085e-01
5.469066091451038059e-01
2.913955286508805309e-01
3.119067655461932875e-01
7.539415358770148456e-01
4.884342693821415171e-01
8.564162041692773286e-01
7.311019180391388206e-01
6.346346694650121245e-01
