7.040723316227337492e-02
3.229181467787623494e-01
2.464807350034629863e-01
8.066158403900566820e-02
3.741047035809647592e-01
4.982610239058062884e-01
7.764477746072396824e-01
1.734291135789023386e-01
1.150569511545422308e-01
6.649533402647800351e-01
2.346111219541607562e-01
1.689314628346600122e-01
4.769990734203907040e-02
5.003180987904908283e-01
5.037747162915506838e-01
8.219213565251558273e-02
3.355894948378296272e-01
7.764669372450390128e-01
6.377233904020830346e-01
5.043557725710730022e-01
5.605210313688124835e-01
2.525817633043192512e-01
6.219049963954639271e-01
2.456671226242992112e-01
6.301509182103564033e-01
6.661532456324813500e-01
6.243511071197166418e-01
7.787155838093071658e-01
4.280967088884078675e-02
3.116401198498323644e-01
6.254277169196674757e-01
2.403062879361748949e-01
2.961205965905170379e-01
5.390043712894662109e-01
3.101616007796053065e-01
4.973764421673346758e-01
8.426644175132839143e-01
8.225102341899054315e-01
6.653062512257739147e-01
6.901360598596423257e-01
2.791108238489159454e-01
8.219545266437588982e-01
2.604595893247091398e-01
4.918078614135530380e-01
2.386626363725361522e-01
5.508057141189121042e-01
7.931438319765042877e-01
3.380041382489706314e-01
1.883218650773139241e-02
2.327930144741499896e-01
4.717533676621210592e-02
4.773630566090778654e-02
2.299878406733020242e-01
2.824685221706894067e-01
6.282878269140558247e-01
1.166951883943399548e-01
2.234989499227518772e-01
8.513147721529461531e-01
5.665547447303724837e-01
3.861991876955030434e-01
1.924178681697556390e-02
3.060251616247056661e-01
3.345349240287582293e-01
7.500886527385476621e-02
7.268304558454297126e-02
3.282366936785461875e-01
2.433280673004220296e-01
8.142795948340508794e-02
3.801799918058431649e-01
4.950480639920840087e-01
7.774309169174981049e-01
1.711854726907940105e-01
1.158751224767200494e-01
6.773403335797023583e-01
2.418528111686213955e-01
4.771820152215353744e-02
4.988613021865308528e-01
5.040648675568556447e-01
3.350585621251498392e-01
7.847218373980834327e-01
6.315813202417843719e-01
5.634804687190294592e-01
2.571112114895147682e-01
6.231248520300827209e-01
6.294084625863903826e-01
6.657290203716302868e-01
4.463580456209588487e-02
3.151852754342658325e-01
3.010663808036906364e-01
5.449216300977965943e-01
8.484389789713288055e-01
8.222325986176159951e-01
2.821146254071997816e-01
2.357430614363724697e-01
1.903578703102426495e-02
2.247811011278373350e-01
1.437187906718521146e-01
8.554573139060953624e-01
8.538580093868120002e-01
1.471377155355669819e-01
1.304629390327673444e-01
5.097083869753442631e-01
2.496931765888612542e-01
2.079248237572590974e-01
6.163588307877128081e-01
4.851943458703212864e-01
7.172088390356696763e-01
2.959118653665657739e-01
4.521138514661142693e-01
8.680866120781599582e-01
4.904704516552992888e-01
5.580055351914259276e-01
4.297012094928952253e-02
4.778573978681857071e-01
6.655271585469777484e-01
1.362378539903571495e-01
7.040723316227337492e-02
3.229181467787623494e-01
2.464807350034629863e-01
8.066158403900566820e-02
3.741047035809647592e-01
4.982610239058062884e-01
7.764477746072396824e-01
1.734291135789023386e-01
1.150569511545422308e-01
6.649533402647800351e-01
2.346111219541607562e-01
1.689314628346600122e-01
4.769990734203907040e-02
5.003180987904908283e-01
5.037747162915506838e-01
8.219213565251558273e-02
3.355894948378296272e-01
7.764669372450390128e-01
6.377233904020830346e-01
5.043557725710730022e-01
5.605210313688124835e-01
2.525817633043192512e-01
6.219049963954639271e-01
2.456671226242992112e-01
6.301509182103564033e-01
6.661532456324813500e-01
6.243511071197166418e-01
7.787155838093071658e-01
4.280967088884078675e-02
3.116401198498323644e-01
6.254277169196674757e-01
2.403062879361748949e-01
2.961205965905170379e-01
5.390043712894662109e-01
3.101616007796053065e-01
4.973764421673346758e-01
8.426644175132839143e-01
8.225102341899054315e-01
6.653062512257739147e-01
6.901360598596423257e-01
2.791108238489159454e-01
8.219545266437588982e-01
2.604595893247091398e-01
4.918078614135530380e-01
2.386626363725361522e-01
5.508057141189121042e-01
7.931438319765042877e-01
3.380041382489706314e-01
1.883218650773139241e-02
2.327930144741499896e-01
4.717533676621210592e-02
4.773630566090778654e-02
2.299878406733020242e-01
2.824685221706894067e-01
6.282878269140558247e-01
1.166951883943399548e-01
2.234989499227518772e-01
8.513147721529461531e-01
5.665547447303724837e-01
3.861991876955030434e-01
1.924178681697556390e-02
3.060251616247056661e-01
3.345349240287582293e-01
7.500886527385476621e-02
1.304629390327673444e-01
5.097083869753442631e-01
2.497131211448866406e-01
2.079243944017682699e-01
6.163582809175700561e-01
4.851923166385293529e-01
7.172088390356696763e-01
2.959123128595615437e-01
4.521138514661142693e-01
8.680866120781599582e-01
4.904704516552992888e-01
5.580047233835909726e-01
4.297012094928952253e-02
4.778573978681857071e-01
6.655271585469777484e-01
1.362378539903571495e-01
1.064588690161076545e-01
4.769454395682115599e-01
5.491568010636656005e-01
9.370993235955189793e-02
5.889502610037815611e-01
7.225820780760695561e-01
7.148137283462276947e-01
5.978130743418765825e-01
4.831338153012516567e-01
7.811084034275491694e-01
7.297288741536407386e-01
5.337302586693222217e-01
6.534007343253692146e-02
5.284191751597162590e-01
6.406112672885069248e-01
1.069803669422038500e-01
6.345386012655176988e-02
3.770984401659276397e-01
4.191836828840456164e-01
6.575889197704742895e-02
3.829189298679893660e-01
7.686590999492159959e-01
7.742682325805013699e-01
4.096006649391148446e-01
3.981145607057250402e-01
7.704789429987876082e-01
7.685193038830225865e-01
3.855607925656956425e-01
8.774727431917209164e-02
4.402407259223966030e-01
4.015733256248708027e-01
6.914836821112566034e-02
9.290541189310477788e-02
6.104067984695480398e-01
2.932976440336108048e-01
9.989898497078475437e-02
5.546092875568753300e-01
8.010632606130915212e-01
7.570275982446275087e-01
3.111646982797666716e-01
6.966790747816933305e-01
7.726882549823603785e-01
8.035411578608993022e-01
6.496801491615427082e-01
8.738243199605669198e-02
7.199343377858811177e-01
6.186976376186130722e-01
9.751924787812674134e-02
9.038454744235419058e-02
5.052129300080654417e-01
7.288463977564476615e-01
8.739793333031438405e-02
6.675378646732323951e-01
7.867856462547987428e-01
7.906145248336142739e-01
7.509600888300216326e-01
4.604326042178810141e-01
7.416287321001138189e-01
7.896626564680251370e-01
5.435666379547514637e-01
9.571830987296517379e-02
4.632911365609202470e-01
6.990129046833888360e-01
9.733383032986016314e-02
7.390552180116141678e-02
3.927953715378007526e-01
4.444050384839763890e-01
7.490344765447623510e-02
3.687647992943765551e-01
7.466792575081955263e-01
8.019287707247391150e-01
4.455873654039510523e-01
4.245049371350644307e-01
8.102182041664611756e-01
7.442140340402397802e-01
4.327203311626344195e-01
7.744426817896490900e-02
4.226813901000403551e-01
4.280387327575889689e-01
8.212786078602038464e-02
7.040723316227337492e-02
3.229181467787624049e-01
2.464807350034630418e-01
8.066158403900566820e-02
3.741047035809647592e-01
4.982610239058063994e-01
7.764477746072397935e-01
1.734291135789023386e-01
1.150569511545422863e-01
6.649533402647802571e-01
2.346111219541607285e-01
1.689314628346600400e-01
4.769990734203907040e-02
5.003180987904907173e-01
5.037747162915505728e-01
8.219213565251559661e-02
3.355894948378295717e-01
7.764669372450390128e-01
6.377233904020829236e-01
5.043557725710730022e-01
5.605210313688124835e-01
2.525817633043192512e-01
6.219049963954638161e-01
2.456671226242992667e-01
6.301509182103562923e-01
6.661532456324813500e-01
6.243511071197167528e-01
7.787155838093071658e-01
4.280967088884081451e-02
3.116401198498323089e-01
6.254277169196675867e-01
2.403062879361749227e-01
2.961205965905169823e-01
5.390043712894662109e-01
3.101616007796053065e-01
4.973764421673346758e-01
8.426644175132838033e-01
8.225102341899054315e-01
6.653062512257738037e-01
6.901360598596423257e-01
2.791108238489159454e-01
8.219545266437586761e-01
2.604595893247091398e-01
4.918078614135529270e-01
2.386626363725362077e-01
5.508057141189122152e-01
7.931438319765040657e-01
3.380041382489707424e-01
1.883218650773139241e-02
2.327930144741499896e-01
4.717533676621210592e-02
4.773630566090780042e-02
2.299878406733019132e-01
2.824685221706894067e-01
6.282878269140558247e-01
1.166951883943400103e-01
2.234989499227517662e-01
8.513147721529459311e-01
5.665547447303727058e-01
3.861991876955030989e-01
1.924178681697556736e-02
3.060251616247056661e-01
3.345349240287582293e-01
7.500886527385476621e-02
