7.717248388273936222e-01
7.191390956230705456e-01
8.361137210525344532e-01
4.993436567362450895e-01
5.279066933677056817e-01
2.190857686223570688e-01
2.711773474486947610e-01
4.335340991199511662e-01
4.910496050124888989e-01
5.728392610448597155e-01
1.983277958898296001e-01
4.114855365043733615e-01
3.473169618436721673e-01
5.969036512466395772e-01
6.291231436875110994e-01
4.943914783654538847e-01
7.911127688200640939e-01
3.169463809194599802e-01
1.938466711650643770e-02
6.364725781027447127e-01
3.134473459686417107e-01
2.341004596449280939e-01
8.646958044153567335e-02
2.108615236335907583e-01
1.564130441063347754e-01
2.060261060514915199e-01
8.540186606599538266e-02
2.663462160097271880e-01
7.230742189256357255e-01
2.553004646641909847e-01
4.657824595238474474e-03
8.378766550418084158e-01
5.071881295425052505e-01
8.384772330804626805e-02
2.269465474593089227e-01
5.846165456886545098e-01
2.457852166486012013e-01
2.301282926686743779e-01
2.011242241587229140e-01
6.013972837395369364e-01
1.863536369076214116e-01
2.310012379104126601e-01
2.464091262524959747e-01
1.978653668946185329e-01
3.129575502891733252e-01
9.361165550049721507e-02
2.983935262805548772e-01
7.113048584067458435e-01
5.421238978246788465e-01
3.106567949981421384e-01
7.352056579780624768e-01
3.401989969873671082e-01
6.415795190842235041e-01
1.917084442039965198e-01
1.598510256821889797e-01
5.463554089113016321e-01
6.119477131209963838e-01
2.394327734715698264e-01
3.090901790633515112e-01
5.336833324386738298e-01
5.425776339013974603e-01
5.600549132339138758e-01
7.683037859677049886e-01
8.035716265962150606e-01
7.874751885850930222e-01
7.142700624118518693e-01
8.370138737285567343e-01
4.968640096167619702e-01
5.309434717227422551e-01
2.085203597726412728e-01
2.682439870226521750e-01
4.225352333961832629e-01
5.186705268184101936e-01
5.868865141572097155e-01
2.060487974600088701e-01
3.437393974072666669e-01
5.908187079842388556e-01
6.327930940348494016e-01
7.796293909045181048e-01
3.077628989185128283e-01
1.202815263727452511e-02
3.113102271318743952e-01
2.407724165902563884e-01
8.593711991787543469e-02
1.581861250666276586e-01
2.035709515567833972e-01
7.289709226117807583e-01
2.447094129400986251e-01
5.335868359248343573e-01
8.874341311256261911e-02
2.430183892340307406e-01
2.305644225241129386e-01
1.899395887895505564e-01
3.118131448064645483e-01
5.423494369675257998e-01
6.258450716170207428e-01
6.730935366186411306e-01
3.238487615182543689e-01
3.097028868044452432e-01
6.935790990581015558e-01
7.294682136428984887e-01
8.099905649179661715e-02
5.053641407869700064e-01
5.815906673502752033e-01
3.587775943484183827e-01
2.231025300464212768e-01
1.844631523709056031e-01
5.857094640631581584e-01
2.650869131604216555e-01
3.015376504980389338e-01
2.239710905940640595e-01
8.852463369430108031e-02
5.006696232802320123e-01
3.320329908618635528e-01
3.560914478467516187e-01
7.532080500174130888e-01
7.717248388273936222e-01
7.191390956230705456e-01
8.361137210525344532e-01
4.993436567362450895e-01
5.279066933677056817e-01
2.190857686223570688e-01
2.711773474486947610e-01
4.335340991199511662e-01
4.910496050124888989e-01
5.728392610448597155e-01
1.983277958898296001e-01
4.114855365043733615e-01
3.473169618436721673e-01
5.969036512466395772e-01
6.291231436875110994e-01
4.943914783654538847e-01
7.911127688200640939e-01
3.169463809194599802e-01
1.938466711650643770e-02
6.364725781027447127e-01
3.134473459686417107e-01
2.341004596449280939e-01
8.646958044153567335e-02
2.108615236335907583e-01
1.564130441063347754e-01
2.060261060514915199e-01
8.540186606599538266e-02
2.663462160097271880e-01
7.230742189256357255e-01
2.553004646641909847e-01
4.657824595238474474e-03
8.378766550418084158e-01
5.071881295425052505e-01
8.384772330804626805e-02
2.269465474593089227e-01
5.846165456886545098e-01
2.457852166486012013e-01
2.301282926686743779e-01
2.011242241587229140e-01
6.013972837395369364e-01
1.863536369076214116e-01
2.310012379104126601e-01
2.464091262524959747e-01
1.978653668946185329e-01
3.129575502891733252e-01
9.361165550049721507e-02
2.983935262805548772e-01
7.113048584067458435e-01
5.421238978246788465e-01
3.106567949981421384e-01
7.352056579780624768e-01
3.401989969873671082e-01
6.415795190842235041e-01
1.917084442039965198e-01
1.598510256821889797e-01
5.463554089113016321e-01
6.119477131209963838e-01
2.394327734715698264e-01
3.090901790633515112e-01
5.336833324386738298e-01
5.425776339013974603e-01
5.600549132339138758e-01
7.683037859677049886e-01
8.035716265962150606e-01
7.294682136428984887e-01
8.099905649179661715e-02
5.054045073823125733e-01
5.815904405456110426e-01
3.587772742733630338e-01
2.231015969631100770e-01
1.844631523709056031e-01
5.857103498028444211e-01
2.650869131604216555e-01
3.015376504980389338e-01
2.239710905940640595e-01
8.852450490527163929e-02
5.006696232802320123e-01
3.320329908618635528e-01
3.560914478467516187e-01
7.532080500174130888e-01
6.833278208551912813e-01
5.204030422413545853e-01
5.842118676129735011e-01
4.876693044008421074e-01
5.698080846614528294e-01
3.402379688927980594e-01
6.074753249843586889e-02
6.525430804554566144e-01
9.612511893844377653e-02
1.949706016306431144e-01
3.328110446856667459e-01
5.573021160454096901e-01
5.882949096965970348e-01
1.645035709264377477e-01
6.042098980558630039e-01
6.910056462060858440e-01
5.271018342942765944e-01
1.000000000000000000e+00
1.000000000000000000e+00
3.860974991971271031e-01
7.054284989304462350e-01
1.432072669268964482e-01
1.513467208028748956e-01
9.999999999999997780e-01
4.714881935498840271e-01
1.634117740249840800e-01
1.289877478432788493e-01
9.999999999999997780e-01
5.979197368358398768e-01
5.570740570000105585e-01
7.074432913289194769e-01
5.491111460137376721e-01
5.440687816955055434e-01
9.523594157828796369e-01
5.177481926583524796e-01
5.819068000080747094e-01
7.238786860475596718e-01
2.588078461220941762e-01
1.733492589784190463e-01
5.632079469710657982e-01
3.541743056266553058e-01
1.352450842454960278e-01
2.462322722586115786e-01
1.000000000000000000e+00
6.537121979340351219e-01
4.223752492149486226e-01
7.893448248757706232e-01
5.681841107569840510e-01
5.538023920349000040e-01
8.619253172786436323e-01
5.856525918949255782e-01
5.894325310480617031e-01
8.420081820206797296e-01
2.179199318717192080e-01
1.747250264248797480e-01
6.325628205496722778e-01
6.084207145552276153e-01
1.829210504369887524e-01
2.061214775822649004e-01
9.353599465630249021e-01
5.924815825268825442e-01
6.489913808263692019e-01
8.593060337655855641e-01
5.822798695891013843e-01
5.086060198902516705e-01
8.373793192903586924e-01
7.860058517659520572e-01
5.586660475207463339e-01
7.840032247590249526e-01
1.844791616791115474e-01
1.664704588657157092e-01
7.792396547531310613e-01
9.506162620917666395e-01
1.365215853968709814e-01
1.640294472829635919e-01
9.173504532166352199e-01
5.283137289029472550e-01
9.566999262583213426e-01
8.848795929283530537e-01
5.353320093783633382e-01
7.717248388273936222e-01
7.191390956230704345e-01
8.361137210525346752e-01
4.993436567362450895e-01
5.279066933677056817e-01
2.190857686223570688e-01
2.711773474486947610e-01
4.335340991199511662e-01
4.910496050124888989e-01
5.728392610448598266e-01
1.983277958898295723e-01
4.114855365043734725e-01
3.473169618436722228e-01
5.969036512466396882e-01
6.291231436875112104e-01
4.943914783654538847e-01
7.911127688200638719e-01
3.169463809194599802e-01
1.938466711650643770e-02
6.364725781027449347e-01
3.134473459686417107e-01
2.341004596449280939e-01
8.646958044153565948e-02
2.108615236335908139e-01
1.564130441063347476e-01
2.060261060514915199e-01
8.540186606599541042e-02
2.663462160097271880e-01
7.230742189256357255e-01
2.553004646641908737e-01
4.657824595238418963e-03
8.378766550418086378e-01
5.071881295425051395e-01
8.384772330804626805e-02
2.269465474593088949e-01
5.846165456886543987e-01
2.457852166486012568e-01
2.301282926686743779e-01
2.011242241587229140e-01
6.013972837395368254e-01
1.863536369076214394e-01
2.310012379104126046e-01
2.464091262524959192e-01
1.978653668946185329e-01
3.129575502891733807e-01
9.361165550049724282e-02
2.983935262805548772e-01
7.113048584067458435e-01
5.421238978246788465e-01
3.106567949981421384e-01
7.352056579780623657e-01
3.401989969873671638e-01
6.415795190842235041e-01
1.917084442039965198e-01
1.598510256821889519e-01
5.463554089113016321e-01
6.119477131209962728e-01
2.394327734715698264e-01
3.090901790633516222e-01
5.336833324386739408e-01
5.425776339013974603e-01
5.600549132339138758e-01
7.683037859677049886e-01
8.035716265962150606e-01
