5.207174377496799345e-01
6.092479037664348951e-01
7.422790699597406894e-01
4.501977166483584480e-01
8.522179064685275751e-01
2.240300617380351911e-01
3.291589209207175237e-01
5.288156273430433263e-01
6.137502950683653147e-01
4.558969966553001463e-01
1.912433110107586709e-01
5.218045239613451347e-01
3.649398905383151592e-01
7.507224559246342688e-01
9.249025605516421056e-01
4.495598869890501392e-01
7.346569474965725099e-01
3.680176006055299598e-01
3.651216009530856565e-01
9.245785888486752757e-01
2.611987105824190025e-01
9.856473850988148322e-02
1.412026091871775302e-01
2.017067024477441073e-01
2.479940619054391004e-01
1.153315854408650948e-01
1.420567902835005725e-01
3.282252068931115208e-01
3.744213291794277754e-01
2.719228148136499934e-01
3.569161660140168779e-01
7.101909489577042933e-01
8.306465340681433718e-01
3.142390570514558279e-01
2.697267881762543951e-01
7.429016995139324786e-01
3.772384727658196768e-01
1.850637432533739080e-01
1.152470030105454402e-01
4.676033753684872840e-01
3.318740617438460938e-01
1.824138534191137029e-01
1.012917451929406243e-01
2.100094318934635496e-01
5.473772048994060002e-01
3.184976215581628023e-01
3.657412513958972489e-01
6.116835788108407890e-01
3.210149008159459139e-01
5.453998792841278087e-01
3.761138821475690230e-01
3.646770623453917670e-01
9.887796289913788339e-01
3.225715993707421458e-01
2.477557076255978985e-01
6.287299624465949588e-01
9.911841838360099244e-01
3.796609931562071050e-01
2.607673844062177726e-01
8.650616973080167416e-01
3.243078596185294815e-01
8.355260358618010752e-01
7.191537931381168924e-01
5.365622843058185376e-01
5.285537657626604435e-01
6.091689966256963462e-01
7.258949012022907210e-01
4.498783435646357409e-01
8.588455328703182845e-01
2.170493415547414262e-01
3.282230149920145612e-01
5.253181574165333156e-01
6.212314668833487374e-01
4.616551846983335539e-01
1.978744134961049617e-01
3.648077903081412554e-01
7.468493827420530362e-01
9.247407848289599386e-01
7.268517515554139274e-01
3.668908299601817413e-01
3.610227317725074325e-01
2.609871521739424161e-01
1.001607450661650134e-01
1.416285823914988640e-01
2.479502083917397293e-01
1.152892215205350152e-01
3.750415112016333707e-01
2.745657230047980901e-01
8.330830835638480814e-01
3.163743249359952658e-01
3.790964016119710012e-01
1.837398388260550741e-01
3.286961008670405970e-01
5.463936747151894036e-01
3.226517358481875708e-01
9.899537959429434153e-01
6.371600813011478737e-01
3.603984179007304611e-01
3.549851030127778584e-01
6.476078783885313994e-01
5.710196624818788536e-01
3.905142093184443830e-01
5.474774860029518742e-01
6.372963105007783957e-01
6.969828692505248835e-01
1.821394518585826572e-01
1.947400629238663361e-01
5.836371136296196749e-01
6.511001776472904456e-01
2.414201908161425492e-01
1.820744012106890186e-01
4.146404723500964895e-01
3.924787870438951609e-01
6.670047461987411719e-01
7.456665762834318034e-01
5.835403674072221492e-01
5.207174377496799345e-01
6.092479037664348951e-01
7.422790699597406894e-01
4.501977166483584480e-01
8.522179064685275751e-01
2.240300617380351911e-01
3.291589209207175237e-01
5.288156273430433263e-01
6.137502950683653147e-01
4.558969966553001463e-01
1.912433110107586709e-01
5.218045239613451347e-01
3.649398905383151592e-01
7.507224559246342688e-01
9.249025605516421056e-01
4.495598869890501392e-01
7.346569474965725099e-01
3.680176006055299598e-01
3.651216009530856565e-01
9.245785888486752757e-01
2.611987105824190025e-01
9.856473850988148322e-02
1.412026091871775302e-01
2.017067024477441073e-01
2.479940619054391004e-01
1.153315854408650948e-01
1.420567902835005725e-01
3.282252068931115208e-01
3.744213291794277754e-01
2.719228148136499934e-01
3.569161660140168779e-01
7.101909489577042933e-01
8.306465340681433718e-01
3.142390570514558279e-01
2.697267881762543951e-01
7.429016995139324786e-01
3.772384727658196768e-01
1.850637432533739080e-01
1.152470030105454402e-01
4.676033753684872840e-01
3.318740617438460938e-01
1.824138534191137029e-01
1.012917451929406243e-01
2.100094318934635496e-01
5.473772048994060002e-01
3.184976215581628023e-01
3.657412513958972489e-01
6.116835788108407890e-01
3.210149008159459139e-01
5.453998792841278087e-01
3.761138821475690230e-01
3.646770623453917670e-01
9.887796289913788339e-01
3.225715993707421458e-01
2.477557076255978985e-01
6.287299624465949588e-01
9.911841838360099244e-01
3.796609931562071050e-01
2.607673844062177726e-01
8.650616973080167416e-01
3.243078596185294815e-01
8.355260358618010752e-01
7.191537931381168924e-01
5.365622843058185376e-01
5.710196624818788536e-01
3.905142093184443830e-01
5.475212164546259253e-01
6.372961138921416913e-01
6.969822474535283252e-01
1.821386900954470589e-01
1.947400629238663361e-01
5.836379962353919204e-01
6.511001776472904456e-01
2.414201908161425492e-01
1.820744012106890186e-01
4.146398691152486382e-01
3.924787870438951609e-01
6.670047461987411719e-01
7.456665762834318034e-01
5.835403674072221492e-01
6.115646756098520598e-01
4.710637368776391387e-01
7.050763277251830274e-01
4.721469073139018535e-01
4.166991988901556088e-01
2.327194600699124538e-01
2.336900044394063236e-01
7.439252763869232954e-01
7.012935533971413893e-01
2.476472008457131779e-01
2.326730161271045039e-01
5.053973384887586739e-01
5.004616517648767804e-01
7.223317502072201801e-01
4.448485438931200076e-01
6.098165912249016163e-01
5.140525009857714878e-01
6.144447875027834183e-01
8.921388964237975117e-01
4.455490665437051856e-01
6.018095393047322439e-01
2.264754478911645275e-01
1.934388890788953652e-01
8.471588323266756593e-01
6.737680007932973503e-01
2.120219478272232227e-01
2.187591679399756572e-01
6.108322509069785688e-01
5.139063246492521220e-01
6.985747916082329922e-01
6.024181217795756549e-01
5.301810225929221021e-01
5.611275200308307731e-01
4.738224792020195864e-01
9.996952393232425571e-01
4.983462403187955414e-01
4.881787071099590314e-01
2.614511798807109266e-01
2.146298586411092557e-01
1.000000000000000000e+00
6.864604636957327699e-01
2.547426216232013818e-01
2.570427223687845597e-01
4.905185431729055523e-01
5.426931375897492416e-01
6.880575167073528231e-01
5.225257040203299397e-01
5.794796410949862864e-01
5.629054954512767717e-01
6.128521519781346960e-01
7.505996630389049074e-01
5.234501271696770930e-01
5.911131030127951824e-01
2.459306293162142887e-01
2.536779045336859939e-01
7.654254834302558486e-01
8.357473918970588223e-01
2.389547130978149081e-01
2.432462693230917905e-01
6.349951786617267224e-01
5.218808935574074104e-01
8.102621226425901213e-01
6.192103576928822406e-01
5.814853534098052279e-01
4.917175040086554372e-01
7.653286002317927217e-01
8.825189719852788439e-01
5.004478245755110688e-01
7.102019798526222338e-01
2.089533023367784459e-01
2.196488610381571172e-01
8.386547309123628668e-01
8.710674501419704008e-01
2.216833021905987855e-01
2.004416844026289390e-01
8.241549572827837622e-01
5.020389333990171732e-01
8.370423291560566970e-01
7.982376761485630023e-01
5.079735436065319076e-01
5.207174377496799345e-01
6.092479037664351171e-01
7.422790699597408004e-01
4.501977166483585036e-01
8.522179064685275751e-01
2.240300617380353021e-01
3.291589209207175792e-01
5.288156273430433263e-01
6.137502950683653147e-01
4.558969966553003128e-01
1.912433110107586987e-01
5.218045239613452457e-01
3.649398905383151592e-01
7.507224559246343798e-01
9.249025605516419946e-01
4.495598869890501947e-01
7.346569474965725099e-01
3.680176006055300708e-01
3.651216009530856010e-01
9.245785888486752757e-01
2.611987105824190025e-01
9.856473850988149710e-02
1.412026091871775024e-01
2.017067024477441073e-01
2.479940619054391560e-01
1.153315854408650948e-01
1.420567902835006002e-01
3.282252068931115208e-01
3.744213291794277754e-01
2.719228148136499934e-01
3.569161660140169889e-01
7.101909489577044043e-01
8.306465340681432608e-01
3.142390570514557724e-01
2.697267881762542840e-01
7.429016995139324786e-01
3.772384727658197323e-01
1.850637432533739080e-01
1.152470030105454402e-01
4.676033753684872840e-01
3.318740617438460383e-01
1.824138534191136474e-01
1.012917451929405965e-01
2.100094318934635496e-01
5.473772048994061112e-01
3.184976215581628578e-01
3.657412513958972489e-01
6.116835788108407890e-01
3.210149008159459139e-01
5.453998792841278087e-01
3.761138821475690786e-01
3.646770623453917670e-01
9.887796289913790559e-01
3.225715993707421458e-01
2.477557076255978985e-01
6.287299624465949588e-01
9.911841838360098134e-01
3.796609931562072160e-01
2.607673844062177726e-01
8.650616973080169636e-01
3.243078596185294815e-01
8.355260358618010752e-01
7.191537931381168924e-01
5.365622843058185376e-01
