3.926478483657130231e-02
3.090928517444668233e-01
5.050299525933368838e-02
6.535279146691265473e-02
3.243454484280096084e-01
9.256907112849807051e-01
6.929286005175814278e-01
2.373344165987239518e-01
4.925977030671147006e-02
5.039379682188753762e-01
2.180552913499846091e-01
2.287487720375613043e-01
4.340834344460035160e-02
5.590079912017965613e-01
1.748667369158810048e-01
6.510976681548341638e-02
1.577044520231671298e-01
8.475122863912361026e-01
5.205693999199809685e-01
1.791936589655048206e-01
4.181582864637568009e-01
3.336863614380024545e-01
8.510652042282766949e-01
2.304948124421556666e-01
8.071011794080358293e-01
6.599432420652289188e-01
8.565578503067315941e-01
6.848729194489733274e-01
5.529357134775671201e-02
4.218843154970497999e-01
5.133918516696552858e-01
4.318795338140538065e-02
2.641816567730409515e-01
7.161472355921973953e-01
4.201250954151032335e-01
5.489691822446876035e-01
5.872492700043937530e-01
7.701390437393987876e-01
6.575846560887571579e-01
5.266027625712326188e-01
4.162105087823274041e-01
7.707087912249656059e-01
3.412233810826921232e-01
9.055633525374089388e-01
2.419585972718951150e-01
7.152081918761598045e-01
8.493704439191640532e-01
3.075920052661840765e-01
1.127554059769724643e-02
2.458121736972877225e-01
5.205576140064943624e-02
4.289657968415783867e-02
1.141594457732921786e-01
4.097083527375740553e-01
8.021061884387074015e-01
5.023221013984868755e-02
1.051050242492302944e-01
5.918825242513143792e-01
4.131470994951358944e-01
3.130251342503458933e-01
1.129688518157830057e-02
2.630938217778370780e-01
1.447481674343472080e-01
3.952245166296056156e-02
3.939221817980349816e-02
3.060375642160780285e-01
4.676794076398990696e-02
6.523110453809881359e-02
3.189199059186530461e-01
9.156695167307313810e-01
6.886696574814581417e-01
2.330514910708027798e-01
4.974542791764119398e-02
5.150864327470677795e-01
2.258715278010188232e-01
4.315112556474828831e-02
5.540364718608243866e-01
1.770273914889741729e-01
1.511814994970576420e-01
8.484320562350030626e-01
5.169839920124371657e-01
4.157003815227732213e-01
3.382520554289443759e-01
8.538043424043776364e-01
8.048410859965653419e-01
6.587619216891029694e-01
5.336832091224126551e-02
4.268040741372489122e-01
2.636384529950612787e-01
7.156763938599951524e-01
5.905738672611501316e-01
7.704236937685595699e-01
4.148467709864156472e-01
2.438753826016726300e-01
1.128615037593611210e-02
1.073744570059297354e-01
9.432564978825519475e-02
9.106643108514630436e-01
9.053863752939415033e-01
8.971278940551985492e-02
8.059574417337020402e-02
7.162076161294392840e-01
1.041506248714829663e-01
1.573770065906253957e-01
3.118378368617316099e-01
5.792863469950082500e-01
8.108269054444734447e-01
1.626853878819762844e-01
6.332920165364988030e-01
7.769900103579060469e-01
5.850037691466003498e-01
7.294536165046225928e-01
4.009775360062620142e-02
6.484875993211249856e-01
3.161980493612468468e-01
7.979959994029432735e-02
3.926478483657130231e-02
3.090928517444668233e-01
5.050299525933368838e-02
6.535279146691265473e-02
3.243454484280096084e-01
9.256907112849807051e-01
6.929286005175814278e-01
2.373344165987239518e-01
4.925977030671147006e-02
5.039379682188753762e-01
2.180552913499846091e-01
2.287487720375613043e-01
4.340834344460035160e-02
5.590079912017965613e-01
1.748667369158810048e-01
6.510976681548341638e-02
1.577044520231671298e-01
8.475122863912361026e-01
5.205693999199809685e-01
1.791936589655048206e-01
4.181582864637568009e-01
3.336863614380024545e-01
8.510652042282766949e-01
2.304948124421556666e-01
8.071011794080358293e-01
6.599432420652289188e-01
8.565578503067315941e-01
6.848729194489733274e-01
5.529357134775671201e-02
4.218843154970497999e-01
5.133918516696552858e-01
4.318795338140538065e-02
2.641816567730409515e-01
7.161472355921973953e-01
4.201250954151032335e-01
5.489691822446876035e-01
5.872492700043937530e-01
7.701390437393987876e-01
6.575846560887571579e-01
5.266027625712326188e-01
4.162105087823274041e-01
7.707087912249656059e-01
3.412233810826921232e-01
9.055633525374089388e-01
2.419585972718951150e-01
7.152081918761598045e-01
8.493704439191640532e-01
3.075920052661840765e-01
1.127554059769724643e-02
2.458121736972877225e-01
5.205576140064943624e-02
4.289657968415783867e-02
1.141594457732921786e-01
4.097083527375740553e-01
8.021061884387074015e-01
5.023221013984868755e-02
1.051050242492302944e-01
5.918825242513143792e-01
4.131470994951358944e-01
3.130251342503458933e-01
1.129688518157830057e-02
2.630938217778370780e-01
1.447481674343472080e-01
3.952245166296056156e-02
8.059574417337020402e-02
7.162076161294392840e-01
1.041589440334289574e-01
1.573765498349792014e-01
3.118375586628849838e-01
5.792839242415653844e-01
8.108269054444734447e-01
1.626856339031066412e-01
6.332920165364988030e-01
7.769900103579060469e-01
5.850037691466003498e-01
7.294525552675490410e-01
4.009775360062620142e-02
6.484875993211249856e-01
3.161980493612468468e-01
7.979959994029432735e-02
7.108780023852381835e-02
6.427238326482618280e-01
1.708568750774337452e-01
9.420855673604998370e-02
5.809871011661578155e-01
7.926596451596997772e-01
8.551499242674591716e-01
2.074496414244835218e-01
3.821919917173040027e-01
8.089268955095446634e-01
7.947366911901070363e-01
6.896109375052401624e-01
3.002345638489248292e-02
4.163425019666016080e-01
6.095012341724512783e-01
6.697110041889260679e-02
3.183013373095888721e-02
2.221955721068233913e-01
3.660240533475231928e-01
4.709025661339566460e-02
4.327183976474158200e-01
8.380975283222598105e-01
8.191477057532273731e-01
3.402302958558323098e-01
3.059983422030152500e-01
8.714068817709867965e-01
8.335722557483521422e-01
2.121657358777302438e-01
3.087088268317081385e-02
3.394283905592607731e-01
4.183153873230327502e-01
3.200310827732869012e-02
5.917116760071647330e-02
5.274096775937766601e-01
2.417833327379650399e-01
6.108048450255743056e-02
3.440979462437252501e-01
8.411458611289992504e-01
8.747672008026976531e-01
2.399225909686442115e-01
7.609265665746214324e-01
8.615659252903256071e-01
8.381153062837969347e-01
5.423395466054348191e-01
5.441949223511124978e-02
7.744692497219578531e-01
3.489014642668144539e-01
5.669231423746934340e-02
6.098790418656938050e-02
2.622191148073960143e-01
6.547614695834620413e-01
7.538062821657774693e-02
6.894592988176171389e-01
8.785611073060503040e-01
8.302007932971593451e-01
6.721236083258297356e-01
2.941433826969674925e-01
8.292498540271694418e-01
8.750826517683352179e-01
2.405040298795166898e-01
5.350325674486300365e-02
2.757416065997437826e-01
7.036446847215040989e-01
6.022616025281611607e-02
3.289463227380534649e-02
3.280505601124052983e-01
3.540753067885995531e-01
4.502324452126457710e-02
3.258054663879081936e-01
8.340482909698120340e-01
8.502694475923595618e-01
3.381172879092113615e-01
3.439903312376286770e-01
8.612526207061035333e-01
8.254768042645133086e-01
3.324579853565841070e-01
4.230079782880982742e-02
3.194196056248805871e-01
3.522443166524611424e-01
3.597163481588130929e-02
3.926478483657130231e-02
3.090928517444668788e-01
5.050299525933374389e-02
6.535279146691265473e-02
3.243454484280096084e-01
9.256907112849809272e-01
6.929286005175814278e-01
2.373344165987238963e-01
4.925977030671141454e-02
5.039379682188753762e-01
2.180552913499846368e-01
2.287487720375612765e-01
4.340834344460035160e-02
5.590079912017964503e-01
1.748667369158810603e-01
6.510976681548341638e-02
1.577044520231671298e-01
8.475122863912361026e-01
5.205693999199809685e-01
1.791936589655048206e-01
4.181582864637568009e-01
3.336863614380024545e-01
8.510652042282765839e-01
2.304948124421556666e-01
8.071011794080358293e-01
6.599432420652288078e-01
8.565578503067317051e-01
6.848729194489732164e-01
5.529357134775671201e-02
4.218843154970497444e-01
5.133918516696555079e-01
4.318795338140535289e-02
2.641816567730408960e-01
7.161472355921975064e-01
4.201250954151031225e-01
5.489691822446873815e-01
5.872492700043936420e-01
7.701390437393987876e-01
6.575846560887571579e-01
5.266027625712326188e-01
4.162105087823274596e-01
7.707087912249654948e-01
3.412233810826921232e-01
9.055633525374087167e-01
2.419585972718951150e-01
7.152081918761599155e-01
8.493704439191640532e-01
3.075920052661840765e-01
1.127554059769724469e-02
2.458121736972877225e-01
5.205576140064943624e-02
4.289657968415783867e-02
1.141594457732921786e-01
4.097083527375740553e-01
8.021061884387075125e-01
5.023221013984874306e-02
1.051050242492302944e-01
5.918825242513146012e-01
4.131470994951358944e-01
3.130251342503458378e-01
1.129688518157830057e-02
2.630938217778370780e-01
1.447481674343471525e-01
3.952245166296056156e-02
