3.840757261331127943e-03
1.031212479402758841e-01
5.505830291514021702e-02
6.572855747979451657e-03
2.062105867590462438e-01
6.871187180985781628e-01
9.199316469783777039e-01
1.421543696453347883e-01
1.237283885807143879e-01
5.455791213603100598e-01
3.512992774555258046e-01
1.396744846484604119e-01
5.845750417854558498e-03
4.720457797003120293e-01
2.199333729155539818e-01
6.247270299111484793e-03
1.853582710551432422e-02
7.434177920975220122e-01
3.918627120482713888e-01
2.055311599639882414e-01
2.685639728247325997e-01
4.077593853179075079e-01
8.250321276593762798e-01
3.633630858607127534e-01
9.116736763869405236e-01
6.750534758492394705e-01
8.331044386175486816e-01
9.019866400739576795e-01
4.841208691573603562e-03
7.750629484109086142e-01
3.739747068445011813e-01
5.141894581506137318e-02
1.402614097405190385e-01
9.141344719781692163e-01
7.908915729320900034e-01
4.740805371802480073e-01
4.558606448840448744e-01
7.580735277537682393e-01
6.750733822980504728e-01
5.596561762354677061e-01
5.942663296157841835e-01
7.602796965751646985e-01
4.214778086605988072e-01
6.839604823191733907e-01
1.618492866311250777e-01
9.107249800498732339e-01
7.496428658464686645e-01
1.085391576793394153e-01
0.000000000000000000e+00
1.545363797728747379e-01
6.935583521605975799e-03
6.790509691984209645e-03
1.158373107379883082e-01
5.840145288303610904e-01
8.998598321938829914e-01
1.236332361796169677e-01
1.184136076189512554e-01
4.558560118910994219e-01
2.686846876487790081e-01
1.982130341210123214e-01
0.000000000000000000e+00
1.348461595864589024e-01
1.757341054883587717e-02
4.272690488488935061e-03
4.054376903258329404e-03
1.028534755007524670e-01
5.320005010898395947e-02
6.409829103948832749e-03
2.023686913533469245e-01
6.855462666114984227e-01
9.108648207023035681e-01
1.409172857334911877e-01
1.236808674012887521e-01
5.525034086270415035e-01
3.598894898074943005e-01
6.320596423464802660e-03
4.730534526432786380e-01
2.127416077486345980e-01
1.805129024106688629e-02
7.464991428567816500e-01
3.829270987899596745e-01
2.686231814641890647e-01
4.155660006565153330e-01
8.290577238472721655e-01
9.060235938470670991e-01
6.750634461847841994e-01
5.532351405316868198e-03
7.935781429188504266e-01
1.375573375647205498e-01
9.124249337979633001e-01
4.566353600875799890e-01
7.591757459034801370e-01
5.918277402676900278e-01
1.582118156076988691e-01
0.000000000000000000e+00
1.148742042605943592e-01
4.879167328814981719e-02
9.531755402182341408e-01
9.539737746549574737e-01
4.417145342562311949e-02
2.232014119733816138e-02
6.508438052397487183e-01
2.827257876052191587e-01
1.036645215926257635e-01
9.686825945003629812e-02
6.062155190684355155e-01
8.659750943430544190e-01
3.206973266553199142e-01
8.887245790234374887e-01
7.651269191526808289e-01
6.171117440449729319e-01
6.763462873839911627e-01
2.048492808413543420e-03
8.863602067986127153e-01
9.399934908233076314e-02
2.204146696916117754e-02
3.840757261331127943e-03
1.031212479402758841e-01
5.505830291514021702e-02
6.572855747979451657e-03
2.062105867590462438e-01
6.871187180985781628e-01
9.199316469783777039e-01
1.421543696453347883e-01
1.237283885807143879e-01
5.455791213603100598e-01
3.512992774555258046e-01
1.396744846484604119e-01
5.845750417854558498e-03
4.720457797003120293e-01
2.199333729155539818e-01
6.247270299111484793e-03
1.853582710551432422e-02
7.434177920975220122e-01
3.918627120482713888e-01
2.055311599639882414e-01
2.685639728247325997e-01
4.077593853179075079e-01
8.250321276593762798e-01
3.633630858607127534e-01
9.116736763869405236e-01
6.750534758492394705e-01
8.331044386175486816e-01
9.019866400739576795e-01
4.841208691573603562e-03
7.750629484109086142e-01
3.739747068445011813e-01
5.141894581506137318e-02
1.402614097405190385e-01
9.141344719781692163e-01
7.908915729320900034e-01
4.740805371802480073e-01
4.558606448840448744e-01
7.580735277537682393e-01
6.750733822980504728e-01
5.596561762354677061e-01
5.942663296157841835e-01
7.602796965751646985e-01
4.214778086605988072e-01
6.839604823191733907e-01
1.618492866311250777e-01
9.107249800498732339e-01
7.496428658464686645e-01
1.085391576793394153e-01
0.000000000000000000e+00
1.545363797728747379e-01
6.935583521605975799e-03
6.790509691984209645e-03
1.158373107379883082e-01
5.840145288303610904e-01
8.998598321938829914e-01
1.236332361796169677e-01
1.184136076189512554e-01
4.558560118910994219e-01
2.686846876487790081e-01
1.982130341210123214e-01
0.000000000000000000e+00
1.348461595864589024e-01
1.757341054883587717e-02
4.272690488488935061e-03
2.232014119733816138e-02
6.508438052397487183e-01
2.827483706825293375e-01
1.036640357213715335e-01
9.686817303127992496e-02
6.062129836889230683e-01
8.659750943430544190e-01
3.206978116301528736e-01
8.887245790234374887e-01
7.651269191526808289e-01
6.171117440449729319e-01
6.763453034094952798e-01
2.048492808413543420e-03
8.863602067986127153e-01
9.399934908233076314e-02
2.204146696916117754e-02
3.383949963559157448e-02
3.647525647149802985e-01
5.058218294304892559e-01
2.591569387136233305e-02
4.768034876570206304e-01
9.015998495149701863e-01
7.860629324582238953e-01
5.285580631199688906e-01
3.098366634531488639e-01
8.749443677639564543e-01
9.099560375706200466e-01
4.050118112608336318e-01
2.273971383469128305e-02
3.325453064422669858e-01
5.094123828465464410e-01
3.170535059827407631e-02
3.157541631377078217e-02
1.086240561049558462e-01
2.079261967389554044e-01
1.611903618985188746e-02
1.758734768508358748e-01
9.480908476732641255e-01
8.757315973289157007e-01
1.885124178349160129e-01
1.476103910366168837e-01
9.050873155135155113e-01
9.549202356614298060e-01
1.033062155230770607e-01
2.495001989935904940e-02
1.826717369159891469e-01
1.605140128820665701e-01
3.202303727897320984e-02
2.308961888030133802e-02
5.571289260506788743e-01
2.943176844405437365e-02
3.872459771047143118e-02
2.567933264032089546e-01
8.770632683545551700e-01
9.756801559879513253e-01
3.151558446639057820e-03
7.628697931663581677e-01
9.196390357190056264e-01
8.802599095077057179e-01
5.785574529233410424e-01
2.173546030511971927e-02
7.557213747333315634e-01
2.655346625657313275e-01
2.350760658953313098e-02
2.351226151858754054e-02
2.253620705660184242e-01
6.724604316697964101e-01
2.987145407062639924e-02
6.714162592206740499e-01
8.949849261478162177e-01
9.145783799503238720e-01
6.761016159731614295e-01
1.474416850667679135e-01
9.245093812824287660e-01
8.983101495384343549e-01
2.150543083659020027e-01
3.114632936087574633e-02
1.111894474173777958e-01
6.990447266308410512e-01
2.372080469174304984e-02
2.875090006235747619e-02
1.348520098077363727e-01
1.936701257750594873e-01
2.279974863120154405e-02
1.139603407332461238e-01
9.263594910182523234e-01
9.104387645190012979e-01
1.919282286943146953e-01
2.084443048853659164e-01
9.109657320176185458e-01
9.286826118647021344e-01
1.329464994649989240e-01
2.219220690038986588e-02
1.940855813933215490e-01
1.263074844096019334e-01
3.071771562684885715e-02
3.840757261331127076e-03
1.031212479402758841e-01
5.505830291514027253e-02
6.572855747979448188e-03
2.062105867590462438e-01
6.871187180985781628e-01
9.199316469783778150e-01
1.421543696453347327e-01
1.237283885807144435e-01
5.455791213603102818e-01
3.512992774555256936e-01
1.396744846484604397e-01
5.845750417854558498e-03
4.720457797003120848e-01
2.199333729155539263e-01
6.247270299111484793e-03
1.853582710551429646e-02
7.434177920975220122e-01
3.918627120482713333e-01
2.055311599639882414e-01
2.685639728247327107e-01
4.077593853179075634e-01
8.250321276593760578e-01
3.633630858607128644e-01
9.116736763869405236e-01
6.750534758492394705e-01
8.331044386175486816e-01
9.019866400739576795e-01
4.841208691573603562e-03
7.750629484109086142e-01
3.739747068445012923e-01
5.141894581506134543e-02
1.402614097405189830e-01
9.141344719781692163e-01
7.908915729320898924e-01
4.740805371802478962e-01
4.558606448840449299e-01
7.580735277537682393e-01
6.750733822980504728e-01
5.596561762354677061e-01
5.942663296157841835e-01
7.602796965751644764e-01
4.214778086605988072e-01
6.839604823191733907e-01
1.618492866311250777e-01
9.107249800498734560e-01
7.496428658464686645e-01
1.085391576793394153e-01
0.000000000000000000e+00
1.545363797728747379e-01
6.935583521605975799e-03
6.790509691984211380e-03
1.158373107379883082e-01
5.840145288303610904e-01
8.998598321938831024e-01
1.236332361796170232e-01
1.184136076189512554e-01
4.558560118910994219e-01
2.686846876487791191e-01
1.982130341210124047e-01
0.000000000000000000e+00
1.348461595864589024e-01
1.757341054883587717e-02
4.272690488488934193e-03
