3.495902350093632038e-01
8.821691053842757313e-01
6.966671410657501173e-01
3.313688835939283539e-01
7.324850648615937043e-01
4.938028961965832409e-01
4.722303334436598332e-01
7.952257530644113448e-01
5.314553235998626946e-01
5.419888112773461053e-01
1.484025473561503550e-01
7.895840680546789558e-01
2.669646374536479572e-01
6.207102736339927818e-01
6.403609205492668544e-01
3.270166615035584590e-01
7.985432354880037664e-01
5.294563636479816537e-01
3.700289402112505455e-01
6.454169218737464409e-01
4.433237063763946773e-01
1.057175168315548780e-01
1.593239467758605088e-01
1.574616172180176299e-01
3.460701316653748139e-01
1.941492668539424593e-01
1.593971127091543816e-01
4.728340269594522027e-01
5.080593626055071033e-01
3.159416694574728179e-01
3.580472819289529651e-01
6.678439653577366020e-01
6.123520046575136044e-01
3.295609313367502402e-01
3.101244302438584399e-01
6.103484013338211778e-01
4.405706315489703595e-01
2.383991044125210734e-01
1.938537178625247548e-01
5.678285270133441864e-01
1.719717747109931194e-01
2.373355035635537624e-01
1.074410828227485015e-01
4.822011459206062556e-01
7.252064163220239834e-01
3.322784675850159464e-01
5.434132050761701915e-01
8.873830507725468664e-01
3.135547824756615976e-01
7.230555248643465438e-01
5.313787771824061146e-01
2.610658702077628401e-01
7.786536273239892392e-01
1.757698687999847964e-01
3.455830167683766607e-01
5.240539274892044297e-01
7.813128476593981242e-01
4.504423625797346342e-01
4.413767563826079265e-01
7.532046465269135460e-01
3.160030978578051153e-01
6.020165592555861700e-01
7.894329959106562988e-01
3.581871506428815910e-01
3.538419802418262816e-01
8.843943244325858100e-01
6.819500507476302653e-01
3.291896456582777408e-01
7.429283254614500454e-01
4.880265100277121348e-01
4.721660432227073878e-01
7.924114137825389870e-01
5.277589053432694133e-01
5.546989709118363976e-01
1.540196195594467077e-01
2.639998546339042962e-01
6.155787636342426872e-01
6.428856418772721515e-01
7.939566072878330161e-01
5.363648639591450662e-01
3.640437303801793423e-01
4.423687593669254348e-01
1.068358018065726778e-01
1.593604340350453785e-01
3.459314032247722825e-01
1.940012383109136485e-01
5.194081130305630012e-01
3.173887013080313735e-01
6.071910629575476559e-01
3.309235190976858032e-01
4.462723290426011680e-01
2.378677216151523777e-01
1.747004669136496269e-01
7.241365537484276693e-01
3.147717695768437740e-01
7.794200350456488291e-01
5.539025720287401588e-01
4.445741343406665047e-01
4.404688390742430570e-01
5.611911417742857511e-01
4.727348422417172458e-01
7.772206346462073867e-01
6.377165745002406627e-01
4.679290446163226758e-01
6.970338666929556393e-01
2.097091548204933487e-01
2.757463991960244498e-01
6.619391184695255781e-01
5.245492311722137480e-01
3.281692474108467428e-01
2.083604682825428989e-01
8.155281885454692681e-01
3.926412533050239739e-01
5.394685625759543246e-01
7.520187139898080186e-01
4.808198585901693467e-01
3.495902350093632038e-01
8.821691053842757313e-01
6.966671410657501173e-01
3.313688835939283539e-01
7.324850648615937043e-01
4.938028961965832409e-01
4.722303334436598332e-01
7.952257530644113448e-01
5.314553235998626946e-01
5.419888112773461053e-01
1.484025473561503550e-01
7.895840680546789558e-01
2.669646374536479572e-01
6.207102736339927818e-01
6.403609205492668544e-01
3.270166615035584590e-01
7.985432354880037664e-01
5.294563636479816537e-01
3.700289402112505455e-01
6.454169218737464409e-01
4.433237063763946773e-01
1.057175168315548780e-01
1.593239467758605088e-01
1.574616172180176299e-01
3.460701316653748139e-01
1.941492668539424593e-01
1.593971127091543816e-01
4.728340269594522027e-01
5.080593626055071033e-01
3.159416694574728179e-01
3.580472819289529651e-01
6.678439653577366020e-01
6.123520046575136044e-01
3.295609313367502402e-01
3.101244302438584399e-01
6.103484013338211778e-01
4.405706315489703595e-01
2.383991044125210734e-01
1.938537178625247548e-01
5.678285270133441864e-01
1.719717747109931194e-01
2.373355035635537624e-01
1.074410828227485015e-01
4.822011459206062556e-01
7.252064163220239834e-01
3.322784675850159464e-01
5.434132050761701915e-01
8.873830507725468664e-01
3.135547824756615976e-01
7.230555248643465438e-01
5.313787771824061146e-01
2.610658702077628401e-01
7.786536273239892392e-01
1.757698687999847964e-01
3.455830167683766607e-01
5.240539274892044297e-01
7.813128476593981242e-01
4.504423625797346342e-01
4.413767563826079265e-01
7.532046465269135460e-01
3.160030978578051153e-01
6.020165592555861700e-01
7.894329959106562988e-01
3.581871506428815910e-01
4.727391812881385214e-01
7.772008088035153861e-01
6.377666703923090541e-01
4.679228672320915328e-01
6.970257309493321785e-01
2.097058747840836179e-01
2.757468610613377780e-01
6.619393230109833492e-01
5.245487886540509681e-01
3.281729481836631601e-01
2.083580156579422638e-01
8.155132876063539982e-01
3.926448830727780059e-01
5.394720694332784117e-01
7.520251038493237505e-01
4.808231932315169543e-01
4.524688690616089914e-01
7.659137166488731996e-01
6.012452609675185133e-01
4.329571360532489255e-01
7.738307985616108553e-01
3.209555342569925807e-01
2.488406003805783417e-01
6.448574428079649756e-01
5.495891087219948457e-01
2.910590887391880655e-01
3.220541970293055445e-01
8.363058301456716137e-01
4.420011424856293836e-01
5.769678400677176189e-01
8.381355113805109003e-01
4.457133381510081649e-01
3.886924784919683074e-01
7.491365105266081237e-01
8.783655972573711779e-01
3.764881152691866850e-01
8.368165853449638369e-01
2.797460104948091275e-01
2.619909123665946638e-01
8.451295055449701277e-01
8.127364555459992701e-01
2.641591960098764180e-01
2.751036425426542920e-01
7.383855755058486015e-01
3.982552264809824383e-01
8.346696967381652676e-01
8.539992613306959246e-01
3.984305332821620471e-01
4.661180954922665709e-01
7.198260080251812632e-01
6.435673750127617332e-01
4.463517189457019696e-01
7.468760959399398658e-01
3.229864648087876211e-01
3.269275925812296091e-01
6.394987140096426437e-01
7.451766284081151603e-01
3.106207763863138016e-01
3.212038860552075548e-01
7.484275804726991943e-01
4.258437276448567843e-01
7.478046135337412803e-01
8.150666715951886410e-01
4.785594264082160820e-01
4.537626906763998491e-01
7.127871536186241030e-01
8.245818165539620104e-01
4.465488332690589202e-01
7.545796296897613331e-01
3.235952539738144451e-01
3.122553033590163007e-01
8.265845018929747212e-01
8.120491310524147188e-01
3.135225789509594185e-01
3.226348785742275682e-01
7.458867193510148041e-01
4.457473584292569457e-01
7.837430247208594380e-01
7.816475503245556844e-01
4.685319598599573809e-01
4.090813320490008786e-01
8.303274433126819343e-01
9.626242667306701417e-01
3.888839023283803265e-01
7.766047249107659312e-01
2.758046956736514010e-01
2.934457670860771139e-01
9.064117274653475942e-01
9.512262092763630328e-01
2.944484304742914227e-01
2.688164688127362423e-01
9.000316897528288784e-01
3.893085466542134387e-01
9.196690403247342882e-01
8.659735260956928915e-01
4.213166140351346511e-01
3.495902350093632593e-01
8.821691053842758423e-01
6.966671410657502284e-01
3.313688835939283539e-01
7.324850648615939264e-01
4.938028961965834629e-01
4.722303334436598332e-01
7.952257530644113448e-01
5.314553235998626946e-01
5.419888112773463273e-01
1.484025473561503272e-01
7.895840680546790669e-01
2.669646374536479572e-01
6.207102736339926707e-01
6.403609205492667433e-01
3.270166615035584590e-01
7.985432354880037664e-01
5.294563636479816537e-01
3.700289402112504900e-01
6.454169218737464409e-01
4.433237063763947883e-01
1.057175168315549058e-01
1.593239467758604533e-01
1.574616172180176854e-01
3.460701316653748139e-01
1.941492668539424593e-01
1.593971127091543816e-01
4.728340269594522027e-01
5.080593626055072143e-01
3.159416694574728179e-01
3.580472819289530761e-01
6.678439653577366020e-01
6.123520046575134934e-01
3.295609313367501847e-01
3.101244302438583844e-01
6.103484013338211778e-01
4.405706315489703040e-01
2.383991044125210734e-01
1.938537178625247548e-01
5.678285270133441864e-01
1.719717747109931472e-01
2.373355035635537624e-01
1.074410828227484738e-01
4.822011459206062556e-01
7.252064163220240944e-01
3.322784675850159464e-01
5.434132050761701915e-01
8.873830507725470884e-01
3.135547824756615420e-01
7.230555248643465438e-01
5.313787771824061146e-01
2.610658702077628401e-01
7.786536273239892392e-01
1.757698687999847964e-01
3.455830167683767162e-01
5.240539274892044297e-01
7.813128476593980132e-01
4.504423625797346342e-01
4.413767563826079265e-01
7.532046465269135460e-01
3.160030978578050598e-01
6.020165592555861700e-01
7.894329959106562988e-01
3.581871506428815910e-01
