1.975044950272331415e-02
1.355979419804168584e-01
1.191538356530484066e-01
2.841144944923136226e-02
3.001918207810899131e-01
8.275687067496099170e-01
7.252326319284944089e-01
2.703294958341403986e-01
1.802748855799587990e-01
5.425208574583021415e-01
5.138690141186204041e-01
2.713775881176948568e-01
3.014356150360911896e-02
3.297263704776243198e-01
3.314053787198131817e-01
2.919735075124276283e-02
1.417449100000069406e-01
8.115553009300746634e-01
6.608814505253711724e-01
3.135078288837702121e-01
6.510212897858944636e-01
4.652159363578575735e-01
6.719210396497000692e-01
4.910938367639159363e-01
6.339020916645968784e-01
4.572786693035292283e-01
7.028613257815382598e-01
6.716778597480086432e-01
5.805929484634371474e-02
7.262051265055959881e-01
5.689176831930715661e-01
1.080240096058138477e-01
1.028554736443612061e-01
8.528515464571196913e-01
7.379589334801037737e-01
3.474310251498736735e-01
4.423179733338452602e-01
7.991793911305936637e-01
4.694616917517221988e-01
5.083359428406653002e-01
6.218814996942623186e-01
8.254837714274241289e-01
4.833933802698793802e-01
8.064208712815674751e-01
2.407850183661556231e-01
8.186946014715705822e-01
7.278296463400333316e-01
1.287496456234172859e-01
1.527303020303278497e-02
2.005824083698344029e-01
1.030247140644280357e-01
2.668424886944589097e-02
3.255827811873853728e-01
5.782531543923015160e-01
6.107135703177720698e-01
1.620306352901445535e-01
3.339745011286121557e-01
3.846565548030596582e-01
6.272276795736595467e-01
2.471611280689343659e-01
1.532610286875319902e-02
5.606482979339560968e-02
1.606546300237614577e-01
1.872903662605926445e-02
1.924529305896333434e-02
1.292798553848898413e-01
1.134709554311936486e-01
2.880496473761934989e-02
2.743040034675661154e-01
8.170394278569148572e-01
6.981488174744422404e-01
2.708523338301550565e-01
1.711633100284201126e-01
5.257058225592815548e-01
5.061541925412813558e-01
2.840487437825359174e-02
3.384942465777059373e-01
3.224682121942991087e-01
1.512651706234429960e-01
7.701119189325248415e-01
6.149426971933007469e-01
6.393509145892205536e-01
4.753705749442181938e-01
6.873507101059207480e-01
6.224589464918633963e-01
4.633806527819430698e-01
7.994469567956889733e-02
7.420232830241517696e-01
7.949085067671685101e-02
8.357250646234517522e-01
4.141544440003267491e-01
8.123212527591817667e-01
6.026267265923921368e-01
2.207880688955439763e-01
1.529941109745438198e-02
3.280626833508371032e-01
1.113576850811999197e-01
8.972088069860720827e-01
9.042528599058001770e-01
8.710041235398480186e-02
5.016472189059073550e-02
6.856354484178708297e-01
5.559550977321023879e-01
1.190472279480853379e-01
4.346780179599594174e-01
6.594080813986847867e-01
6.410146217320865647e-01
4.996916811091955957e-01
7.468581363537565299e-01
6.594413368985181378e-01
6.847477669945920553e-01
6.355061942352742133e-01
3.674837109564292603e-02
7.046114838849868445e-01
3.811811226946821840e-01
4.794730175740456735e-02
1.975044950272331415e-02
1.355979419804168584e-01
1.191538356530484066e-01
2.841144944923136226e-02
3.001918207810899131e-01
8.275687067496099170e-01
7.252326319284944089e-01
2.703294958341403986e-01
1.802748855799587990e-01
5.425208574583021415e-01
5.138690141186204041e-01
2.713775881176948568e-01
3.014356150360911896e-02
3.297263704776243198e-01
3.314053787198131817e-01
2.919735075124276283e-02
1.417449100000069406e-01
8.115553009300746634e-01
6.608814505253711724e-01
3.135078288837702121e-01
6.510212897858944636e-01
4.652159363578575735e-01
6.719210396497000692e-01
4.910938367639159363e-01
6.339020916645968784e-01
4.572786693035292283e-01
7.028613257815382598e-01
6.716778597480086432e-01
5.805929484634371474e-02
7.262051265055959881e-01
5.689176831930715661e-01
1.080240096058138477e-01
1.028554736443612061e-01
8.528515464571196913e-01
7.379589334801037737e-01
3.474310251498736735e-01
4.423179733338452602e-01
7.991793911305936637e-01
4.694616917517221988e-01
5.083359428406653002e-01
6.218814996942623186e-01
8.254837714274241289e-01
4.833933802698793802e-01
8.064208712815674751e-01
2.407850183661556231e-01
8.186946014715705822e-01
7.278296463400333316e-01
1.287496456234172859e-01
1.527303020303278497e-02
2.005824083698344029e-01
1.030247140644280357e-01
2.668424886944589097e-02
3.255827811873853728e-01
5.782531543923015160e-01
6.107135703177720698e-01
1.620306352901445535e-01
3.339745011286121557e-01
3.846565548030596582e-01
6.272276795736595467e-01
2.471611280689343659e-01
1.532610286875319902e-02
5.606482979339560968e-02
1.606546300237614577e-01
1.872903662605926445e-02
5.016472189059073550e-02
6.856354484178708297e-01
5.559995053436588286e-01
1.190467504152434575e-01
4.346776301721126945e-01
6.594053235515375810e-01
6.410146217320865647e-01
4.996924367684090207e-01
7.468581363537565299e-01
6.594413368985181378e-01
6.847477669945920553e-01
6.355052696765106646e-01
3.674837109564292603e-02
7.046114838849868445e-01
3.811811226946821840e-01
4.794730175740456735e-02
7.245300582958172364e-02
3.780111283654652432e-01
6.157276080164730825e-01
7.290684243920896035e-02
5.115420201511722276e-01
7.907532355204958119e-01
7.595229248656428789e-01
5.685155424797490031e-01
3.431158828904248281e-01
8.833918631944419619e-01
7.919156070172290729e-01
3.749178657732801234e-01
8.786205203575392364e-02
2.402934740828548410e-01
5.446576580167508119e-01
5.873926906589564678e-02
6.805070061183368657e-02
2.662722323825530424e-01
3.352837520520359771e-01
3.953174503074396995e-02
3.749279053229250813e-01
8.387386151591640360e-01
8.171321080758144895e-01
2.768060044956557331e-01
2.966199190078435688e-01
8.433776384352295041e-01
8.660466753143863938e-01
1.847584670824715669e-01
4.103947926674297864e-02
2.900127060417454494e-01
2.763774137265699871e-01
5.437086219932987796e-02
7.398694751393894431e-02
5.842334563296223138e-01
2.220571177861607737e-01
7.169621025786118707e-02
3.634703393718621278e-01
8.138627770054529531e-01
8.947406192490739985e-01
8.523995170475506811e-02
7.629452689332083537e-01
8.707545194018699863e-01
8.216316144692226153e-01
5.701345684155874061e-01
6.711785733411293475e-02
6.909635614146154570e-01
3.236177152348300723e-01
6.147849466446281275e-02
6.475448816199813606e-02
3.606799313112682981e-01
7.153564167793500239e-01
7.730564539906968624e-02
7.874774350839004455e-01
8.330088240214958972e-01
8.402419698775872581e-01
6.211977868580080830e-01
2.651944714779927992e-01
8.512219964135439021e-01
8.418018516100166382e-01
3.116835129220980605e-01
6.946551594019373388e-02
1.373605136169473440e-01
7.560345266369923323e-01
5.272911989557434176e-02
5.364504026159258587e-02
3.803222102831151918e-01
3.445528864829900950e-01
4.952820834582485898e-02
3.138794721355580020e-01
8.488557119371814563e-01
8.209239480974319658e-01
2.757121847905692480e-01
4.315356206884595203e-01
8.000377235499713802e-01
8.727303723968645732e-01
2.900234813451092464e-01
4.261609673187796710e-02
3.570615707635302893e-01
2.382670506217434703e-01
4.543381255753717318e-02
1.975044950272331068e-02
1.355979419804168584e-01
1.191538356530484621e-01
2.841144944923136226e-02
3.001918207810899686e-01
8.275687067496099170e-01
7.252326319284944089e-01
2.703294958341403431e-01
1.802748855799587990e-01
5.425208574583022525e-01
5.138690141186202931e-01
2.713775881176948568e-01
3.014356150360911896e-02
3.297263704776242643e-01
3.314053787198132373e-01
2.919735075124276283e-02
1.417449100000069406e-01
8.115553009300746634e-01
6.608814505253710614e-01
3.135078288837702121e-01
6.510212897858946857e-01
4.652159363578575735e-01
6.719210396496999582e-01
4.910938367639160473e-01
6.339020916645969894e-01
4.572786693035292283e-01
7.028613257815382598e-01
6.716778597480085322e-01
5.805929484634368698e-02
7.262051265055958771e-01
5.689176831930716771e-01
1.080240096058138199e-01
1.028554736443612061e-01
8.528515464571198024e-01
7.379589334801035516e-01
3.474310251498736735e-01
4.423179733338453157e-01
7.991793911305936637e-01
4.694616917517221433e-01
5.083359428406653002e-01
6.218814996942623186e-01
8.254837714274240179e-01
4.833933802698793247e-01
8.064208712815674751e-01
2.407850183661556231e-01
8.186946014715706932e-01
7.278296463400333316e-01
1.287496456234172859e-01
1.527303020303278323e-02
2.005824083698344029e-01
1.030247140644280357e-01
2.668424886944589791e-02
3.255827811873853728e-01
5.782531543923015160e-01
6.107135703177720698e-01
1.620306352901446090e-01
3.339745011286120446e-01
3.846565548030596582e-01
6.272276795736595467e-01
2.471611280689343937e-01
1.532610286875319555e-02
5.606482979339560968e-02
1.606546300237614577e-01
1.872903662605926445e-02
