7.403245433096597994e-01
5.679745117119239239e-01
7.703790334862687939e-01
7.227124497724689567e-01
6.763546717731616642e-01
1.159304120701510898e-01
1.917427344568148340e-02
8.610501021190379856e-01
7.735206539104437784e-01
1.766975319337316108e-01
1.796801926068294086e-01
8.618302670582912439e-01
9.474615006178735976e-01
5.370153127681626115e-01
6.639527472539954456e-01
7.323046375426899290e-01
4.891589851010425538e-01
7.169798561557477745e-02
1.127558959325762333e-01
7.278734402168425266e-01
1.553744732898165171e-01
6.139046823331481550e-02
1.688756167068336186e-02
2.141123237492770504e-01
9.913497235115493328e-03
8.634865169827558515e-03
1.586863412578893434e-02
1.842438844364358008e-02
1.000000000000000222e+00
1.695760808406595599e-01
1.012128346679947721e-01
7.823465101570403757e-01
6.879231267138296024e-01
3.442581606332081878e-02
1.349215758121621866e-01
4.837598513547860524e-01
9.191407317087979534e-02
4.980321756846320391e-02
6.588488847659154657e-03
1.790757619780614651e-01
2.797875478948100847e-01
4.563086729056146928e-02
5.697617396405858098e-02
7.288102361058174106e-02
8.390610791138133351e-01
4.847106624636410288e-02
3.751400335419724508e-02
5.767878300430786531e-01
7.796464199275801032e-01
8.632945688968859388e-01
9.999999999999998890e-01
9.467111144018375279e-01
4.022688636321637423e-01
3.131645923008096188e-01
1.248071570291486854e-02
8.553129475956351424e-01
3.551617971174753086e-01
9.031993030172441594e-02
1.115622717882661652e-01
6.795827830094389732e-01
7.947028735719867676e-01
7.729008163499238027e-01
4.729113220691284480e-01
7.902922834678687281e-01
7.650369064467711366e-01
5.709601340929748581e-01
7.764896174423167041e-01
7.275154352453390150e-01
6.781991768008004406e-01
9.449658646961867081e-02
1.811486499134047634e-02
8.614392852852537086e-01
8.143695050064154728e-01
1.778673467962404442e-01
1.982533163402279697e-01
9.470843485674976803e-01
5.106416107124511772e-01
6.958716346250910512e-01
4.809789598869581573e-01
5.477724797557009806e-02
1.069897789115705211e-01
1.338853077048285933e-01
5.936439455754911193e-02
1.637943074488984810e-02
1.120484443023048518e-02
7.609917989307400654e-03
9.999999999999998890e-01
1.546749921510128800e-01
7.303562183663581120e-01
4.146818247550970726e-02
9.127127513203153741e-02
4.771868071948848211e-02
2.980348267521095718e-01
8.511149201637608908e-01
7.871305496309800587e-01
3.771839376480100592e-01
8.796903082443622290e-01
1.167103140717199450e-01
8.654608781916783844e-02
9.173756153520485901e-01
7.678107458248597528e-01
9.811899571691640176e-02
6.044963060785206732e-01
9.599462068646026358e-01
1.419384006706174706e-01
1.060822578408218142e-01
1.327143994578558125e-02
7.000980934825873359e-01
2.205419614693349128e-01
4.323548920733030765e-02
8.968173641690722897e-02
1.006255480246038836e-01
9.617850651095798398e-01
3.241054706596242507e-01
9.124903394787309274e-02
8.093680247047261300e-01
7.403245433096597994e-01
5.679745117119239239e-01
7.703790334862687939e-01
7.227124497724689567e-01
6.763546717731616642e-01
1.159304120701510898e-01
1.917427344568148340e-02
8.610501021190379856e-01
7.735206539104437784e-01
1.766975319337316108e-01
1.796801926068294086e-01
8.618302670582912439e-01
9.474615006178735976e-01
5.370153127681626115e-01
6.639527472539954456e-01
7.323046375426899290e-01
4.891589851010425538e-01
7.169798561557477745e-02
1.127558959325762333e-01
7.278734402168425266e-01
1.553744732898165171e-01
6.139046823331481550e-02
1.688756167068336186e-02
2.141123237492770504e-01
9.913497235115493328e-03
8.634865169827558515e-03
1.586863412578893434e-02
1.842438844364358008e-02
1.000000000000000222e+00
1.695760808406595599e-01
1.012128346679947721e-01
7.823465101570403757e-01
6.879231267138296024e-01
3.442581606332081878e-02
1.349215758121621866e-01
4.837598513547860524e-01
9.191407317087979534e-02
4.980321756846320391e-02
6.588488847659154657e-03
1.790757619780614651e-01
2.797875478948100847e-01
4.563086729056146928e-02
5.697617396405858098e-02
7.288102361058174106e-02
8.390610791138133351e-01
4.847106624636410288e-02
3.751400335419724508e-02
5.767878300430786531e-01
7.796464199275801032e-01
8.632945688968859388e-01
9.999999999999998890e-01
9.467111144018375279e-01
4.022688636321637423e-01
3.131645923008096188e-01
1.248071570291486854e-02
8.553129475956351424e-01
3.551617971174753086e-01
9.031993030172441594e-02
1.115622717882661652e-01
6.795827830094389732e-01
7.947028735719867676e-01
7.729008163499238027e-01
4.729113220691284480e-01
7.902922834678687281e-01
7.678107458248597528e-01
9.811899571691640176e-02
6.045445909800482021e-01
9.599461851528807710e-01
1.419382740435866097e-01
1.060818141722341956e-01
1.327143994578558125e-02
7.000991522065855843e-01
2.205419614693349128e-01
4.323548920733030765e-02
8.968173641690722897e-02
1.006254016307006616e-01
9.617850651095798398e-01
3.241054706596242507e-01
9.124903394787309274e-02
8.093680247047261300e-01
9.507800863254847190e-01
5.214503606789322454e-02
3.421483957737818660e-01
7.726378479759431483e-01
2.069295131214672345e-01
7.854108721964263296e-02
4.073334187558017017e-02
4.670458980436582586e-01
4.826036226397019124e-01
4.902939575366119240e-02
6.238141738272982850e-02
9.269460652919558896e-03
7.249960704401831046e-01
6.108348702269641439e-01
1.825338879734648145e-01
9.741889366686146134e-01
8.012239121814025422e-01
1.961656950603576366e-01
4.148655745010578766e-01
8.566145755423544284e-01
1.853038175242718300e-01
8.160767534538362900e-02
1.557349222064691174e-02
4.865067305920167673e-01
3.271202035385676332e-01
2.504934565150243597e-02
5.470919657276826498e-02
1.665816221620595172e-01
8.665692554384231139e-01
4.476273664187735424e-01
1.501340747857884406e-01
8.495896592102759604e-01
8.187537558516503333e-01
1.732536348528674885e-01
3.181527353673390124e-01
8.926832212980329029e-01
2.029071006076641481e-01
6.817452193681265704e-02
6.593842852653392095e-02
4.639074747196176851e-01
2.370412335900218270e-01
5.748658202615514190e-02
5.119297240015593942e-02
1.159861546717193548e-01
8.757985151761333853e-01
3.635600644060867914e-01
1.503701490769979721e-01
8.698875887319226230e-01
8.529176220883269988e-01
1.955072406029274568e-01
1.274410222691670924e-01
8.667358408278343918e-01
2.539649013940703526e-01
6.867066398624699364e-02
7.106236943423052677e-02
2.877052657640297717e-01
4.210517777908431292e-01
5.566622927033235135e-02
5.310799124184563402e-02
1.041036424646821779e-01
8.269648708664004699e-01
5.380134558237914533e-01
1.981328623160378832e-01
9.097295106399791997e-01
8.259226681627716005e-01
2.405575845082184028e-01
4.017882678824411524e-01
8.388794432751914831e-01
2.479843549228788468e-01
6.794086336476171106e-02
3.195553111271123847e-02
5.084901222870039650e-01
4.343056488817893523e-01
3.506676733863395290e-02
4.037059407870341454e-02
2.229420140408229223e-01
8.263698512355314163e-01
5.297779080722173628e-01
2.629617057341888664e-01
8.756705283446732935e-01
7.403245433096597994e-01
5.679745117119240350e-01
7.703790334862687939e-01
7.227124497724689567e-01
6.763546717731616642e-01
1.159304120701510898e-01
1.917427344568149727e-02
8.610501021190377635e-01
7.735206539104440004e-01
1.766975319337316663e-01
1.796801926068293809e-01
8.618302670582914660e-01
9.474615006178735976e-01
5.370153127681627225e-01
6.639527472539953346e-01
7.323046375426899290e-01
4.891589851010425538e-01
7.169798561557477745e-02
1.127558959325761778e-01
7.278734402168425266e-01
1.553744732898166281e-01
6.139046823331482938e-02
1.688756167068335839e-02
2.141123237492771059e-01
9.913497235115493328e-03
8.634865169827560250e-03
1.586863412578894128e-02
1.842438844364358702e-02
9.999999999999998890e-01
1.695760808406595321e-01
1.012128346679947721e-01
7.823465101570403757e-01
6.879231267138294914e-01
3.442581606332081878e-02
1.349215758121621589e-01
4.837598513547859413e-01
9.191407317087979534e-02
4.980321756846319003e-02
6.588488847659154657e-03
1.790757619780614651e-01
2.797875478948101957e-01
4.563086729056146928e-02
5.697617396405858792e-02
7.288102361058174106e-02
8.390610791138134461e-01
4.847106624636413064e-02
3.751400335419724508e-02
5.767878300430786531e-01
7.796464199275801032e-01
8.632945688968857167e-01
1.000000000000000000e+00
9.467111144018376390e-01
4.022688636321637423e-01
3.131645923008096744e-01
1.248071570291486854e-02
8.553129475956351424e-01
3.551617971174753086e-01
9.031993030172441594e-02
1.115622717882661097e-01
6.795827830094390842e-01
7.947028735719867676e-01
7.729008163499238027e-01
4.729113220691284480e-01
7.902922834678687281e-01
