2.793763482326152570e-01
6.995107267448674726e-01
3.051065786614184372e-01
2.637566801755042989e-01
5.525379006469974819e-01
5.617543417259651672e-01
5.911622731822286925e-01
4.574987546845243336e-01
3.001912751539172475e-01
4.943441894917111057e-01
1.907582965842927469e-01
4.547934864021475621e-01
2.314494775093368650e-01
6.752105790609866931e-01
5.927025668585899076e-01
2.647248775147265087e-01
4.425947531864450890e-01
5.264363187832583613e-01
7.145339911575161462e-01
5.849664914669283622e-01
4.955707040000998931e-01
1.943678048305917394e-01
3.861190008831376086e-01
2.000925730454255758e-01
3.809491305905380321e-01
3.755265375636523961e-01
3.882568858306600368e-01
5.856911286476920164e-01
1.677796448320524880e-01
2.165776665367197817e-01
7.096139898060577211e-01
2.841044400693585326e-01
5.226485971351616522e-01
4.268069340719514715e-01
2.096694763738757294e-01
6.763415023260684888e-01
5.508743243878205798e-01
4.361602533431461204e-01
3.752317130470175788e-01
5.181827269638340505e-01
3.438714216058308959e-01
4.399367752425102363e-01
2.057730060385525583e-01
5.519402115630783756e-01
5.214299336803234208e-01
4.246868638302820909e-01
5.468204087577799299e-01
7.005417776817235431e-01
2.200892329674708769e-01
5.253430359088652191e-01
1.667061508730482700e-01
2.321926607652194108e-01
6.415876493372081324e-01
3.330214800809090936e-01
3.768781563675371871e-01
3.042173748411965972e-01
6.574007633738924161e-01
5.528111530011128316e-01
5.188183389401861412e-01
5.568778994583309938e-01
2.245103427278810626e-01
5.098091143865810526e-01
4.341914434090327068e-01
2.873550234774812084e-01
2.833223325693076666e-01
6.990273085218643434e-01
2.943829035999268040e-01
2.642414744546146554e-01
5.548797400304361638e-01
5.568679923059310921e-01
5.881303047452141053e-01
4.561492389313474005e-01
3.022019969372701786e-01
5.060700002482648729e-01
1.968193983732311469e-01
2.318230092757408989e-01
6.757706461874288806e-01
5.888395467992757482e-01
4.383640348532316100e-01
5.365262444054942348e-01
7.120762979264264603e-01
5.069732872888943476e-01
2.004931425772372156e-01
3.871851468157584408e-01
3.790225534173639610e-01
3.753788718807574143e-01
1.669622565945643178e-01
2.161175481758006445e-01
5.162372796402439068e-01
4.257439190834795273e-01
5.527846479569012983e-01
4.380470314264433007e-01
3.399636741516581795e-01
5.233763273981604236e-01
2.222868393667818965e-01
6.485844738942372345e-01
3.972404959523884171e-01
6.001072187788706325e-01
6.013394271597751750e-01
4.014582946816511733e-01
3.398833508949456461e-01
6.399714125882707272e-01
3.390213687693983680e-01
4.229109737382631407e-01
6.559025715113897537e-01
3.501768477813170799e-01
4.428932955195782895e-01
3.831299883886540858e-01
5.076059781853086150e-01
5.038640060792326514e-01
3.583647384716401318e-01
6.696335024625257315e-01
2.614389556124785408e-01
5.133511301105755376e-01
7.179302879379918512e-01
3.458202317482327315e-01
2.793763482326152570e-01
6.995107267448674726e-01
3.051065786614184372e-01
2.637566801755042989e-01
5.525379006469974819e-01
5.617543417259651672e-01
5.911622731822286925e-01
4.574987546845243336e-01
3.001912751539172475e-01
4.943441894917111057e-01
1.907582965842927469e-01
4.547934864021475621e-01
2.314494775093368650e-01
6.752105790609866931e-01
5.927025668585899076e-01
2.647248775147265087e-01
4.425947531864450890e-01
5.264363187832583613e-01
7.145339911575161462e-01
5.849664914669283622e-01
4.955707040000998931e-01
1.943678048305917394e-01
3.861190008831376086e-01
2.000925730454255758e-01
3.809491305905380321e-01
3.755265375636523961e-01
3.882568858306600368e-01
5.856911286476920164e-01
1.677796448320524880e-01
2.165776665367197817e-01
7.096139898060577211e-01
2.841044400693585326e-01
5.226485971351616522e-01
4.268069340719514715e-01
2.096694763738757294e-01
6.763415023260684888e-01
5.508743243878205798e-01
4.361602533431461204e-01
3.752317130470175788e-01
5.181827269638340505e-01
3.438714216058308959e-01
4.399367752425102363e-01
2.057730060385525583e-01
5.519402115630783756e-01
5.214299336803234208e-01
4.246868638302820909e-01
5.468204087577799299e-01
7.005417776817235431e-01
2.200892329674708769e-01
5.253430359088652191e-01
1.667061508730482700e-01
2.321926607652194108e-01
6.415876493372081324e-01
3.330214800809090936e-01
3.768781563675371871e-01
3.042173748411965972e-01
6.574007633738924161e-01
5.528111530011128316e-01
5.188183389401861412e-01
5.568778994583309938e-01
2.245103427278810626e-01
5.098091143865810526e-01
4.341914434090327068e-01
2.873550234774812084e-01
3.398833508949456461e-01
6.399714125882707272e-01
3.390484485269453785e-01
4.229106609190389499e-01
6.559019863632216119e-01
3.501753832341756301e-01
4.428932955195782895e-01
3.831305677773382268e-01
5.076059781853086150e-01
5.038640060792326514e-01
3.583647384716401318e-01
6.696325282540462887e-01
2.614389556124785408e-01
5.133511301105755376e-01
7.179302879379918512e-01
3.458202317482327315e-01
3.416583326567411705e-01
7.042023759335809263e-01
4.454264549063775558e-01
3.056542653759095063e-01
3.945268085874249486e-01
4.521970220733395607e-01
5.577221772881064688e-01
4.723376432084818166e-01
6.239123990714319223e-01
4.670102456774558042e-01
4.597944613318548090e-01
7.737960649692046111e-01
3.347517858176517480e-01
6.365351728531056796e-01
4.309528971625473659e-01
3.392409051816867027e-01
2.581683846853187747e-01
6.417896981595094807e-01
8.616590469032443522e-01
2.196663246463175234e-01
6.146306715623746086e-01
4.645697299777574174e-01
4.359712505374461200e-01
8.129191425418793582e-01
9.259526957083195065e-01
3.907323278435447245e-01
4.651141840971448893e-01
6.412092113957543749e-01
2.354780442772803351e-01
9.331683939434287645e-01
6.322033427092563773e-01
2.671077871340568066e-01
2.943192374560035240e-01
6.966503356027589078e-01
6.140428441269216719e-01
3.255954791922357483e-01
8.347446678033363376e-01
4.860861920276225989e-01
4.640151018988931675e-01
5.941555505720010899e-01
8.833422413947298324e-01
4.639463305610388999e-01
4.899048570835005112e-01
7.396940398682509965e-01
2.651376960220109824e-01
8.725487739619757210e-01
9.245755565875946047e-01
3.025797481490345442e-01
2.925042043312685025e-01
7.792502233071578743e-01
8.391128329137482744e-01
2.995393072391297484e-01
7.687691466242090321e-01
4.789533558238042721e-01
4.960987261007291371e-01
8.369501300704569324e-01
8.399462649058473396e-01
4.453256767243197745e-01
4.846776442657659278e-01
8.535028012086218752e-01
2.993709808902408342e-01
8.236047757798177216e-01
8.095173266751953811e-01
2.991496025939793801e-01
2.593619185337553423e-01
7.837221134585796722e-01
8.784934266981434536e-01
2.475272370742030714e-01
6.969040079781376740e-01
4.226588730237422764e-01
4.869773440744480930e-01
8.221752698293804951e-01
9.385096232526000115e-01
4.683716456755954716e-01
4.217332253685077692e-01
8.620410248634926553e-01
2.432281692458493072e-01
9.027634652077918265e-01
7.895426911077125798e-01
2.676300316581494698e-01
2.793763482326153125e-01
6.995107267448676946e-01
3.051065786614185482e-01
2.637566801755042989e-01
5.525379006469974819e-01
5.617543417259652783e-01
5.911622731822288035e-01
4.574987546845242226e-01
3.001912751539173585e-01
4.943441894917112722e-01
1.907582965842927192e-01
4.547934864021476731e-01
2.314494775093368928e-01
6.752105790609868041e-01
5.927025668585899076e-01
2.647248775147265087e-01
4.425947531864450890e-01
5.264363187832583613e-01
7.145339911575159242e-01
5.849664914669285842e-01
4.955707040001000041e-01
1.943678048305917394e-01
3.861190008831374976e-01
2.000925730454255758e-01
3.809491305905380321e-01
3.755265375636524516e-01
3.882568858306600923e-01
5.856911286476919054e-01
1.677796448320524880e-01
2.165776665367198095e-01
7.096139898060579432e-01
2.841044400693585326e-01
5.226485971351615412e-01
4.268069340719514715e-01
2.096694763738757572e-01
6.763415023260682668e-01
5.508743243878204687e-01
4.361602533431461204e-01
3.752317130470175788e-01
5.181827269638341615e-01
3.438714216058309514e-01
4.399367752425101807e-01
2.057730060385525028e-01
5.519402115630783756e-01
5.214299336803235319e-01
4.246868638302820909e-01
5.468204087577799299e-01
7.005417776817235431e-01
2.200892329674708769e-01
5.253430359088652191e-01
1.667061508730482977e-01
2.321926607652194108e-01
6.415876493372081324e-01
3.330214800809091491e-01
3.768781563675371871e-01
3.042173748411966527e-01
6.574007633738920831e-01
5.528111530011128316e-01
5.188183389401863632e-01
5.568778994583311048e-01
2.245103427278810349e-01
5.098091143865810526e-01
4.341914434090327068e-01
2.873550234774812084e-01
