5.964458655095018491e-01
8.414960301207046189e-01
5.873962611205049145e-01
7.160096364735573093e-01
9.396149644274631729e-01
2.195829146232730622e-01
2.726856013215392394e-01
7.826088007530898061e-01
4.644474422756263432e-01
1.744476426764865473e-01
6.678881454701027232e-02
7.587283682405961960e-01
6.340696660294917741e-01
6.688511751160012286e-01
9.259686621890916847e-01
7.241654917622107890e-01
7.780847756758970668e-01
2.666770109491291563e-01
1.521839779500566703e-01
9.282268309542367479e-01
1.741070768140622893e-01
3.765038330878924672e-02
5.139544194102903252e-02
8.190703743573049533e-02
1.682770923559434861e-01
6.278729263891212609e-02
5.032961293022254062e-02
2.765766643522132306e-01
6.290534093628744605e-01
6.985791327146664842e-02
1.486609423301065436e-01
5.751260487869179761e-01
6.229992180521847223e-01
1.802174526072260197e-01
5.082727196117714508e-02
6.750661554517948248e-01
2.435075638660868513e-01
7.591805617591343425e-02
6.217821481643803772e-02
1.937223374495369299e-01
1.101233350921407284e-01
7.569138538885103462e-02
3.528073472868124838e-02
2.000635889491740871e-01
8.536174875021841357e-01
1.804078780430729556e-01
2.673148374344444522e-01
8.761129620997767375e-01
6.632075455503830819e-01
8.663487490896010224e-01
6.408154885936183653e-01
6.352052380448363067e-01
8.333965503514171314e-01
1.178680640390155077e-01
1.707845651575931600e-01
4.689433542541440181e-01
8.554035559955422974e-01
2.544326477957771782e-01
1.681048842343460525e-01
9.920192340380475926e-01
6.791796375227342475e-01
6.308476868760848344e-01
7.958232486452152532e-01
6.162241534584604885e-01
6.062275412962688792e-01
8.583481429653061490e-01
5.811311005786807815e-01
7.200934237605246535e-01
9.656751089494196583e-01
2.098644531698297122e-01
2.741331395535232529e-01
7.706961116944004431e-01
4.666927985393584666e-01
1.839285692460559396e-01
7.485634195671814206e-02
6.346404165374092132e-01
6.719290198160221550e-01
9.270962819181438608e-01
7.870153619308783988e-01
2.669927288352240691e-01
1.504241124180131228e-01
1.711630998898726608e-01
3.657460756536070473e-02
5.086392163351313722e-02
1.695868363591082895e-01
6.248223017796618317e-02
6.347352298229411716e-01
6.135538669584025828e-02
6.269183031480816126e-01
1.803129329778821732e-01
2.494016185360394822e-01
7.580480978557073424e-02
1.145677881095555073e-01
8.599500712494583254e-01
6.711468127097592884e-01
8.439800108364994280e-01
8.027982743707992030e-01
1.885083024290779008e-01
1.820162024848596127e-01
8.269370318855545632e-01
7.014904997956877830e-01
5.264086514895700564e-01
2.314891438390027645e-01
8.799075507022079412e-01
5.407190873876634996e-01
8.138828177298176869e-02
1.200181630114552506e-01
3.021274210667435067e-01
3.088350965157136141e-01
1.097885241361599984e-01
7.567572212369579054e-02
5.641376743717967379e-01
7.323395684136752015e-01
3.314312180884781966e-01
6.052133460935333886e-01
7.266862471005144375e-01
5.964458655095018491e-01
8.414960301207046189e-01
5.873962611205049145e-01
7.160096364735573093e-01
9.396149644274631729e-01
2.195829146232730622e-01
2.726856013215392394e-01
7.826088007530898061e-01
4.644474422756263432e-01
1.744476426764865473e-01
6.678881454701027232e-02
7.587283682405961960e-01
6.340696660294917741e-01
6.688511751160012286e-01
9.259686621890916847e-01
7.241654917622107890e-01
7.780847756758970668e-01
2.666770109491291563e-01
1.521839779500566703e-01
9.282268309542367479e-01
1.741070768140622893e-01
3.765038330878924672e-02
5.139544194102903252e-02
8.190703743573049533e-02
1.682770923559434861e-01
6.278729263891212609e-02
5.032961293022254062e-02
2.765766643522132306e-01
6.290534093628744605e-01
6.985791327146664842e-02
1.486609423301065436e-01
5.751260487869179761e-01
6.229992180521847223e-01
1.802174526072260197e-01
5.082727196117714508e-02
6.750661554517948248e-01
2.435075638660868513e-01
7.591805617591343425e-02
6.217821481643803772e-02
1.937223374495369299e-01
1.101233350921407284e-01
7.569138538885103462e-02
3.528073472868124838e-02
2.000635889491740871e-01
8.536174875021841357e-01
1.804078780430729556e-01
2.673148374344444522e-01
8.761129620997767375e-01
6.632075455503830819e-01
8.663487490896010224e-01
6.408154885936183653e-01
6.352052380448363067e-01
8.333965503514171314e-01
1.178680640390155077e-01
1.707845651575931600e-01
4.689433542541440181e-01
8.554035559955422974e-01
2.544326477957771782e-01
1.681048842343460525e-01
9.920192340380475926e-01
6.791796375227342475e-01
6.308476868760848344e-01
7.958232486452152532e-01
6.162241534584604885e-01
7.014904997956877830e-01
5.264086514895700564e-01
2.315076343250530577e-01
8.799074856044066806e-01
5.407186049977519282e-01
8.138794138218732876e-02
1.200181630114552506e-01
3.021278779592193597e-01
3.088350965157136141e-01
1.097885241361599984e-01
7.567572212369579054e-02
5.641368536426907276e-01
7.323395684136752015e-01
3.314312180884781966e-01
6.052133460935333886e-01
7.266862471005144375e-01
7.413715859310782141e-01
3.426401910476104540e-01
4.319051724489004762e-01
7.465135365512006738e-01
4.335810822027141853e-01
1.090913162137591569e-01
8.407294481318319801e-02
4.901097484406895521e-01
4.096057612545187521e-01
1.208720840433846894e-01
1.046613297917735746e-01
4.048000041442127994e-01
7.465447751569591617e-01
4.620280405345145169e-01
4.945445857510744059e-01
7.443321217932103995e-01
6.866505467953006869e-01
3.977847876003430816e-01
5.730717907627917995e-01
7.331259085978986123e-01
4.135864091272201115e-01
1.045190345097355977e-01
7.366096937694896485e-02
5.666906031646588016e-01
4.976132736304106352e-01
7.879597148214376179e-02
9.711389083916818765e-02
4.005823048622281224e-01
7.468277251975047326e-01
5.357248973066184305e-01
4.369702308517739997e-01
7.178991614872204385e-01
7.257492348136774796e-01
2.963877112684834003e-01
5.092093608286067941e-01
7.795593281673602881e-01
4.037396320473565225e-01
1.130359960731796704e-01
1.139776288386431524e-01
5.278715116602259450e-01
3.789164887714537855e-01
1.355386397729008152e-01
1.075857682251406267e-01
3.202637610756746689e-01
7.620407225411455210e-01
4.078539991715601776e-01
4.561777695654778420e-01
7.597974859503402456e-01
7.299430107258902956e-01
3.696152786586712757e-01
4.278066905224884309e-01
7.637536731247579480e-01
3.989525485789369164e-01
1.107891799899420882e-01
1.162225217091273355e-01
4.698662596402582992e-01
6.019504048796582296e-01
1.130417423758780376e-01
1.069866640578121947e-01
3.976837025742572251e-01
7.467556226951590492e-01
6.029157680431742605e-01
4.298346747926395928e-01
7.658065926514121546e-01
7.157604616570593103e-01
4.845605648828128498e-01
5.821394493369222989e-01
7.155304419281081074e-01
4.677615106233221631e-01
9.805549749356862188e-02
8.560836588919604195e-02
5.853940371799992715e-01
5.486172676868963372e-01
9.732083707675251438e-02
9.001301655340132601e-02
5.408959987662114166e-01
7.167818370579359666e-01
5.480182245493090409e-01
5.527124546478023870e-01
7.472982763867893619e-01
5.964458655095019601e-01
8.414960301207047300e-01
5.873962611205050255e-01
7.160096364735573093e-01
9.396149644274631729e-01
2.195829146232731732e-01
2.726856013215392394e-01
7.826088007530895840e-01
4.644474422756263432e-01
1.744476426764866028e-01
6.678881454701024456e-02
7.587283682405963070e-01
6.340696660294917741e-01
6.688511751160013397e-01
9.259686621890913516e-01
7.241654917622109000e-01
7.780847756758970668e-01
2.666770109491291563e-01
1.521839779500566148e-01
9.282268309542367479e-01
1.741070768140622893e-01
3.765038330878925366e-02
5.139544194102901864e-02
8.190703743573052309e-02
1.682770923559434861e-01
6.278729263891211221e-02
5.032961293022254062e-02
2.765766643522131751e-01
6.290534093628743495e-01
6.985791327146664842e-02
1.486609423301065436e-01
5.751260487869179761e-01
6.229992180521848333e-01
1.802174526072260474e-01
5.082727196117714508e-02
6.750661554517946028e-01
2.435075638660867958e-01
7.591805617591343425e-02
6.217821481643802384e-02
1.937223374495370409e-01
1.101233350921407561e-01
7.569138538885103462e-02
3.528073472868124838e-02
2.000635889491740871e-01
8.536174875021842468e-01
1.804078780430730111e-01
2.673148374344444522e-01
8.761129620997769596e-01
6.632075455503830819e-01
8.663487490896010224e-01
6.408154885936183653e-01
6.352052380448364177e-01
8.333965503514173534e-01
1.178680640390155077e-01
1.707845651575931600e-01
4.689433542541440736e-01
8.554035559955421864e-01
2.544326477957772892e-01
1.681048842343460525e-01
9.920192340380478146e-01
6.791796375227342475e-01
6.308476868760848344e-01
7.958232486452152532e-01
6.162241534584604885e-01
