5.812864756806078448e-02
3.522330393929182235e-01
2.355879886441457349e-01
6.206785522553570633e-02
2.836509539788229506e-01
6.982338292430366744e-01
5.113188848867449288e-01
2.529032062539728343e-01
1.013176121846300903e-01
6.984129177967914881e-01
4.337384987743456710e-01
2.530595236120787295e-01
5.403937487780488547e-02
4.221676052610358054e-01
3.068555783186142638e-01
6.207265482757981512e-02
2.522874242370576892e-01
4.898355011815762050e-01
8.271604605538114274e-01
3.098733243343533839e-01
6.442127107294783883e-01
2.928012762607996589e-01
6.431080425055956118e-01
4.435974768233638121e-01
6.431007515984830114e-01
5.974449444816867238e-01
6.472599836158116071e-01
5.101105115202366758e-01
1.245258168149439154e-01
4.116768890333203923e-01
8.042388553075550117e-01
2.196466688329367367e-01
3.606912603418170882e-01
5.521550778820407679e-01
4.108908355248445110e-01
4.130688216909331745e-01
6.322928631467237270e-01
8.736399444916539414e-01
5.948702288653178183e-01
7.188041143831748192e-01
4.203716479552333518e-01
8.747203510887034961e-01
3.009697216884091309e-01
6.786195195504065580e-01
2.743607595213095607e-01
5.592836736283823829e-01
4.819805260362795551e-01
3.578515905433993782e-01
2.031163926344071308e-02
2.762267155107996919e-01
1.256151233524502586e-01
5.293245620887011837e-02
1.516130532079534854e-01
4.139514700109217515e-01
6.432434060793418285e-01
9.975417099305550206e-02
1.407725083638400321e-01
6.266769948031847282e-01
6.445424479974160015e-01
2.690111872914789370e-01
2.014842524905195026e-02
3.632316620454212885e-01
2.403485521166289773e-01
5.943409433094735961e-02
5.877427761573704446e-02
3.528959186076869314e-01
2.274483635789462388e-01
6.207025847487209619e-02
2.765819594273163373e-01
6.884680762725501335e-01
5.103718791273342825e-01
2.529811847445473383e-01
1.005367956363407700e-01
7.084430344745124009e-01
4.418180015767367297e-01
5.348302584491150535e-02
4.176616146907051186e-01
3.083624940093897537e-01
2.462766967385238981e-01
4.859473651362773428e-01
8.157104079958510390e-01
6.443744414462061476e-01
2.975757843068061459e-01
6.451785819573410130e-01
6.433688044140193352e-01
5.961553735053951586e-01
1.247618070218594194e-01
4.169403088098987964e-01
3.619597944568878622e-01
5.557293953627445715e-01
6.305542544229763013e-01
8.741797235642194686e-01
4.190688975912716385e-01
2.752888939792373368e-01
2.023051027503833255e-02
1.440300427370017067e-01
1.338718475243485528e-01
8.703378166167895502e-01
8.660554588960609479e-01
1.298258056268670746e-01
1.197939964486877951e-01
3.768493509618018322e-01
5.198361674573188651e-01
1.577292586006304453e-01
4.645748887423353235e-01
5.697340248176889776e-01
6.592222819260186162e-01
5.420669092268792788e-01
5.157438715089557313e-01
8.171624676423562272e-01
5.763549188534040635e-01
3.973690676192209725e-01
6.275672595425013656e-02
5.375028223239732839e-01
4.724201334431328281e-01
1.207828544629259288e-01
5.812864756806078448e-02
3.522330393929182235e-01
2.355879886441457349e-01
6.206785522553570633e-02
2.836509539788229506e-01
6.982338292430366744e-01
5.113188848867449288e-01
2.529032062539728343e-01
1.013176121846300903e-01
6.984129177967914881e-01
4.337384987743456710e-01
2.530595236120787295e-01
5.403937487780488547e-02
4.221676052610358054e-01
3.068555783186142638e-01
6.207265482757981512e-02
2.522874242370576892e-01
4.898355011815762050e-01
8.271604605538114274e-01
3.098733243343533839e-01
6.442127107294783883e-01
2.928012762607996589e-01
6.431080425055956118e-01
4.435974768233638121e-01
6.431007515984830114e-01
5.974449444816867238e-01
6.472599836158116071e-01
5.101105115202366758e-01
1.245258168149439154e-01
4.116768890333203923e-01
8.042388553075550117e-01
2.196466688329367367e-01
3.606912603418170882e-01
5.521550778820407679e-01
4.108908355248445110e-01
4.130688216909331745e-01
6.322928631467237270e-01
8.736399444916539414e-01
5.948702288653178183e-01
7.188041143831748192e-01
4.203716479552333518e-01
8.747203510887034961e-01
3.009697216884091309e-01
6.786195195504065580e-01
2.743607595213095607e-01
5.592836736283823829e-01
4.819805260362795551e-01
3.578515905433993782e-01
2.031163926344071308e-02
2.762267155107996919e-01
1.256151233524502586e-01
5.293245620887011837e-02
1.516130532079534854e-01
4.139514700109217515e-01
6.432434060793418285e-01
9.975417099305550206e-02
1.407725083638400321e-01
6.266769948031847282e-01
6.445424479974160015e-01
2.690111872914789370e-01
2.014842524905195026e-02
3.632316620454212885e-01
2.403485521166289773e-01
5.943409433094735961e-02
1.197939964486877951e-01
3.768493509618018322e-01
5.198776900239643339e-01
1.577288020359274567e-01
4.645744742826933837e-01
5.697316420149916016e-01
6.592222819260186162e-01
5.420677289680710942e-01
5.157438715089557313e-01
8.171624676423562272e-01
5.763549188534040635e-01
3.973684895114744098e-01
6.275672595425013656e-02
5.375028223239732839e-01
4.724201334431328281e-01
1.207828544629259288e-01
8.824859809852073078e-02
5.892320978273357657e-01
4.366056700049179007e-01
9.604433463779286917e-02
6.386608179538286745e-01
6.762014061914982666e-01
8.002550579610320236e-01
4.723471441093751721e-01
5.092729602836885139e-01
8.215854544047136443e-01
6.776340340115596383e-01
6.330461825260020881e-01
4.633310837385254399e-02
5.345657166216353229e-01
6.775693575064167806e-01
8.355399684514504266e-02
6.765416624060346940e-02
3.112823966363056361e-01
3.710626153148959272e-01
6.790425584976339524e-02
2.174155002362876399e-01
8.160304177680268722e-01
8.026570904734775525e-01
3.445741155218700058e-01
4.388171532945515096e-01
7.601450217617233829e-01
8.113001728728588269e-01
3.074945188839472987e-01
8.726456466722984362e-02
4.679017535736695876e-01
2.073205352178284500e-01
6.640967324419841389e-02
8.854683232313576013e-02
5.758575674840682446e-01
3.008776982764707064e-01
8.991367716691825440e-02
3.709040142598873935e-01
7.919801081601148818e-01
8.305447806683371459e-01
2.886043046170732040e-01
8.586113724588035900e-01
7.882108132692933200e-01
7.886712803459765553e-01
5.920572255430998077e-01
7.310715137977605305e-02
8.559945031356550604e-01
3.821003303614922686e-01
8.823731993833541787e-02
7.304507036444168877e-02
5.977054725473514019e-01
6.043506870140054055e-01
9.345960737865337264e-02
7.405008920355422575e-01
8.065952400321849680e-01
8.207080737432239648e-01
6.079695825841593404e-01
4.576974605405470520e-01
7.408137541399925086e-01
8.051544939308497018e-01
6.142520988158621797e-01
8.135991980894954900e-02
4.389270850758562048e-01
7.394488756441850441e-01
7.554247663312758931e-02
7.788417387804350001e-02
3.287882441210681073e-01
3.515690830168491932e-01
7.958382109833164741e-02
3.354131765337702298e-01
7.767760729296734334e-01
8.283314111991570972e-01
3.323273500743593178e-01
3.033294785331515087e-01
8.465792474943680812e-01
7.688556804005749479e-01
3.460830299368922169e-01
8.172989878585548706e-02
2.833987886705242598e-01
3.675821679328541425e-01
7.967214386590951158e-02
5.812864756806079836e-02
3.522330393929181680e-01
2.355879886441457904e-01
6.206785522553569245e-02
2.836509539788230061e-01
6.982338292430366744e-01
5.113188848867449288e-01
2.529032062539728343e-01
1.013176121846301458e-01
6.984129177967917101e-01
4.337384987743455600e-01
2.530595236120787850e-01
5.403937487780488547e-02
4.221676052610357499e-01
3.068555783186142083e-01
6.207265482757981512e-02
2.522874242370576336e-01
4.898355011815762050e-01
8.271604605538114274e-01
3.098733243343533839e-01
6.442127107294786104e-01
2.928012762607996589e-01
6.431080425055955008e-01
4.435974768233638121e-01
6.431007515984831224e-01
5.974449444816866128e-01
6.472599836158116071e-01
5.101105115202366758e-01
1.245258168149439154e-01
4.116768890333203368e-01
8.042388553075552338e-01
2.196466688329367090e-01
3.606912603418170327e-01
5.521550778820408789e-01
4.108908355248444000e-01
4.130688216909331745e-01
6.322928631467237270e-01
8.736399444916539414e-01
5.948702288653178183e-01
7.188041143831748192e-01
4.203716479552335183e-01
8.747203510887033850e-01
3.009697216884091864e-01
6.786195195504063360e-01
2.743607595213096162e-01
5.592836736283823829e-01
4.819805260362796662e-01
3.578515905433993782e-01
2.031163926344071308e-02
2.762267155107996919e-01
1.256151233524502864e-01
5.293245620887011837e-02
1.516130532079535964e-01
4.139514700109217515e-01
6.432434060793418285e-01
9.975417099305550206e-02
1.407725083638400321e-01
6.266769948031847282e-01
6.445424479974160015e-01
2.690111872914789926e-01
2.014842524905195373e-02
3.632316620454212885e-01
2.403485521166289218e-01
5.943409433094735961e-02
