3.372008625110058389e-01
9.320759325258454187e-01
4.999286328352441355e-01
4.286477812383279740e-01
6.150992507436763290e-01
6.240788503298299039e-01
5.024528004111089574e-01
7.472086112923688184e-01
2.741232189902048089e-01
3.655927214390924940e-01
1.172961618530758698e-01
6.903327058973495189e-01
2.816694445507405553e-01
7.189546404885097663e-01
5.851696504040524438e-01
4.063739802977451299e-01
8.038491370368439082e-01
5.329947563772714503e-01
3.130090454184868420e-01
6.885957939621005774e-01
6.278606976303604537e-01
2.161015137244104434e-01
2.824615959664007470e-01
1.568984537091555331e-01
2.855783986279033515e-01
1.737178836579013896e-01
2.589441022827901340e-01
5.334608008212680108e-01
4.931609440279564605e-01
1.580118360206718142e-01
3.230812748744292806e-01
5.527183275475635593e-01
4.554303188758767051e-01
3.910342694706767652e-01
1.037402194101522124e-01
6.121810713127350256e-01
3.037701419456574348e-01
3.354884557979517234e-01
1.578227601001584157e-01
4.019603568541791905e-01
2.467294953144743563e-01
3.150972549153512325e-01
1.817486095796881085e-01
5.090118364167081078e-01
6.052486197179947069e-01
4.287968156716897017e-01
4.522152362898962941e-01
8.678946263312008469e-01
4.017884205081167504e-01
5.961084449480466008e-01
5.083108377415506141e-01
2.583149178378550959e-01
8.174843645530187608e-01
3.121797622550744333e-01
3.014065323267887120e-01
3.350617069385221081e-01
7.112262035638895474e-01
3.195383554905040779e-01
5.288040484654594753e-01
6.299969596420251783e-01
3.846159436662864306e-01
5.332019468699196185e-01
7.545949675412521040e-01
3.406808249988916848e-01
3.389219348755329042e-01
8.996260510489271223e-01
5.268830084674607228e-01
4.174948779689260925e-01
6.226423220688355187e-01
5.667882267730238732e-01
5.176770691782317524e-01
7.188362199821268783e-01
3.045572257658965554e-01
3.834814032023647901e-01
1.380126216818876594e-01
2.699312123616490755e-01
6.660771660261544103e-01
6.368156397454836082e-01
7.790517032408981191e-01
4.930096822091196707e-01
3.180404363445309412e-01
5.792750373977127998e-01
1.996740634262466063e-01
2.707336120703187632e-01
2.936087441279520704e-01
1.657566587854082396e-01
5.004692680146933803e-01
1.331983226859857483e-01
4.942651075453472487e-01
4.099686197698125811e-01
3.121957706017879364e-01
3.253008620429990727e-01
2.811059483059999975e-01
6.007022578513412370e-01
3.932524765834573000e-01
7.638699042540721962e-01
5.362778729854947857e-01
4.884599338871565832e-01
4.281716418117559320e-01
5.471193461924049872e-01
4.777764512606365033e-01
7.935883243054657754e-01
2.651326642001319289e-01
5.222413294782282112e-01
6.838183983827617052e-01
3.284824405600416108e-01
2.926589621820071541e-01
4.155224874752838637e-01
3.615710640143479093e-01
2.932656712237452501e-01
2.815221165140702198e-01
7.639760677218838669e-01
4.102219810611205109e-01
5.089749043220106461e-01
6.290481016545925730e-01
4.812706809514921136e-01
3.372008625110058389e-01
9.320759325258454187e-01
4.999286328352441355e-01
4.286477812383279740e-01
6.150992507436763290e-01
6.240788503298299039e-01
5.024528004111089574e-01
7.472086112923688184e-01
2.741232189902048089e-01
3.655927214390924940e-01
1.172961618530758698e-01
6.903327058973495189e-01
2.816694445507405553e-01
7.189546404885097663e-01
5.851696504040524438e-01
4.063739802977451299e-01
8.038491370368439082e-01
5.329947563772714503e-01
3.130090454184868420e-01
6.885957939621005774e-01
6.278606976303604537e-01
2.161015137244104434e-01
2.824615959664007470e-01
1.568984537091555331e-01
2.855783986279033515e-01
1.737178836579013896e-01
2.589441022827901340e-01
5.334608008212680108e-01
4.931609440279564605e-01
1.580118360206718142e-01
3.230812748744292806e-01
5.527183275475635593e-01
4.554303188758767051e-01
3.910342694706767652e-01
1.037402194101522124e-01
6.121810713127350256e-01
3.037701419456574348e-01
3.354884557979517234e-01
1.578227601001584157e-01
4.019603568541791905e-01
2.467294953144743563e-01
3.150972549153512325e-01
1.817486095796881085e-01
5.090118364167081078e-01
6.052486197179947069e-01
4.287968156716897017e-01
4.522152362898962941e-01
8.678946263312008469e-01
4.017884205081167504e-01
5.961084449480466008e-01
5.083108377415506141e-01
2.583149178378550959e-01
8.174843645530187608e-01
3.121797622550744333e-01
3.014065323267887120e-01
3.350617069385221081e-01
7.112262035638895474e-01
3.195383554905040779e-01
5.288040484654594753e-01
6.299969596420251783e-01
3.846159436662864306e-01
5.332019468699196185e-01
7.545949675412521040e-01
3.406808249988916848e-01
4.777764512606365033e-01
7.935883243054657754e-01
2.651538420046180011e-01
5.222410705024206345e-01
6.838177883301403970e-01
3.284810667455750899e-01
2.926589621820071541e-01
4.155231158495551469e-01
3.615710640143479093e-01
2.932656712237452501e-01
2.815221165140702198e-01
7.639749562602253796e-01
4.102219810611205109e-01
5.089749043220106461e-01
6.290481016545925730e-01
4.812706809514921136e-01
3.962964699577388172e-01
8.024785392380675564e-01
4.321839327940935060e-01
4.885947548550588770e-01
8.162538623337711741e-01
3.230250423982672925e-01
3.200425999019689272e-01
6.312488583949862342e-01
3.296092410740587564e-01
3.820442345624571745e-01
2.722242753341955201e-01
7.164944883702766276e-01
5.017064320967595803e-01
4.827648551099625873e-01
7.969769125591155134e-01
3.913035976908056379e-01
3.857606283004780812e-01
7.393883900304998313e-01
7.618501477738726102e-01
3.717257742092953121e-01
8.742372757491159163e-01
3.317097133868542880e-01
2.850903160002650205e-01
8.618403713625604201e-01
8.157093062185594157e-01
2.727211641858565128e-01
2.696758195176084394e-01
6.235123774060078450e-01
3.571869590232104041e-01
9.591858424266686001e-01
7.710341866934837807e-01
3.992467491289540815e-01
4.281148323793200206e-01
6.357684971711683453e-01
7.160156253691205563e-01
4.575147822539435416e-01
8.220519250871358707e-01
3.554669004986310554e-01
3.272336268836792961e-01
8.903812868783753665e-01
7.315968013077487342e-01
3.574415321371777199e-01
3.035833304364877749e-01
5.121782800161964744e-01
4.212352176977240958e-01
8.894356199769217763e-01
6.972515512402517324e-01
4.454530105772216975e-01
4.200458239366500202e-01
8.836182085948376397e-01
6.357594877870353933e-01
4.532025704062285776e-01
9.434347755184129269e-01
3.478118777097035652e-01
3.426795059188475490e-01
8.385314100017953187e-01
6.523209585677260947e-01
3.423648240961004729e-01
2.991719626037187552e-01
7.082576905214650331e-01
4.377725465731210353e-01
8.075970756508827897e-01
8.255842987106176700e-01
4.379518453675024792e-01
3.707601475566419946e-01
9.476379184650356446e-01
8.979739483996505012e-01
3.801573596547267453e-01
8.971522660512252223e-01
3.150840627848306985e-01
2.979321913967044044e-01
1.000000000000000222e+00
8.132725707289920614e-01
3.122862419709255266e-01
2.523868678231148688e-01
8.977710436620993661e-01
3.920489717364079585e-01
9.534659259457163305e-01
8.629086478182268483e-01
3.854624907334962547e-01
3.372008625110058389e-01
9.320759325258453076e-01
4.999286328352442466e-01
4.286477812383279185e-01
6.150992507436763290e-01
6.240788503298300149e-01
5.024528004111089574e-01
7.472086112923688184e-01
2.741232189902048089e-01
3.655927214390926605e-01
1.172961618530758421e-01
6.903327058973496300e-01
2.816694445507405553e-01
7.189546404885098774e-01
5.851696504040523328e-01
4.063739802977451854e-01
8.038491370368439082e-01
5.329947563772714503e-01
3.130090454184868975e-01
6.885957939621005774e-01
6.278606976303604537e-01
2.161015137244104156e-01
2.824615959664006914e-01
1.568984537091555331e-01
2.855783986279033515e-01
1.737178836579013619e-01
2.589441022827901340e-01
5.334608008212680108e-01
4.931609440279564605e-01
1.580118360206717865e-01
3.230812748744293916e-01
5.527183275475635593e-01
4.554303188758767607e-01
3.910342694706767652e-01
1.037402194101521846e-01
6.121810713127350256e-01
3.037701419456573793e-01
3.354884557979517234e-01
1.578227601001583880e-01
4.019603568541791905e-01
2.467294953144743841e-01
3.150972549153511215e-01
1.817486095796880807e-01
5.090118364167079967e-01
6.052486197179947069e-01
4.287968156716897017e-01
4.522152362898962941e-01
8.678946263312008469e-01
4.017884205081166393e-01
5.961084449480464897e-01
5.083108377415506141e-01
2.583149178378550959e-01
8.174843645530185388e-01
3.121797622550744333e-01
3.014065323267887675e-01
3.350617069385221636e-01
7.112262035638894364e-01
3.195383554905041890e-01
5.288040484654594753e-01
6.299969596420254003e-01
3.846159436662864306e-01
5.332019468699193965e-01
7.545949675412519930e-01
3.406808249988916848e-01
