3.347601632215274070e-01
8.997536043984146747e-01
5.318316607820903208e-01
4.204567551026567318e-01
6.140410176011028565e-01
5.684180458277106052e-01
5.208161344212454136e-01
7.183532254867015521e-01
3.026952731255810325e-01
3.683984341089984182e-01
1.332320711970790550e-01
7.245950500721564103e-01
2.751166207904855998e-01
6.602391239910813114e-01
6.437106325861050582e-01
4.202028581353259296e-01
7.809232272661343899e-01
4.844729811031269207e-01
3.252874115234519747e-01
6.301178216868772441e-01
5.700882453162947616e-01
1.951129291954554201e-01
2.656716673798922290e-01
1.415571354845358842e-01
2.949815037668732098e-01
1.635941236269648769e-01
2.712626436934573726e-01
5.090575445998040127e-01
4.913572187234420130e-01
1.375141046136516554e-01
3.099309698842828142e-01
5.197423233874757242e-01
4.954202072731743733e-01
4.075135327001092600e-01
1.260258894390295925e-01
6.723646832957933528e-01
3.083569953193765478e-01
3.196016231183826384e-01
1.663081911089382137e-01
3.909922240289933626e-01
2.796309474475327517e-01
3.272585638320275048e-01
2.018870880325462080e-01
5.586345378030689313e-01
6.075525103855521358e-01
4.089554206800927183e-01
4.954301785549428128e-01
8.974963445699863929e-01
3.930580529878742735e-01
5.974657149527520250e-01
5.128761430202343208e-01
2.724126444601582264e-01
7.572085865067244015e-01
2.783806802887703880e-01
2.883850839125241539e-01
3.095685656875515335e-01
7.756931175597977512e-01
3.125343131569398580e-01
5.832637778978067011e-01
6.321117332054120297e-01
3.970524805475035834e-01
4.925487252945444649e-01
7.785810482487468542e-01
3.497020189610090535e-01
3.421499023573634224e-01
8.982863283596498327e-01
5.256588548385279225e-01
4.203296242045856390e-01
6.231395824505000514e-01
5.635469428396038261e-01
5.145779511104682236e-01
7.214669427699417215e-01
3.061279449795287211e-01
3.795119726465452370e-01
1.383712968719929548e-01
2.737575736820002659e-01
6.662440647027771945e-01
6.369230434652983774e-01
7.797440371647336166e-01
4.898966869175715999e-01
3.176163927626497463e-01
5.765506277488346987e-01
1.989520963725305291e-01
2.684598420489711090e-01
2.917613083122802542e-01
1.649534903198136004e-01
5.018108649662706977e-01
1.336908942702861869e-01
4.939863502396449890e-01
4.082365033377298724e-01
3.109775515443761185e-01
3.234270869468975351e-01
2.802977818271847887e-01
6.025352953687022062e-01
3.950435679473153772e-01
7.658360955449960983e-01
5.387707217003420146e-01
4.563076928117417719e-01
4.556815655243606766e-01
5.494223155826502003e-01
4.749922809191842177e-01
7.579611538546129346e-01
3.192858213516895916e-01
5.253939106033393980e-01
6.281091639176150654e-01
3.011900286363320967e-01
2.907664035312759743e-01
3.638935775577707421e-01
4.301195185347559402e-01
2.913517750824551333e-01
3.063528208496731908e-01
7.931977141813135734e-01
4.129871423242946760e-01
4.407043671025534515e-01
6.871732807109021124e-01
4.884850003143166863e-01
3.347601632215274070e-01
8.997536043984146747e-01
5.318316607820903208e-01
4.204567551026567318e-01
6.140410176011028565e-01
5.684180458277106052e-01
5.208161344212454136e-01
7.183532254867015521e-01
3.026952731255810325e-01
3.683984341089984182e-01
1.332320711970790550e-01
7.245950500721564103e-01
2.751166207904855998e-01
6.602391239910813114e-01
6.437106325861050582e-01
4.202028581353259296e-01
7.809232272661343899e-01
4.844729811031269207e-01
3.252874115234519747e-01
6.301178216868772441e-01
5.700882453162947616e-01
1.951129291954554201e-01
2.656716673798922290e-01
1.415571354845358842e-01
2.949815037668732098e-01
1.635941236269648769e-01
2.712626436934573726e-01
5.090575445998040127e-01
4.913572187234420130e-01
1.375141046136516554e-01
3.099309698842828142e-01
5.197423233874757242e-01
4.954202072731743733e-01
4.075135327001092600e-01
1.260258894390295925e-01
6.723646832957933528e-01
3.083569953193765478e-01
3.196016231183826384e-01
1.663081911089382137e-01
3.909922240289933626e-01
2.796309474475327517e-01
3.272585638320275048e-01
2.018870880325462080e-01
5.586345378030689313e-01
6.075525103855521358e-01
4.089554206800927183e-01
4.954301785549428128e-01
8.974963445699863929e-01
3.930580529878742735e-01
5.974657149527520250e-01
5.128761430202343208e-01
2.724126444601582264e-01
7.572085865067244015e-01
2.783806802887703880e-01
2.883850839125241539e-01
3.095685656875515335e-01
7.756931175597977512e-01
3.125343131569398580e-01
5.832637778978067011e-01
6.321117332054120297e-01
3.970524805475035834e-01
4.925487252945444649e-01
7.785810482487468542e-01
3.497020189610090535e-01
4.749922809191842177e-01
7.579611538546129346e-01
3.193113247076042605e-01
5.253936533364327310e-01
6.281086035646867849e-01
3.011887689671156609e-01
2.907664035312759743e-01
3.638941278561744763e-01
4.301195185347559402e-01
2.913517750824551333e-01
3.063528208496731908e-01
7.931965602068840049e-01
4.129871423242946760e-01
4.407043671025534515e-01
6.871732807109021124e-01
4.884850003143166863e-01
3.967856227021737681e-01
7.180325030334808734e-01
5.131706911010778249e-01
4.914855639321284997e-01
7.716622826266124058e-01
2.946621101867364922e-01
3.180857410845256972e-01
5.443863863240725465e-01
3.938249642222990676e-01
3.800800094002316776e-01
2.984270532036273904e-01
7.965245111374046338e-01
5.036431048532318266e-01
4.176501556167024898e-01
8.388598941622460448e-01
3.977591868091060467e-01
3.876776660269746211e-01
6.761249493241137110e-01
8.317505540030256661e-01
3.746448973512183089e-01
8.063896119439579735e-01
2.998900755691512043e-01
2.826845623241257544e-01
7.928697639989172874e-01
8.755232151543261843e-01
2.713651279352340961e-01
2.973993942202119989e-01
6.823291216024089945e-01
3.604958225933593274e-01
8.929201801471693400e-01
8.397075252487493646e-01
4.021166882173623502e-01
4.314994598456040054e-01
5.513379733646401881e-01
8.033110890470793741e-01
4.605269289921716802e-01
7.199970111400246786e-01
3.278301112389200300e-01
3.252075027306791100e-01
7.950987912299569693e-01
8.111607362279920075e-01
3.551935502360916153e-01
3.277805648767312396e-01
5.965222827365357361e-01
4.243818314687343163e-01
8.067396102927848478e-01
8.071820820017507891e-01
4.469990783665482303e-01
4.237635829410353328e-01
7.630551667506706437e-01
7.328650064774877571e-01
4.560689176937877676e-01
8.603615296217053121e-01
3.198059953651696263e-01
3.408045160078319036e-01
7.404104726216069743e-01
7.328667458110511568e-01
3.409862593317092294e-01
3.229715983983418859e-01
8.363965629830989457e-01
4.407302140724522754e-01
7.177051336941620008e-01
9.071431183515978880e-01
4.397004496595134371e-01
3.739977859990453180e-01
8.741099313127562720e-01
9.762015937615065031e-01
3.831044414086525185e-01
8.251117022537961532e-01
2.842730835419564062e-01
2.956412879496408408e-01
9.193138952076773673e-01
8.950257624499045050e-01
3.099037483760865297e-01
2.801162787200141557e-01
9.734561816862621342e-01
3.944345880528153936e-01
8.679691604761592405e-01
9.397830131959208355e-01
3.881641332407808065e-01
3.347601632215273515e-01
8.997536043984147858e-01
5.318316607820903208e-01
4.204567551026567873e-01
6.140410176011028565e-01
5.684180458277107162e-01
5.208161344212455246e-01
7.183532254867013300e-01
3.026952731255809215e-01
3.683984341089985848e-01
1.332320711970790272e-01
7.245950500721564103e-01
2.751166207904855998e-01
6.602391239910814225e-01
6.437106325861049472e-01
4.202028581353259851e-01
7.809232272661343899e-01
4.844729811031270317e-01
3.252874115234519192e-01
6.301178216868772441e-01
5.700882453162947616e-01
1.951129291954553924e-01
2.656716673798921735e-01
1.415571354845358842e-01
2.949815037668732653e-01
1.635941236269648769e-01
2.712626436934573726e-01
5.090575445998039017e-01
4.913572187234420130e-01
1.375141046136516831e-01
3.099309698842829253e-01
5.197423233874758353e-01
4.954202072731744289e-01
4.075135327001092600e-01
1.260258894390295648e-01
6.723646832957933528e-01
3.083569953193766033e-01
3.196016231183826384e-01
1.663081911089381859e-01
3.909922240289933626e-01
2.796309474475328072e-01
3.272585638320274493e-01
2.018870880325461803e-01
5.586345378030688202e-01
6.075525103855521358e-01
4.089554206800927183e-01
4.954301785549428128e-01
8.974963445699863929e-01
3.930580529878742735e-01
5.974657149527520250e-01
5.128761430202344318e-01
2.724126444601582819e-01
7.572085865067241794e-01
2.783806802887704435e-01
2.883850839125241539e-01
3.095685656875514780e-01
7.756931175597976402e-01
3.125343131569399691e-01
5.832637778978067011e-01
6.321117332054120297e-01
3.970524805475035834e-01
4.925487252945444649e-01
7.785810482487468542e-01
3.497020189610089980e-01
