7.052333215905175479e-01
7.938594204690916367e-01
7.589119812972351387e-01
6.629882153794491861e-01
6.840898156537880137e-01
2.021072551947344920e-01
2.127110875323863781e-01
8.123013004320844832e-01
5.633332142058584679e-01
2.988205052951599106e-01
1.086547021808560720e-01
8.339468653656604280e-01
4.583211685699467020e-01
5.602800910148834079e-01
6.325474644706252647e-01
6.679270904376903850e-01
9.028143540734399064e-01
1.807301100308815744e-01
2.629144367728886711e-01
6.303333411187543867e-01
3.045592295152551032e-01
7.365816501729334498e-02
7.132560774211296750e-02
1.174711342599953634e-01
1.471515994010092476e-01
5.516738704389032716e-02
7.133999178604406854e-02
2.112978574640805851e-01
4.957646968494771600e-01
1.821168449962102254e-01
2.495678157513130657e-01
6.995125502435374232e-01
8.403452380496866381e-01
2.406428364820938637e-01
1.677885507909201435e-01
5.758770219222921760e-01
1.954804218174952535e-01
1.092813273559683079e-01
5.513443992142130767e-02
3.167063017786716506e-01
2.595534270127652920e-01
1.086607022881738438e-01
7.572558682747357328e-02
1.777011881098413681e-01
5.456279242604850088e-01
2.487874658586076704e-01
1.889700260404997278e-01
8.028311074960636784e-01
5.252421384266323656e-01
5.521221137804397383e-01
5.020777129342717249e-01
4.545013185178576887e-01
9.601677525672132063e-01
2.601646415702286164e-01
1.463886196433758502e-01
5.599910063410664662e-01
9.742040011989335779e-01
2.040679116101727364e-01
2.905518561753868689e-01
6.981444044084326173e-01
5.315829120176057687e-01
8.352362832796735859e-01
8.843275350600687812e-01
7.152433636287739427e-01
7.101839515986769769e-01
7.976770902806213925e-01
7.285826796089704960e-01
6.654612012847811453e-01
6.912461402045291248e-01
1.899557379674041702e-01
2.114533213665316935e-01
8.230991318540425983e-01
5.616640428787142980e-01
3.076182541101259993e-01
1.138629231523344276e-01
4.564012715242833362e-01
5.680041590788622585e-01
6.314418388802527371e-01
8.935070065884168633e-01
1.848087880476307898e-01
2.562473857297171698e-01
2.976888428468171810e-01
7.486545226558724564e-02
7.133278094848666262e-02
1.468136639083607864e-01
5.515088516204431912e-02
4.987089963133828907e-01
1.774941560218544212e-01
8.377941126080215017e-01
2.447265988653467839e-01
2.001202967653157305e-01
1.089712585129790218e-01
2.610718518612185068e-01
5.488581617922021483e-01
5.283939544581829351e-01
9.670871488793926218e-01
7.669171307652097314e-01
2.311407545045720546e-01
2.266523883239016657e-01
7.754023383670466396e-01
7.530145808180075395e-01
3.173880702333422565e-01
4.648057688739783977e-01
7.118999564670362989e-01
5.261805887263588666e-01
1.318997987416906381e-01
1.087336530985712063e-01
4.877829257234487237e-01
4.765055792988355243e-01
1.287808873066976501e-01
1.285336479303221258e-01
3.525625005268351320e-01
5.374539279098595745e-01
4.882557103530340559e-01
5.630943986805692081e-01
7.633986527849704329e-01
7.052333215905175479e-01
7.938594204690916367e-01
7.589119812972351387e-01
6.629882153794491861e-01
6.840898156537880137e-01
2.021072551947344920e-01
2.127110875323863781e-01
8.123013004320844832e-01
5.633332142058584679e-01
2.988205052951599106e-01
1.086547021808560720e-01
8.339468653656604280e-01
4.583211685699467020e-01
5.602800910148834079e-01
6.325474644706252647e-01
6.679270904376903850e-01
9.028143540734399064e-01
1.807301100308815744e-01
2.629144367728886711e-01
6.303333411187543867e-01
3.045592295152551032e-01
7.365816501729334498e-02
7.132560774211296750e-02
1.174711342599953634e-01
1.471515994010092476e-01
5.516738704389032716e-02
7.133999178604406854e-02
2.112978574640805851e-01
4.957646968494771600e-01
1.821168449962102254e-01
2.495678157513130657e-01
6.995125502435374232e-01
8.403452380496866381e-01
2.406428364820938637e-01
1.677885507909201435e-01
5.758770219222921760e-01
1.954804218174952535e-01
1.092813273559683079e-01
5.513443992142130767e-02
3.167063017786716506e-01
2.595534270127652920e-01
1.086607022881738438e-01
7.572558682747357328e-02
1.777011881098413681e-01
5.456279242604850088e-01
2.487874658586076704e-01
1.889700260404997278e-01
8.028311074960636784e-01
5.252421384266323656e-01
5.521221137804397383e-01
5.020777129342717249e-01
4.545013185178576887e-01
9.601677525672132063e-01
2.601646415702286164e-01
1.463886196433758502e-01
5.599910063410664662e-01
9.742040011989335779e-01
2.040679116101727364e-01
2.905518561753868689e-01
6.981444044084326173e-01
5.315829120176057687e-01
8.352362832796735859e-01
8.843275350600687812e-01
7.152433636287739427e-01
7.530145808180075395e-01
3.173880702333422565e-01
4.648428958184342985e-01
7.118998002983553119e-01
5.261801193066297788e-01
1.318992470962165597e-01
1.087336530985712063e-01
4.877836633736356564e-01
4.765055792988355243e-01
1.287808873066976501e-01
1.285336479303221258e-01
3.525619876053993629e-01
5.374539279098595745e-01
4.882557103530340559e-01
5.630943986805692081e-01
7.633986527849704329e-01
7.188636614327964525e-01
3.305288352049911005e-01
3.983265927342729551e-01
7.136155400004990934e-01
5.168100016031547117e-01
1.333806022830615889e-01
1.393491762754712204e-01
4.150644068345228366e-01
4.897177487570705257e-01
1.683184644667915508e-01
1.325887111243527205e-01
3.763940283091820049e-01
6.614033747362961790e-01
5.241808141234949314e-01
5.405561472221924735e-01
7.082505913816682375e-01
6.687961863100869708e-01
4.168733218755138470e-01
5.574216585685718428e-01
6.759169109959357602e-01
5.572942234829136865e-01
1.255268720887900979e-01
1.202803819352828152e-01
5.197080934965960797e-01
6.316489938255256398e-01
1.152669639047943229e-01
1.178614442532106843e-01
4.112936678830014792e-01
6.336799565900795850e-01
6.415909492283602411e-01
5.696422667522587080e-01
6.797693417643392300e-01
6.824821571245291985e-01
3.253439504791280079e-01
5.111379254689616403e-01
7.479155540039290617e-01
5.145531970876131567e-01
1.566786573618257905e-01
1.393293183406154601e-01
4.980538648052448281e-01
5.396109728906575143e-01
1.461231282961855671e-01
1.494709099008608433e-01
3.419276725616322565e-01
6.861709675718176138e-01
5.304188255916120198e-01
5.817942946174463614e-01
6.946421759640382110e-01
6.775762627555023121e-01
5.148346015267786235e-01
4.278266434661697204e-01
7.253875325239900196e-01
5.515730444167350477e-01
1.348568345533657786e-01
1.622789432727426151e-01
4.385500116436897855e-01
6.915886810784197536e-01
1.379462197792427625e-01
1.310646338936597433e-01
5.499439602862072896e-01
6.876750659336642313e-01
6.634990704666035022e-01
5.736843045657704643e-01
6.912298155667244703e-01
6.479207998176980121e-01
5.703280335650664501e-01
7.106870783311152184e-01
6.729008929633181202e-01
4.938258556671497601e-01
1.250555161836379714e-01
1.261040974633734213e-01
6.511328574729067231e-01
6.527098194166809364e-01
1.269520513818978569e-01
1.167248157641522233e-01
6.173382305759669286e-01
6.896960242718194189e-01
6.112815596279246311e-01
5.494537208649636906e-01
6.617946525756341902e-01
7.052333215905175479e-01
7.938594204690917477e-01
7.589119812972353607e-01
6.629882153794491861e-01
6.840898156537880137e-01
2.021072551947346030e-01
2.127110875323863781e-01
8.123013004320844832e-01
5.633332142058584679e-01
2.988205052951600771e-01
1.086547021808560443e-01
8.339468653656604280e-01
4.583211685699467575e-01
5.602800910148832969e-01
6.325474644706251537e-01
6.679270904376903850e-01
9.028143540734399064e-01
1.807301100308816300e-01
2.629144367728886156e-01
6.303333411187543867e-01
3.045592295152552142e-01
7.365816501729335886e-02
7.132560774211295362e-02
1.174711342599953634e-01
1.471515994010092754e-01
5.516738704389032022e-02
7.133999178604408242e-02
2.112978574640805851e-01
4.957646968494771600e-01
1.821168449962101976e-01
2.495678157513130657e-01
6.995125502435374232e-01
8.403452380496865270e-01
2.406428364820938914e-01
1.677885507909201157e-01
5.758770219222921760e-01
1.954804218174953090e-01
1.092813273559683357e-01
5.513443992142129380e-02
3.167063017786716506e-01
2.595534270127652920e-01
1.086607022881738577e-01
7.572558682747357328e-02
1.777011881098413681e-01
5.456279242604850088e-01
2.487874658586077259e-01
1.889700260404997278e-01
8.028311074960636784e-01
5.252421384266323656e-01
5.521221137804397383e-01
5.020777129342717249e-01
4.545013185178577442e-01
9.601677525672132063e-01
2.601646415702286719e-01
1.463886196433758502e-01
5.599910063410664662e-01
9.742040011989332449e-01
2.040679116101727364e-01
2.905518561753869800e-01
6.981444044084328393e-01
5.315829120176057687e-01
8.352362832796735859e-01
8.843275350600687812e-01
7.152433636287738317e-01
