1.467834608970975674e-01
1.789664739461831466e-01
6.430819596792102244e-01
2.821546237642278895e-02
9.842125691182140867e-02
9.590539620675845311e-01
3.086886807840520941e-01
1.098145999890496327e-01
2.121786894418014602e-01
4.780177297407748327e-01
8.902118666995323393e-01
1.046846727349614314e-01
4.794235311959978152e-02
1.535206572112894907e-01
1.939205721165589424e-01
2.579938658835729051e-02
2.917270446147515739e-01
6.655219896652739831e-01
4.883416397972989431e-01
1.892469655967944919e-01
9.999999999999997780e-01
8.614781807566799232e-01
5.019944268005754884e-01
9.129768317701307812e-01
2.184009756790078194e-01
2.507833442213797670e-01
5.016420894754470838e-01
3.073074780342975321e-01
2.457311710531662197e-01
7.086048053353437570e-01
4.739215066079101035e-01
6.004280785035717161e-01
4.164281445023745309e-01
2.655451132323172203e-01
6.947630823106616393e-01
1.408951474765203216e-01
2.356923235866030808e-01
8.294885117131017838e-01
2.458473464157673316e-01
4.991935797091233695e-01
9.119896193903513915e-01
8.274193390943979098e-01
8.762434915358934262e-01
9.143382960070303156e-01
3.560882993245892414e-01
2.686995668922756431e-01
6.401223260913049273e-01
1.662215068646692440e-01
6.762263817216862538e-02
3.429807002220295331e-01
2.612537544573848569e-01
4.596345720841859411e-02
4.045891489965991461e-02
9.017421086818981912e-01
2.217026676702141263e-01
2.041932813547222558e-01
2.916044864135625136e-02
2.336905305647112852e-01
1.000000000000000000e+00
7.795134041039158967e-02
6.618769004690218394e-02
3.985251346937049299e-01
2.719890284634740585e-01
1.399969229402449611e-01
1.434270675540622597e-01
1.698323203079674104e-01
6.213029222809925978e-01
2.700568863247491957e-02
8.842177564151901259e-02
9.367905148445492269e-01
3.075138170199112064e-01
1.072555496770556116e-01
2.081906028973019018e-01
4.884338053758006115e-01
9.080638349284291255e-01
4.694773910026825425e-02
1.472681260490554256e-01
1.915868001687504041e-01
2.817897712064887372e-01
6.529494040550510858e-01
4.811383361395739078e-01
1.000000000000000000e+00
8.709467650326574439e-01
5.018187190261549357e-01
2.201245988158418709e-01
2.483111024449721760e-01
2.531382117979614765e-01
7.114551745265234040e-01
4.074883856160054219e-01
2.671267738089666555e-01
2.350901646610428219e-01
8.284547378726302425e-01
9.110320876503755771e-01
3.495685236941287743e-01
6.690936676438702380e-02
3.236377182971472699e-02
1.601314248733559653e-01
8.509886791748412227e-01
8.386382891153862928e-01
1.502480724463863826e-01
1.898910832791510517e-01
1.635863112732927060e-01
8.569205514002449231e-01
7.494893536429869663e-02
2.993630180368473948e-01
9.014964304759095493e-01
3.480182402573602229e-01
8.751880202091015803e-01
4.260093977375678520e-01
5.144342130871643048e-01
9.052581047777561452e-01
1.607051674407709019e-01
1.089450157153972754e-01
4.514426943314153728e-01
2.862691083200383790e-01
1.831844787406619046e-01
1.467834608970975674e-01
1.789664739461831466e-01
6.430819596792102244e-01
2.821546237642278895e-02
9.842125691182140867e-02
9.590539620675845311e-01
3.086886807840520941e-01
1.098145999890496327e-01
2.121786894418014602e-01
4.780177297407748327e-01
8.902118666995323393e-01
1.046846727349614314e-01
4.794235311959978152e-02
1.535206572112894907e-01
1.939205721165589424e-01
2.579938658835729051e-02
2.917270446147515739e-01
6.655219896652739831e-01
4.883416397972989431e-01
1.892469655967944919e-01
9.999999999999997780e-01
8.614781807566799232e-01
5.019944268005754884e-01
9.129768317701307812e-01
2.184009756790078194e-01
2.507833442213797670e-01
5.016420894754470838e-01
3.073074780342975321e-01
2.457311710531662197e-01
7.086048053353437570e-01
4.739215066079101035e-01
6.004280785035717161e-01
4.164281445023745309e-01
2.655451132323172203e-01
6.947630823106616393e-01
1.408951474765203216e-01
2.356923235866030808e-01
8.294885117131017838e-01
2.458473464157673316e-01
4.991935797091233695e-01
9.119896193903513915e-01
8.274193390943979098e-01
8.762434915358934262e-01
9.143382960070303156e-01
3.560882993245892414e-01
2.686995668922756431e-01
6.401223260913049273e-01
1.662215068646692440e-01
6.762263817216862538e-02
3.429807002220295331e-01
2.612537544573848569e-01
4.596345720841859411e-02
4.045891489965991461e-02
9.017421086818981912e-01
2.217026676702141263e-01
2.041932813547222558e-01
2.916044864135625136e-02
2.336905305647112852e-01
1.000000000000000000e+00
7.795134041039158967e-02
6.618769004690218394e-02
3.985251346937049299e-01
2.719890284634740585e-01
1.399969229402449611e-01
1.898910832791510517e-01
1.635863112732927060e-01
8.569889990053420892e-01
7.494843392735703325e-02
2.993627509671190623e-01
9.014926601409242179e-01
3.480182402573602229e-01
8.751893437130053854e-01
4.260093977375678520e-01
5.144342130871643048e-01
9.052581047777561452e-01
1.607049336407351259e-01
1.089450157153972754e-01
4.514426943314153728e-01
2.862691083200383790e-01
1.831844787406619046e-01
1.283029942234008292e-01
3.268608219421118566e-01
9.563771442912241127e-01
3.524076523173304276e-02
4.505781389974334861e-01
8.167292574248166126e-01
5.632241004942276641e-01
9.904964332826864393e-01
7.328136093635804205e-01
6.811249238213854529e-01
8.039524428307083248e-01
3.264976718442524906e-01
5.650941159644956580e-02
7.402008139827451760e-01
4.675778605193610105e-01
1.167468896834211595e-01
7.078614200089447528e-02
4.946638256480524465e-01
4.642251406803798996e-01
5.267305043159353772e-02
4.143560783636890399e-01
7.482765272246445498e-01
7.752757550888226268e-01
4.323304846438338345e-01
4.990701077976726907e-01
7.376966547204262259e-01
7.325296622602509578e-01
4.531441421552027116e-01
8.467911665878660732e-02
5.116072855403630548e-01
3.807267103607177017e-01
6.645798911678627019e-02
7.683623649185675197e-02
7.534066754823705026e-01
4.484329586830053671e-01
9.636232164104949205e-02
6.158104421843084708e-01
7.457510652482128855e-01
7.663787429482777913e-01
4.446564470271345826e-01
9.062974867626949482e-01
7.445832113004184905e-01
7.341903525393426166e-01
7.187092898792544204e-01
8.019544776434339717e-02
8.897130354434901189e-01
6.159866028803748783e-01
7.385672569001291987e-02
9.281179458257016179e-02
6.717574914798660757e-01
6.660112112875218315e-01
1.005327130017892173e-01
7.272446241510284182e-01
7.815442314286534797e-01
7.906321427543951952e-01
6.751794175698644374e-01
6.746053588604734585e-01
6.846405205475046829e-01
7.681638098455662034e-01
6.446798504768533888e-01
7.851682816205796112e-02
6.377279604360097665e-01
7.115378710336051071e-01
8.953907785330665614e-02
8.892200735679564594e-02
4.686525758525157404e-01
3.226978809592162545e-01
9.877311871518293374e-02
3.183078860441119762e-01
7.812393422517724950e-01
7.930572559241868547e-01
3.024152434595042127e-01
4.933788526549500730e-01
7.420236797458319433e-01
7.617916190729083770e-01
4.629572322904085269e-01
9.382202820943244537e-02
4.564333772154658408e-01
3.261812087714635044e-01
8.541564791520575572e-02
1.467834608970975674e-01
1.789664739461831466e-01
6.430819596792103354e-01
2.821546237642278895e-02
9.842125691182140867e-02
9.590539620675845311e-01
3.086886807840520941e-01
1.098145999890495772e-01
2.121786894418014602e-01
4.780177297407749992e-01
8.902118666995321172e-01
1.046846727349614037e-01
4.794235311959978846e-02
1.535206572112894352e-01
1.939205721165588869e-01
2.579938658835729745e-02
2.917270446147515739e-01
6.655219896652739831e-01
4.883416397972988876e-01
1.892469655967944919e-01
1.000000000000000000e+00
8.614781807566800342e-01
5.019944268005753774e-01
9.129768317701307812e-01
2.184009756790078194e-01
2.507833442213797670e-01
5.016420894754471949e-01
3.073074780342975321e-01
2.457311710531662197e-01
7.086048053353438680e-01
4.739215066079102145e-01
6.004280785035717161e-01
4.164281445023745865e-01
2.655451132323172203e-01
6.947630823106615283e-01
1.408951474765203216e-01
2.356923235866031363e-01
8.294885117131017838e-01
2.458473464157673316e-01
4.991935797091233695e-01
9.119896193903515025e-01
8.274193390943977988e-01
8.762434915358933152e-01
9.143382960070300935e-01
3.560882993245892414e-01
2.686995668922756431e-01
6.401223260913049273e-01
1.662215068646692440e-01
6.762263817216862538e-02
3.429807002220295331e-01
2.612537544573849124e-01
4.596345720841860105e-02
4.045891489965980359e-02
9.017421086818984133e-01
2.217026676702141819e-01
2.041932813547222003e-01
2.916044864135636239e-02
2.336905305647112852e-01
1.000000000000000000e+00
7.795134041039161743e-02
6.618769004690218394e-02
3.985251346937048189e-01
2.719890284634740030e-01
1.399969229402449611e-01
