4.976920214416862866e-03
8.391580285261790451e-02
7.758297178977383024e-02
2.520693292819502218e-03
1.747023451041075370e-01
8.361174956504658917e-01
8.215031170400857174e-01
1.476834627201920602e-01
5.297753395022758438e-02
4.778641919415798078e-01
4.028268560503132090e-01
1.463963732060910850e-01
1.180528299434069686e-03
1.760895642860182964e-01
4.618924292212267524e-02
2.730791843043983355e-03
4.680576844967673789e-02
6.942126270212456429e-01
4.437483972542082267e-01
4.775570535262663174e-02
4.061112085608400979e-01
5.347637931429894964e-01
9.635242791039809740e-01
4.152101296342436410e-01
7.185737815386217253e-01
6.289473421756768268e-01
9.705535300647263330e-01
8.151715371486961681e-01
0.000000000000000000e+00
6.730715222555998523e-01
4.364898421011124130e-01
6.801206998027034545e-02
9.977919273111346410e-02
8.779592331854526588e-01
6.815634560657343188e-01
1.612502345423924011e-01
3.342111359018439254e-01
9.540614864376764093e-01
6.264715452948265151e-01
5.037644631801801998e-01
6.077996195253845269e-01
9.554564368787558104e-01
5.471703591218166629e-01
8.202803723739537922e-01
2.710805024777200867e-01
8.745649327487564628e-01
7.023716089501461646e-01
9.040529015483556030e-02
8.281417042139841214e-04
2.684490883641039716e-01
6.985236613811507400e-04
1.293814130859563538e-03
4.420230007066028310e-02
5.936922439599294776e-01
7.175323604574475045e-01
5.127163037286308622e-02
3.894872968120988155e-02
3.415071768701067323e-01
4.060535426440377571e-01
1.625981151828768678e-01
6.470974466146950030e-04
9.922236603588369119e-02
3.926748641403329798e-02
5.591881687556897636e-03
5.281059468892887465e-03
8.412205587013726893e-02
7.269607702900118817e-02
2.625893514997383951e-03
1.688345300845913999e-01
8.282323630046981577e-01
8.181994451086000986e-01
1.470414016032435545e-01
5.212556858679062710e-02
4.906041378985159795e-01
4.119495553155095302e-01
1.237466956738269772e-03
1.687406830449566519e-01
4.697145812619402117e-02
4.301055574731318942e-02
6.982512434578231897e-01
4.401225238869241885e-01
4.060829243753323325e-01
5.422426944160347873e-01
9.670297097071828274e-01
7.182706810547767606e-01
6.277073155954828731e-01
0.000000000000000000e+00
6.865381088731250525e-01
9.950114471292847984e-02
8.762573121034682444e-01
3.384398168068364354e-01
9.547584139253620927e-01
6.034666106407129416e-01
2.697716258880894502e-01
7.381498151590084461e-04
3.914030783694877336e-02
8.028376742619358630e-03
9.955421850927338445e-01
9.931587228303209169e-01
3.381307200612471142e-03
2.266665530451619781e-02
6.389015385400877989e-01
2.478960039296327356e-01
2.419057596937579380e-02
5.767521892259641625e-02
7.426222940297405595e-01
8.317845767498134313e-01
2.952605990957877236e-01
6.451704035788006220e-01
7.775254714800704514e-01
7.529325026677158306e-01
6.646098734890923954e-01
1.408525357019528579e-02
6.582023402265140266e-01
4.781911411741135431e-02
2.199204021223311045e-02
4.976920214416862866e-03
8.391580285261790451e-02
7.758297178977383024e-02
2.520693292819502218e-03
1.747023451041075370e-01
8.361174956504658917e-01
8.215031170400857174e-01
1.476834627201920602e-01
5.297753395022758438e-02
4.778641919415798078e-01
4.028268560503132090e-01
1.463963732060910850e-01
1.180528299434069686e-03
1.760895642860182964e-01
4.618924292212267524e-02
2.730791843043983355e-03
4.680576844967673789e-02
6.942126270212456429e-01
4.437483972542082267e-01
4.775570535262663174e-02
4.061112085608400979e-01
5.347637931429894964e-01
9.635242791039809740e-01
4.152101296342436410e-01
7.185737815386217253e-01
6.289473421756768268e-01
9.705535300647263330e-01
8.151715371486961681e-01
0.000000000000000000e+00
6.730715222555998523e-01
4.364898421011124130e-01
6.801206998027034545e-02
9.977919273111346410e-02
8.779592331854526588e-01
6.815634560657343188e-01
1.612502345423924011e-01
3.342111359018439254e-01
9.540614864376764093e-01
6.264715452948265151e-01
5.037644631801801998e-01
6.077996195253845269e-01
9.554564368787558104e-01
5.471703591218166629e-01
8.202803723739537922e-01
2.710805024777200867e-01
8.745649327487564628e-01
7.023716089501461646e-01
9.040529015483556030e-02
8.281417042139841214e-04
2.684490883641039716e-01
6.985236613811507400e-04
1.293814130859563538e-03
4.420230007066028310e-02
5.936922439599294776e-01
7.175323604574475045e-01
5.127163037286308622e-02
3.894872968120988155e-02
3.415071768701067323e-01
4.060535426440377571e-01
1.625981151828768678e-01
6.470974466146950030e-04
9.922236603588369119e-02
3.926748641403329798e-02
5.591881687556897636e-03
2.266665530451619781e-02
6.389015385400877989e-01
2.479158049342351511e-01
2.419004701815144487e-02
5.767516746899636892e-02
7.426191881551952312e-01
8.317845767498134313e-01
2.952610456039055364e-01
6.451704035788006220e-01
7.775254714800704514e-01
7.529325026677158306e-01
6.646089065891809256e-01
1.408525357019528579e-02
6.582023402265140266e-01
4.781911411741135431e-02
2.199204021223311045e-02
1.778354609990935586e-02
2.148116234619661391e-01
4.098376914990997655e-01
2.418911430891843017e-02
3.514282809585436151e-01
8.998784805801842701e-01
9.164213990062082260e-01
4.454770451280023469e-01
2.560688955741199369e-01
9.984719083756424807e-01
9.039635876945205650e-01
2.373018565243680822e-01
4.604075193860301951e-03
2.872196234847486096e-01
3.780429302012684456e-01
1.495526389097022457e-02
3.010859171384466793e-03
1.566548567686321114e-02
1.316126858559272250e-01
2.134177324919217522e-03
1.370982210013960145e-01
1.000000000000000000e+00
9.326293482998477824e-01
1.117669845610198553e-01
4.583727160171724435e-02
9.831586527081952465e-01
9.993063722989067310e-01
1.672987984968776765e-02
2.375193200509245761e-03
8.127288457427717105e-02
1.255992443779869738e-01
3.666029449050700606e-03
8.647352047210857262e-03
4.025142099060747825e-01
3.593070789516472630e-02
0.000000000000000000e+00
1.136224524386175716e-01
9.659213642701159896e-01
9.988474249617242950e-01
2.084225620398294510e-02
6.312227273599875232e-01
9.847578281116615706e-01
9.655795785697240952e-01
4.225933059887210241e-01
1.344209338367476081e-02
6.477159394522657987e-01
9.695990291753098234e-02
7.696951729009776644e-03
7.168338928613751659e-03
1.040525326851176047e-01
4.934812420958025747e-01
2.045793406091994671e-02
6.060066268732908767e-01
9.827978047748355817e-01
9.650676630693025837e-01
5.258471870743650634e-01
3.179735370567771113e-02
9.590365693317406404e-01
9.839103051047192183e-01
7.138259948519998233e-02
0.000000000000000000e+00
1.259057606605695767e-02
6.272053914335278257e-01
6.167467903822443365e-03
2.417615170668629965e-03
9.452359791971587377e-02
2.529128390991819408e-02
3.993871276322974451e-03
7.163863303511264213e-02
9.857400142818329991e-01
9.713869944717241633e-01
3.696354910239518787e-02
4.606685992624792725e-02
9.717523271024854914e-01
9.809635436429272604e-01
9.176103646305144856e-02
3.875237423700328421e-03
3.088359117107120078e-02
8.678198523287394828e-02
4.479827865534247167e-03
4.976920214416861998e-03
8.391580285261790451e-02
7.758297178977388575e-02
2.520693292819502218e-03
1.747023451041075925e-01
8.361174956504658917e-01
8.215031170400857174e-01
1.476834627201920602e-01
5.297753395022763989e-02
4.778641919415799744e-01
4.028268560503130979e-01
1.463963732060910572e-01
1.180528299434071421e-03
1.760895642860182408e-01
4.618924292212261973e-02
2.730791843043985090e-03
4.680576844967673789e-02
6.942126270212456429e-01
4.437483972542080601e-01
4.775570535262663174e-02
4.061112085608400979e-01
5.347637931429894964e-01
9.635242791039807519e-01
4.152101296342436410e-01
7.185737815386217253e-01
6.289473421756767157e-01
9.705535300647264441e-01
8.151715371486960571e-01
0.000000000000000000e+00
6.730715222555999633e-01
4.364898421011125240e-01
6.801206998027031769e-02
9.977919273111346410e-02
8.779592331854526588e-01
6.815634560657342078e-01
1.612502345423922900e-01
3.342111359018439809e-01
9.540614864376764093e-01
6.264715452948264041e-01
5.037644631801801998e-01
6.077996195253845269e-01
9.554564368787556994e-01
5.471703591218166629e-01
8.202803723739537922e-01
2.710805024777200867e-01
8.745649327487566849e-01
7.023716089501461646e-01
9.040529015483556030e-02
8.281417042139832541e-04
2.684490883641039716e-01
6.985236613811507400e-04
1.293814130859563538e-03
4.420230007066028310e-02
5.936922439599294776e-01
7.175323604574476155e-01
5.127163037286314173e-02
3.894872968120988155e-02
3.415071768701067323e-01
4.060535426440377571e-01
1.625981151828768956e-01
6.470974466146950030e-04
9.922236603588363568e-02
3.926748641403329798e-02
5.591881687556896768e-03
