2.880298632478391907e-01
8.222941580397773453e-01
6.584878801722942043e-01
2.757821316268754264e-01
4.101141289878685314e-01
8.026704343103278072e-01
5.307350305489791920e-01
6.172067065345272496e-01
2.512106899426664319e-01
3.478470141126350779e-01
2.764926521097522683e-01
6.234415091401909192e-01
1.455139316521990023e-01
5.607786778733924171e-01
3.353285088141794712e-01
2.744353893954042389e-01
6.987296409781793560e-01
4.789701351931882622e-01
2.555267700907278283e-01
3.713718130146092533e-01
6.322668325148896873e-01
3.372881769002775143e-01
3.960438286946766362e-01
2.931579463602970170e-01
3.494451163741658095e-01
1.920830150702785288e-01
3.965210133644767598e-01
5.687491803595090545e-01
4.280095703729727696e-01
1.995559144070396806e-01
2.501682410101822018e-01
6.805125351990226612e-01
4.463496651404659232e-01
4.751765639729709223e-01
1.761137594843082410e-01
5.235680465303342856e-01
1.799373262133719953e-01
4.488337281465917261e-01
1.944570895953258993e-01
3.778505825079415681e-01
3.672313139610876020e-01
4.531858142414244561e-01
3.324649097428287181e-01
8.249378830802147622e-01
5.930635204541176986e-01
5.136033848460611617e-01
4.853067560834625760e-01
8.802184037791929150e-01
3.300494483977124971e-01
5.493159569904709771e-01
4.764777427774423701e-01
1.427335719400667779e-01
5.559882237424040863e-01
3.938481264459670617e-01
3.676714877034753526e-01
2.905991948526340796e-01
5.159451040057257964e-01
1.983265252669174639e-01
6.540009636329902065e-01
4.526467296002792406e-01
3.314511238741464916e-01
5.066243001629966436e-01
7.253780935811717789e-01
3.069509602505142154e-01
2.973876012324295770e-01
8.507842334893265246e-01
6.697336513023529614e-01
2.751077929328877292e-01
4.311288562237630684e-01
8.137571565747054869e-01
5.494971263300477693e-01
6.203169209221736091e-01
2.708821663063562535e-01
3.626053089717932165e-01
2.868511525202425694e-01
1.441164934479729764e-01
5.423508569832662385e-01
3.533267831433446471e-01
7.121460328482372981e-01
4.821067006988886128e-01
2.528500186613912293e-01
6.429270670257299924e-01
3.357561342964807127e-01
3.962817968301489691e-01
3.586984910871751642e-01
1.932720930343030386e-01
4.517527797430696546e-01
1.906413495807003922e-01
4.764474369578275414e-01
4.944439852803224067e-01
1.894663123299200613e-01
4.510080623300464220e-01
3.824535515230913507e-01
5.713032960277690808e-01
3.307461809295197952e-01
5.348281245296200304e-01
4.190110291267890030e-01
5.700158672070244625e-01
5.608437556841618932e-01
4.505201052704413955e-01
4.128446249840647120e-01
7.413159051520961107e-01
3.773756706322293208e-01
3.319507166642208240e-01
4.117275896536887192e-01
4.525637593003928316e-01
3.612672947081894681e-01
4.515446971984211633e-01
4.138152817939950712e-01
3.271688562171858328e-01
4.517763321892907524e-01
8.642565158642072642e-01
3.210922129958526661e-01
5.043980295126968549e-01
4.527571473943521330e-01
4.395318004640811904e-01
2.880298632478391907e-01
8.222941580397773453e-01
6.584878801722942043e-01
2.757821316268754264e-01
4.101141289878685314e-01
8.026704343103278072e-01
5.307350305489791920e-01
6.172067065345272496e-01
2.512106899426664319e-01
3.478470141126350779e-01
2.764926521097522683e-01
6.234415091401909192e-01
1.455139316521990023e-01
5.607786778733924171e-01
3.353285088141794712e-01
2.744353893954042389e-01
6.987296409781793560e-01
4.789701351931882622e-01
2.555267700907278283e-01
3.713718130146092533e-01
6.322668325148896873e-01
3.372881769002775143e-01
3.960438286946766362e-01
2.931579463602970170e-01
3.494451163741658095e-01
1.920830150702785288e-01
3.965210133644767598e-01
5.687491803595090545e-01
4.280095703729727696e-01
1.995559144070396806e-01
2.501682410101822018e-01
6.805125351990226612e-01
4.463496651404659232e-01
4.751765639729709223e-01
1.761137594843082410e-01
5.235680465303342856e-01
1.799373262133719953e-01
4.488337281465917261e-01
1.944570895953258993e-01
3.778505825079415681e-01
3.672313139610876020e-01
4.531858142414244561e-01
3.324649097428287181e-01
8.249378830802147622e-01
5.930635204541176986e-01
5.136033848460611617e-01
4.853067560834625760e-01
8.802184037791929150e-01
3.300494483977124971e-01
5.493159569904709771e-01
4.764777427774423701e-01
1.427335719400667779e-01
5.559882237424040863e-01
3.938481264459670617e-01
3.676714877034753526e-01
2.905991948526340796e-01
5.159451040057257964e-01
1.983265252669174639e-01
6.540009636329902065e-01
4.526467296002792406e-01
3.314511238741464916e-01
5.066243001629966436e-01
7.253780935811717789e-01
3.069509602505142154e-01
4.128446249840647120e-01
7.413159051520961107e-01
3.774058139878000429e-01
3.319503545387099130e-01
4.117272223405310516e-01
4.525618665397371787e-01
3.612672947081894681e-01
4.515453800473130386e-01
4.138152817939950712e-01
3.271688562171858328e-01
4.517763321892907524e-01
8.642552585107101670e-01
3.210922129958526661e-01
5.043980295126968549e-01
4.527571473943521330e-01
4.395318004640811904e-01
2.887504384058865448e-01
7.398817147221043999e-01
5.971368265697221123e-01
3.508310789355488790e-01
7.808101050251350372e-01
3.915167121675025008e-01
3.953798270802095782e-01
7.278683831941850091e-01
3.283365288613246946e-01
5.019017180245790577e-01
3.850192208417465567e-01
8.511428073170339559e-01
3.944372992785337706e-01
4.178230590228249053e-01
9.247241981646625586e-01
3.016696192403505172e-01
2.952587290340048520e-01
5.205938799320164456e-01
7.171856461793013615e-01
2.883834735303938412e-01
5.957768750358485299e-01
4.338862428276686889e-01
4.238967526356204329e-01
7.559833386808005873e-01
7.028673264900859863e-01
4.242965672935058441e-01
4.245096612810026482e-01
5.505494907364467672e-01
2.943243222051594721e-01
7.906290854025646020e-01
6.576934902001616567e-01
3.312938439775643396e-01
3.307603716748224176e-01
5.981727304610826579e-01
6.757628978829157695e-01
3.382918636855022365e-01
5.265376731005151356e-01
4.542004915252769726e-01
4.664278672858351849e-01
7.609726958993761059e-01
8.767106017115375849e-01
4.304325272142904280e-01
4.473001286241913288e-01
6.862183908756365192e-01
3.253967796269024992e-01
9.489126122198696667e-01
6.171506941645419353e-01
3.644513153300489861e-01
3.137651406630357909e-01
6.710167762609717812e-01
8.856219091324470938e-01
3.281314236709949594e-01
8.357016263623875396e-01
4.421773580016420402e-01
4.219068000447525613e-01
9.637204041109419528e-01
5.517279261600025464e-01
4.701486252994847570e-01
4.374793989818632212e-01
7.713049725507374887e-01
3.554315217930626991e-01
6.282096104935503966e-01
9.133087533844275185e-01
3.502610947946653841e-01
2.707101244917127225e-01
7.256088106260685233e-01
8.771012242012361515e-01
2.921655628666792737e-01
6.275497000540140036e-01
4.147219989952953823e-01
4.293213971994920830e-01
9.247808929921228493e-01
7.813244770498188885e-01
4.370402204067738716e-01
4.051650169580606198e-01
8.329323731949540566e-01
3.183806611176075441e-01
8.464266103692443810e-01
7.537425569278031201e-01
3.069825136168510271e-01
2.880298632478391907e-01
8.222941580397774564e-01
6.584878801722943154e-01
2.757821316268754264e-01
4.101141289878685314e-01
8.026704343103280292e-01
5.307350305489791920e-01
6.172067065345272496e-01
2.512106899426664319e-01
3.478470141126351334e-01
2.764926521097522127e-01
6.234415091401909192e-01
1.455139316521990300e-01
5.607786778733923061e-01
3.353285088141794157e-01
2.744353893954042944e-01
6.987296409781793560e-01
4.789701351931882622e-01
2.555267700907278283e-01
3.713718130146092533e-01
6.322668325148899093e-01
3.372881769002775143e-01
3.960438286946765252e-01
2.931579463602970170e-01
3.494451163741658095e-01
1.920830150702785011e-01
3.965210133644768153e-01
5.687491803595090545e-01
4.280095703729727696e-01
1.995559144070396529e-01
2.501682410101822018e-01
6.805125351990227722e-01
4.463496651404658677e-01
4.751765639729709223e-01
1.761137594843082133e-01
5.235680465303341746e-01
1.799373262133720508e-01
4.488337281465917261e-01
1.944570895953258716e-01
3.778505825079415681e-01
3.672313139610876576e-01
4.531858142414242896e-01
3.324649097428287181e-01
8.249378830802147622e-01
5.930635204541176986e-01
5.136033848460612727e-01
4.853067560834624650e-01
8.802184037791929150e-01
3.300494483977124971e-01
5.493159569904708661e-01
4.764777427774423146e-01
1.427335719400668057e-01
5.559882237424040863e-01
3.938481264459670617e-01
3.676714877034754081e-01
2.905991948526340241e-01
5.159451040057256854e-01
1.983265252669175749e-01
6.540009636329902065e-01
4.526467296002792962e-01
3.314511238741464916e-01
5.066243001629966436e-01
7.253780935811716679e-01
3.069509602505142154e-01
