5.583777111744603339e-02
2.482330576459655380e-01
2.111829194969166157e-01
6.997643267634989783e-02
3.342316871893052377e-01
5.400165674158258211e-01
6.826156035973278691e-01
1.440780247815057757e-01
8.311639986200958230e-02
6.635544083829729711e-01
2.701002332615326518e-01
1.529688131342643309e-01
4.470239071379316503e-02
5.220091868106746524e-01
4.602964123144644426e-01
7.092542726148377830e-02
2.745037427218495196e-01
6.860880395632731332e-01
6.767908264333186708e-01
4.554528069029310511e-01
5.633086921715964035e-01
2.630242582872245882e-01
6.847977778371175939e-01
2.646685717888993539e-01
6.365055607335984300e-01
6.980385993632527430e-01
7.002904688576967462e-01
6.888053428498934760e-01
5.419518631771323702e-02
2.933730650882721003e-01
6.581095133512598894e-01
2.005605281215307734e-01
2.495499567852328404e-01
5.597558938921384231e-01
3.038222265005741107e-01
5.238087553875980795e-01
7.737109503527296317e-01
8.728863157552759766e-01
7.052589015211457868e-01
6.940613292316336613e-01
3.161978811796749000e-01
8.934693607053922904e-01
2.850539856792150273e-01
5.675162125611882269e-01
2.141566442312471397e-01
5.788297849607185741e-01
7.335527973326529949e-01
2.733202217191774142e-01
1.555273558473904000e-02
2.033197566872426421e-01
6.302825329549072153e-02
4.429450843170346097e-02
1.778882444243590211e-01
3.179387237326903315e-01
6.388772829273930975e-01
8.217876556747588657e-02
1.814875018455124334e-01
7.703948775672402327e-01
5.873334480343452846e-01
3.513736336961956197e-01
1.545976886131648562e-02
2.670499683586201045e-01
2.690093248030178685e-01
6.282649481121359292e-02
5.929415872349919070e-02
2.583240931935825713e-01
2.057591350100979877e-01
7.045161178203636354e-02
3.427666077969016012e-01
5.537083437502515748e-01
6.855028162380775170e-01
1.485131704631268146e-01
8.264812489435435783e-02
6.785602945894938509e-01
2.693261195714226619e-01
4.449738476390406594e-02
5.229003871536441750e-01
4.578777511824486668e-01
2.717375309272992423e-01
7.095826314812393454e-01
6.674589312914538386e-01
5.750924405152001428e-01
2.745720566358176296e-01
6.925238575478543934e-01
6.378902217283382026e-01
7.016549568528634984e-01
5.823189443194194681e-02
3.025977506957214236e-01
2.582884809577992158e-01
5.693196487601926981e-01
7.733667550030581817e-01
8.831697562156480830e-01
3.185534576786881455e-01
2.087663302029791335e-01
1.550652450259268518e-02
1.775948451644219217e-01
1.141711006623072899e-01
8.773872446302842798e-01
8.897016965538027122e-01
1.189669388696087404e-01
1.068717114555099434e-01
4.072547053682027407e-01
2.586647422983350264e-01
1.979739573628847837e-01
5.370641218389295979e-01
5.186437846217269998e-01
7.410620726676447889e-01
2.831545493707114947e-01
4.501644145699637001e-01
8.957109554802892282e-01
5.417680649972832496e-01
4.912326847063230861e-01
3.859982737594463975e-02
4.744715713500515797e-01
5.894705378200646440e-01
1.133629473122671899e-01
5.583777111744603339e-02
2.482330576459655380e-01
2.111829194969166157e-01
6.997643267634989783e-02
3.342316871893052377e-01
5.400165674158258211e-01
6.826156035973278691e-01
1.440780247815057757e-01
8.311639986200958230e-02
6.635544083829729711e-01
2.701002332615326518e-01
1.529688131342643309e-01
4.470239071379316503e-02
5.220091868106746524e-01
4.602964123144644426e-01
7.092542726148377830e-02
2.745037427218495196e-01
6.860880395632731332e-01
6.767908264333186708e-01
4.554528069029310511e-01
5.633086921715964035e-01
2.630242582872245882e-01
6.847977778371175939e-01
2.646685717888993539e-01
6.365055607335984300e-01
6.980385993632527430e-01
7.002904688576967462e-01
6.888053428498934760e-01
5.419518631771323702e-02
2.933730650882721003e-01
6.581095133512598894e-01
2.005605281215307734e-01
2.495499567852328404e-01
5.597558938921384231e-01
3.038222265005741107e-01
5.238087553875980795e-01
7.737109503527296317e-01
8.728863157552759766e-01
7.052589015211457868e-01
6.940613292316336613e-01
3.161978811796749000e-01
8.934693607053922904e-01
2.850539856792150273e-01
5.675162125611882269e-01
2.141566442312471397e-01
5.788297849607185741e-01
7.335527973326529949e-01
2.733202217191774142e-01
1.555273558473904000e-02
2.033197566872426421e-01
6.302825329549072153e-02
4.429450843170346097e-02
1.778882444243590211e-01
3.179387237326903315e-01
6.388772829273930975e-01
8.217876556747588657e-02
1.814875018455124334e-01
7.703948775672402327e-01
5.873334480343452846e-01
3.513736336961956197e-01
1.545976886131648562e-02
2.670499683586201045e-01
2.690093248030178685e-01
6.282649481121359292e-02
1.068739838551483745e-01
4.072247022252031279e-01
2.585891021316626404e-01
1.979838599388180354e-01
5.371338684786457485e-01
5.186356939834373403e-01
7.410514691294811662e-01
2.830701393976080560e-01
4.501842210410147427e-01
8.957579640473186666e-01
5.417636071918575658e-01
4.911376161621952008e-01
3.857980510958791687e-02
4.745229346412778160e-01
5.895184557710264617e-01
1.133605716250712797e-01
8.721741620818401763e-02
4.728041549119723630e-01
4.660604170641735600e-01
7.971898963820973905e-02
5.577480374887042736e-01
7.289935283133839317e-01
7.830362349587923765e-01
4.935713829460945945e-01
4.148562729393747706e-01
8.329827021735450865e-01
7.555598714883093869e-01
5.637625309311129485e-01
5.082554586195023316e-02
4.531810733050312123e-01
6.226322651154483356e-01
8.961897062393282820e-02
5.128147942435937190e-02
2.944713575418398399e-01
3.498043946596027798e-01
5.340591871427163850e-02
2.794591080387218707e-01
8.041058864047976318e-01
8.145603629069951834e-01
3.563357647591960387e-01
3.438151167309813072e-01
8.100338325525020533e-01
8.303591906281263535e-01
3.072904900443540477e-01
7.318755427964659943e-02
3.881880183872685741e-01
3.138744682706382516e-01
5.656118981645033572e-02
7.420721537842894788e-02
5.190914856131443322e-01
2.575621253899926799e-01
8.430233749939491927e-02
4.748224739599100630e-01
8.386385673044773892e-01
7.905912263825775055e-01
2.379023468777461403e-01
6.794309802184352876e-01
8.130046208124617202e-01
8.563258867033537447e-01
6.000334811269625312e-01
6.929066427777672010e-02
6.840962549556308669e-01
5.692009649031271046e-01
7.979009353231797386e-02
7.292126976802135174e-02
3.763735995962167458e-01
7.093079929095207348e-01
7.307228649131104758e-02
6.235899906323041364e-01
8.222698033578458299e-01
8.229016877618934300e-01
7.046792066629450346e-01
4.029586525978126055e-01
7.817503180117229000e-01
8.431477680891978910e-01
4.531562636911306008e-01
7.386045854057396443e-02
3.925893623552729750e-01
6.785325928563250564e-01
8.078458263920514082e-02
6.160341139705036162e-02
2.902038246197846671e-01
3.390771301660298054e-01
6.613796418764375518e-02
2.744936428484754387e-01
7.838046975863425248e-01
8.466823265418399469e-01
3.401258708976293565e-01
3.334141162983663698e-01
8.529473584052615909e-01
8.022464169058139971e-01
3.490562709581079837e-01
6.587032087041358452e-02
3.293424049545234933e-01
3.477602461283930690e-01
6.958932080686677790e-02
5.583777111744603339e-02
2.482330576459655935e-01
2.111829194969166712e-01
6.997643267634989783e-02
3.342316871893053487e-01
5.400165674158259321e-01
6.826156035973278691e-01
1.440780247815057202e-01
8.311639986200963781e-02
6.635544083829729711e-01
2.701002332615325963e-01
1.529688131342643587e-01
4.470239071379316503e-02
5.220091868106746524e-01
4.602964123144643871e-01
7.092542726148377830e-02
2.745037427218495196e-01
6.860880395632731332e-01
6.767908264333184487e-01
4.554528069029311621e-01
5.633086921715964035e-01
2.630242582872245882e-01
6.847977778371174828e-01
2.646685717888993539e-01
6.365055607335984300e-01
6.980385993632527430e-01
7.002904688576968573e-01
6.888053428498934760e-01
5.419518631771320927e-02
2.933730650882721003e-01
6.581095133512601114e-01
2.005605281215307456e-01
2.495499567852328959e-01
5.597558938921385341e-01
3.038222265005741107e-01
5.238087553875980795e-01
7.737109503527295207e-01
8.728863157552759766e-01
7.052589015211456758e-01
6.940613292316338834e-01
3.161978811796749556e-01
8.934693607053921793e-01
2.850539856792150273e-01
5.675162125611882269e-01
2.141566442312471397e-01
5.788297849607186851e-01
7.335527973326527729e-01
2.733202217191774142e-01
1.555273558473903826e-02
2.033197566872426421e-01
6.302825329549072153e-02
4.429450843170346097e-02
1.778882444243589100e-01
3.179387237326903315e-01
6.388772829273932086e-01
8.217876556747594208e-02
1.814875018455123223e-01
7.703948775672402327e-01
5.873334480343455066e-01
3.513736336961956752e-01
1.545976886131648562e-02
2.670499683586201045e-01
2.690093248030178130e-01
6.282649481121359292e-02
