1.021560316687200320e-01
3.579690133919573580e-01
2.946188735180247376e-01
9.322389314121307113e-02
3.763615470074079261e-01
6.470378969109340517e-01
5.690824073248920145e-01
1.048354649387535642e-01
2.204455052430078221e-01
3.848306570262002291e-01
3.136219050992493651e-01
1.094732342555556348e-01
8.878144904284762662e-02
7.215589858904259968e-01
5.273037135352980354e-01
9.114803145890548741e-02
3.241956811769410862e-01
5.095930536171942027e-01
5.684277219812005066e-01
5.381420832294649959e-01
5.144144317454100168e-01
4.252119090816029456e-01
6.910898610256724917e-01
3.291481537205502850e-01
6.379972713691663966e-01
5.559006900755104619e-01
6.967750375701087240e-01
5.641720266533037931e-01
4.979876501514059195e-02
2.576445507893502795e-01
5.347722443917986013e-01
2.769202786722432252e-01
4.175238269531613700e-01
6.493107123347432452e-01
2.336856795026779343e-01
7.145244216921317060e-01
5.588869106909376550e-01
8.010542520784720288e-01
5.511776785389281841e-01
3.872975186854347163e-01
4.166040589562230445e-01
7.976941297761556138e-01
4.290083820339975484e-01
6.325129185948723531e-01
9.831955871472550235e-02
6.613575236224061848e-01
4.974946167501757555e-01
3.630253712445820624e-01
2.441575265973753087e-02
8.686028399960110669e-02
6.400105472197759049e-02
8.395063080641637643e-02
3.055433929694240103e-01
4.241363623506195224e-01
6.417956824983986897e-01
2.170643469300548301e-01
2.887590465673038898e-01
5.480371496443139367e-01
4.940572676337277591e-01
3.738490053075466668e-01
2.270465604061449108e-02
4.172177385753052525e-01
3.127566690313066111e-01
1.027662765376359394e-01
1.024578382494351070e-01
3.583687408642325933e-01
2.855819852345189425e-01
9.218447087982205301e-02
3.752750656816337127e-01
6.398060670704157626e-01
5.663166543062183589e-01
1.071490035971547072e-01
2.187568812145715413e-01
3.860440684199406558e-01
3.236771261964242474e-01
8.635342869288947787e-02
7.180752586757184197e-01
5.327158685905553082e-01
3.184366124670772180e-01
5.036044454288418626e-01
5.516157673592683164e-01
5.044295769459716805e-01
4.281604375970518572e-01
6.939250125880174203e-01
6.400983497343418760e-01
5.535351245118633745e-01
5.648605170826274946e-02
2.492709034572873628e-01
4.173709835863088635e-01
6.553510503907105100e-01
5.543983547991209182e-01
7.993755102927357914e-01
4.223672168107838187e-01
9.261966665624549178e-02
2.356521578465319705e-02
2.953793560685822328e-01
1.663247237763318953e-01
8.403005690548547291e-01
8.307364736999047761e-01
1.627144149295234321e-01
1.602912024810980163e-01
3.738585831561846984e-01
1.764233402308099663e-01
2.709001802605996989e-01
4.525705758385925037e-01
5.910515588254761088e-01
6.641402749512546055e-01
2.139343350220348494e-01
6.229397434365033792e-01
7.042771776809392259e-01
5.914743768249158817e-01
4.026506671861938003e-01
4.361671628492132247e-02
6.554961782916561841e-01
4.473440110980777540e-01
1.606447492562981250e-01
1.021560316687200320e-01
3.579690133919573580e-01
2.946188735180247376e-01
9.322389314121307113e-02
3.763615470074079261e-01
6.470378969109340517e-01
5.690824073248920145e-01
1.048354649387535642e-01
2.204455052430078221e-01
3.848306570262002291e-01
3.136219050992493651e-01
1.094732342555556348e-01
8.878144904284762662e-02
7.215589858904259968e-01
5.273037135352980354e-01
9.114803145890548741e-02
3.241956811769410862e-01
5.095930536171942027e-01
5.684277219812005066e-01
5.381420832294649959e-01
5.144144317454100168e-01
4.252119090816029456e-01
6.910898610256724917e-01
3.291481537205502850e-01
6.379972713691663966e-01
5.559006900755104619e-01
6.967750375701087240e-01
5.641720266533037931e-01
4.979876501514059195e-02
2.576445507893502795e-01
5.347722443917986013e-01
2.769202786722432252e-01
4.175238269531613700e-01
6.493107123347432452e-01
2.336856795026779343e-01
7.145244216921317060e-01
5.588869106909376550e-01
8.010542520784720288e-01
5.511776785389281841e-01
3.872975186854347163e-01
4.166040589562230445e-01
7.976941297761556138e-01
4.290083820339975484e-01
6.325129185948723531e-01
9.831955871472550235e-02
6.613575236224061848e-01
4.974946167501757555e-01
3.630253712445820624e-01
2.441575265973753087e-02
8.686028399960110669e-02
6.400105472197759049e-02
8.395063080641637643e-02
3.055433929694240103e-01
4.241363623506195224e-01
6.417956824983986897e-01
2.170643469300548301e-01
2.887590465673038898e-01
5.480371496443139367e-01
4.940572676337277591e-01
3.738490053075466668e-01
2.270465604061449108e-02
4.172177385753052525e-01
3.127566690313066111e-01
1.027662765376359394e-01
1.602912024810980163e-01
3.738585831561846984e-01
1.764374322666495409e-01
2.708997850417866893e-01
4.525701720883179568e-01
5.910490868663034192e-01
6.641402749512546055e-01
2.139346585444334981e-01
6.229397434365033792e-01
7.042771776809392259e-01
5.914743768249158817e-01
4.026500813945737001e-01
4.361671628492132247e-02
6.554961782916561841e-01
4.473440110980777540e-01
1.606447492562981250e-01
1.557724786911848236e-01
5.155479285582169613e-01
5.112832412069387988e-01
8.830028949848257869e-02
5.635861869259570778e-01
6.786079436323949610e-01
7.413481709343507919e-01
5.551894893232784955e-01
3.858453155871810480e-01
8.065640623156936639e-01
6.703090332837480236e-01
5.480380883832820516e-01
8.647074814520611108e-02
4.133003691536767388e-01
6.011257857237952695e-01
1.491534100520513495e-01
5.987550313206665975e-02
3.690542972216466211e-01
5.918530287282797175e-01
7.965585746882758444e-02
4.809164274643134007e-01
7.199081396748197026e-01
7.421418427511095040e-01
5.545511599623116350e-01
5.773636597984386221e-01
7.584030195585879097e-01
7.048587970954497406e-01
3.522798758928344931e-01
7.804999342652083061e-02
5.930461493845293752e-01
4.707922131052069137e-01
6.239022457432011337e-02
9.099247888732836520e-02
6.617634721443126367e-01
3.843807419749971643e-01
1.230451682261159418e-01
6.075035174605751820e-01
7.647652107192751680e-01
7.414187282786187660e-01
3.755119254911893911e-01
7.638844872078185411e-01
7.511049093559414302e-01
7.544069826710085858e-01
6.719031811168996171e-01
1.081886534626300689e-01
7.740160839423932959e-01
6.297118593239048323e-01
9.171877642488893145e-02
9.768590368239643551e-02
5.916618233194901322e-01
7.382370838386824730e-01
1.071851828436062998e-01
6.871580034780193635e-01
7.898486645128179884e-01
7.465761343585447518e-01
7.533147869329508417e-01
5.860662481849945316e-01
6.782207687003786178e-01
7.822624500032736572e-01
5.984903127927316824e-01
1.076465247097542210e-01
5.861580562921284709e-01
6.816965347196406455e-01
9.790881725087878518e-02
7.694942779469063354e-02
4.845324202764496047e-01
5.723905573741669972e-01
7.738185872124478393e-02
4.212344686077600375e-01
7.442482835499665272e-01
7.476088734306880479e-01
5.238422666349860091e-01
5.557625409628403901e-01
7.431919383678222690e-01
7.255983832993883054e-01
5.191638624400076729e-01
8.614518234371013050e-02
5.315929491238764459e-01
4.522809068441413505e-01
8.052975840608364577e-02
1.021560316687200320e-01
3.579690133919574135e-01
2.946188735180248486e-01
9.322389314121307113e-02
3.763615470074079261e-01
6.470378969109341627e-01
5.690824073248920145e-01
1.048354649387535642e-01
2.204455052430078221e-01
3.848306570262002846e-01
3.136219050992493651e-01
1.094732342555556071e-01
8.878144904284764050e-02
7.215589858904258858e-01
5.273037135352979243e-01
9.114803145890550129e-02
3.241956811769410307e-01
5.095930536171942027e-01
5.684277219812003956e-01
5.381420832294649959e-01
5.144144317454100168e-01
4.252119090816030011e-01
6.910898610256723806e-01
3.291481537205502850e-01
6.379972713691665076e-01
5.559006900755104619e-01
6.967750375701087240e-01
5.641720266533037931e-01
4.979876501514056419e-02
2.576445507893503351e-01
5.347722443917987123e-01
2.769202786722432252e-01
4.175238269531614255e-01
6.493107123347432452e-01
2.336856795026779621e-01
7.145244216921314839e-01
5.588869106909375439e-01
8.010542520784719178e-01
5.511776785389280731e-01
3.872975186854347163e-01
4.166040589562231000e-01
7.976941297761553917e-01
4.290083820339976040e-01
6.325129185948722421e-01
9.831955871472553010e-02
6.613575236224062959e-01
4.974946167501757555e-01
3.630253712445820624e-01
2.441575265973752740e-02
8.686028399960110669e-02
6.400105472197759049e-02
8.395063080641639031e-02
3.055433929694240103e-01
4.241363623506195224e-01
6.417956824983988007e-01
2.170643469300547745e-01
2.887590465673040008e-01
5.480371496443139367e-01
4.940572676337277591e-01
3.738490053075466113e-01
2.270465604061448761e-02
4.172177385753052525e-01
3.127566690313066111e-01
1.027662765376359255e-01
