3.783812286722687546e-01
9.300367397364368571e-01
6.372482532014394074e-01
3.456657942695006702e-01
7.475446866227946074e-01
4.749198965296911323e-01
5.016534402915594493e-01
7.567501667376990149e-01
4.708247139533823789e-01
5.026169117434657885e-01
1.189232282846907351e-01
7.571104437469068360e-01
2.528831681434496881e-01
6.191993084655471602e-01
6.474751663051594441e-01
3.478285665544532113e-01
8.303701596687633746e-01
5.305327919014624083e-01
3.545137951493093631e-01
6.504355507163537276e-01
4.481088901315333772e-01
9.845685726047746777e-02
1.705814062397122965e-01
1.316738714966072255e-01
3.566043141381584070e-01
2.139722115070212261e-01
1.688497686905634787e-01
5.046089631023482625e-01
4.629378845129185627e-01
2.832943832991967059e-01
3.450025008744185273e-01
6.244836401303773821e-01
5.994810986072161008e-01
3.164465777766871657e-01
2.755318269002928755e-01
6.238204486863733189e-01
4.543752173417365814e-01
2.454434220605060946e-01
2.124022631948337680e-01
5.295431691381805583e-01
1.665852945954719999e-01
2.447722305758538441e-01
9.789573712842286612e-02
4.482764491959332354e-01
6.898991159678321550e-01
3.277123058236925401e-01
5.343247571390004058e-01
9.432596958321350922e-01
3.071666660302400098e-01
6.981430394479640755e-01
4.778046631607910655e-01
2.497379627047387751e-01
7.697020133065073377e-01
1.705212340695518303e-01
3.574076236720344357e-01
4.853438316787280771e-01
7.637132300534418272e-01
4.618510135354529367e-01
4.453913637794345015e-01
7.755193930416335313e-01
3.127842820468228480e-01
6.237099867163753419e-01
8.199679745340914261e-01
3.948795069340848007e-01
3.865407220224223450e-01
9.364425242111966696e-01
6.307306520409799999e-01
3.467487342738656553e-01
7.615513653328164212e-01
4.616544118391229246e-01
5.027906052435628936e-01
7.569298899476299969e-01
4.780758772511161658e-01
5.158615245458201271e-01
1.261794874434421510e-01
2.513023546174101286e-01
6.214878357284265853e-01
6.489534383985329224e-01
8.251330904043372438e-01
5.324097776907072976e-01
3.497626087392949890e-01
4.467759880686285046e-01
9.842803290916452008e-02
1.697178525990273024e-01
3.571163832723336373e-01
2.131858878583807182e-01
4.700959375944684937e-01
2.833258073005204825e-01
6.115796462869371730e-01
3.220952763597049184e-01
4.588988724293650012e-01
2.451080898641931072e-01
1.693588966375821070e-01
6.939996786250046679e-01
3.099590212478062212e-01
7.661199486336647269e-01
5.515187504132162966e-01
4.451912643913926715e-01
4.370409459573157962e-01
5.664529011866644703e-01
4.874508727343831449e-01
7.809703795338074350e-01
5.232029087020217961e-01
4.730207892074688170e-01
7.109177653877689629e-01
2.058215525414069380e-01
2.937537608359617747e-01
5.693886853919634117e-01
4.952121669449220942e-01
3.367900724453293249e-01
2.017576462965187667e-01
8.193464334733440158e-01
3.742268115336079282e-01
5.258242979284093455e-01
7.641951333908443278e-01
5.045198394320250523e-01
3.783812286722687546e-01
9.300367397364368571e-01
6.372482532014394074e-01
3.456657942695006702e-01
7.475446866227946074e-01
4.749198965296911323e-01
5.016534402915594493e-01
7.567501667376990149e-01
4.708247139533823789e-01
5.026169117434657885e-01
1.189232282846907351e-01
7.571104437469068360e-01
2.528831681434496881e-01
6.191993084655471602e-01
6.474751663051594441e-01
3.478285665544532113e-01
8.303701596687633746e-01
5.305327919014624083e-01
3.545137951493093631e-01
6.504355507163537276e-01
4.481088901315333772e-01
9.845685726047746777e-02
1.705814062397122965e-01
1.316738714966072255e-01
3.566043141381584070e-01
2.139722115070212261e-01
1.688497686905634787e-01
5.046089631023482625e-01
4.629378845129185627e-01
2.832943832991967059e-01
3.450025008744185273e-01
6.244836401303773821e-01
5.994810986072161008e-01
3.164465777766871657e-01
2.755318269002928755e-01
6.238204486863733189e-01
4.543752173417365814e-01
2.454434220605060946e-01
2.124022631948337680e-01
5.295431691381805583e-01
1.665852945954719999e-01
2.447722305758538441e-01
9.789573712842286612e-02
4.482764491959332354e-01
6.898991159678321550e-01
3.277123058236925401e-01
5.343247571390004058e-01
9.432596958321350922e-01
3.071666660302400098e-01
6.981430394479640755e-01
4.778046631607910655e-01
2.497379627047387751e-01
7.697020133065073377e-01
1.705212340695518303e-01
3.574076236720344357e-01
4.853438316787280771e-01
7.637132300534418272e-01
4.618510135354529367e-01
4.453913637794345015e-01
7.755193930416335313e-01
3.127842820468228480e-01
6.237099867163753419e-01
8.199679745340914261e-01
3.948795069340848007e-01
4.874508727343831449e-01
7.809703795338074350e-01
5.232447001913520523e-01
4.730205035509749134e-01
7.109171311590800624e-01
2.058206917324519047e-01
2.937537608359617747e-01
5.693895464505369652e-01
4.952121669449220942e-01
3.367900724453293249e-01
2.017576462965187667e-01
8.193452414567556907e-01
3.742268115336079282e-01
5.258242979284093455e-01
7.641951333908443278e-01
5.045198394320250523e-01
4.557913075768480482e-01
7.515240424621689730e-01
5.577114535463976175e-01
4.394068361015239788e-01
7.899185515677396019e-01
3.226744656275114531e-01
2.517730517665901502e-01
6.157811628654954461e-01
5.268064631653628371e-01
2.928182013225457125e-01
3.203590073032355212e-01
8.275010879506510264e-01
4.348168513202519403e-01
5.825135686915376976e-01
8.516710704501175844e-01
4.580702222928150769e-01
3.875021762765024080e-01
7.281265303567021618e-01
8.422229904266456124e-01
3.862842093639566876e-01
8.427023908116875184e-01
2.861200808750782865e-01
2.588678795022641976e-01
8.293948375112527582e-01
7.990145584435754955e-01
2.607706854772408600e-01
2.759675472908152960e-01
7.325121911549137277e-01
3.965337372575794550e-01
8.476812037397252197e-01
8.711054788455132591e-01
4.042309612228865978e-01
4.621550530442141147e-01
7.147743620581419322e-01
6.328819146830340081e-01
4.488467182274881728e-01
7.541231039981504125e-01
3.239624448331442363e-01
3.218056158909891051e-01
6.654935736811817826e-01
7.286584196197725127e-01
3.090738796487688123e-01
3.188128288860512249e-01
7.508569121985413375e-01
4.275829926535926750e-01
7.588063280792443077e-01
8.307858833776511354e-01
4.815301763587840900e-01
4.499041387581869111e-01
7.119269470151992074e-01
8.089891903288619623e-01
4.487727017767684234e-01
7.558548255635324509e-01
3.240046348201686133e-01
3.085712679832369187e-01
8.450541294046072238e-01
7.921180987724740774e-01
3.105367976901253213e-01
3.195218886715829321e-01
7.646937775214359689e-01
4.481462864103001875e-01
8.085559935769768281e-01
7.940054190427519032e-01
4.698765770556751487e-01
4.063307831551900007e-01
8.182974492231800401e-01
9.485590997230850530e-01
3.916967993015493255e-01
7.656435477878793527e-01
2.784287598472691694e-01
2.917551035503304635e-01
9.195437512448128015e-01
9.392174273158504505e-01
2.913385489364752612e-01
2.669715828481151743e-01
9.014003048850689481e-01
3.917219217875680393e-01
9.416977259922598709e-01
8.615271194032183555e-01
4.262812400133310087e-01
3.783812286722687546e-01
9.300367397364369682e-01
6.372482532014394074e-01
3.456657942695006702e-01
7.475446866227948295e-01
4.749198965296911323e-01
5.016534402915594493e-01
7.567501667376990149e-01
4.708247139533823789e-01
5.026169117434660105e-01
1.189232282846907629e-01
7.571104437469069470e-01
2.528831681434496881e-01
6.191993084655471602e-01
6.474751663051593331e-01
3.478285665544532113e-01
8.303701596687635966e-01
5.305327919014624083e-01
3.545137951493093076e-01
6.504355507163537276e-01
4.481088901315333772e-01
9.845685726047748165e-02
1.705814062397122410e-01
1.316738714966072810e-01
3.566043141381584070e-01
2.139722115070212261e-01
1.688497686905634787e-01
5.046089631023481514e-01
4.629378845129184517e-01
2.832943832991967614e-01
3.450025008744186383e-01
6.244836401303773821e-01
5.994810986072161008e-01
3.164465777766872212e-01
2.755318269002928755e-01
6.238204486863733189e-01
4.543752173417366369e-01
2.454434220605060946e-01
2.124022631948337403e-01
5.295431691381805583e-01
1.665852945954720832e-01
2.447722305758537886e-01
9.789573712842288000e-02
4.482764491959331243e-01
6.898991159678322660e-01
3.277123058236925401e-01
5.343247571390004058e-01
9.432596958321350922e-01
3.071666660302400098e-01
6.981430394479639645e-01
4.778046631607911210e-01
2.497379627047388306e-01
7.697020133065071157e-01
1.705212340695518303e-01
3.574076236720344912e-01
4.853438316787280216e-01
7.637132300534419382e-01
4.618510135354529367e-01
4.453913637794346125e-01
7.755193930416336423e-01
3.127842820468228480e-01
6.237099867163753419e-01
8.199679745340914261e-01
3.948795069340848007e-01
