6.261425999745057203e-02
3.450704424464071107e-01
1.538134998169594370e-01
8.536611355065697182e-02
3.300882445299443968e-01
4.061427022041821377e-01
9.486855427151155151e-01
1.540381567729393053e-01
3.772945632708829544e-02
6.388960645902207469e-01
1.492898166951483196e-01
1.591044234691134929e-01
5.494809998993180344e-02
6.484205547099558542e-01
3.376956363679766704e-01
8.553008748724102994e-02
1.822056312840251713e-01
6.343221494937805183e-01
4.951102875296075068e-01
3.390510171231274072e-01
1.470235910282992053e-01
1.953485927674291633e-01
7.142360592021501642e-01
1.616468387383772909e-01
9.378074137228271656e-01
8.227346027186278610e-01
7.232796418098182967e-01
9.454613622283654095e-01
2.747169524044852651e-02
3.429356872090382757e-01
4.725015037648789828e-01
1.540373836044588163e-01
4.139380614595272734e-01
6.984371803443238935e-01
3.381565377647061110e-01
6.485058428287154841e-01
7.385999791559928473e-01
7.259029317342071685e-01
8.222413451624248637e-01
6.571392977998145035e-01
2.594011058753269983e-01
7.257631504552557455e-01
1.998764893584385194e-01
3.962899309486570543e-01
2.446454786577389462e-01
7.101011349209910284e-01
6.395254383125459352e-01
3.497629362033445877e-01
2.101765494467154258e-02
2.334110855693512232e-01
3.714786927986599152e-02
5.290040967014439377e-02
1.839477903603269349e-01
2.603706045421663728e-01
9.375642896882225852e-01
4.098956792510433100e-02
1.859986146600943746e-01
7.435152624834109325e-01
1.270983793589714472e-01
3.276642116143296257e-01
1.983688507052133732e-02
4.159692998911212469e-01
1.854378907407438493e-01
6.390711966083398310e-02
6.325366488920063091e-02
3.452445126354913296e-01
1.539278146986632068e-01
8.544821832739911416e-02
3.290272677318598626e-01
4.012371138014293459e-01
9.470307957019045153e-01
1.565654501880958949e-01
3.935762699236111661e-02
6.478696310455256402e-01
1.565679397723837574e-01
5.391890917307154418e-02
6.484627919448491262e-01
3.383724476424376792e-01
1.838329400115934209e-01
6.368977266835388340e-01
4.838164990014248712e-01
1.372506018106045556e-01
1.980785478995440441e-01
7.187460207062338347e-01
9.379719009166983534e-01
8.224875499473345286e-01
3.191563060119433082e-02
3.452696092737743139e-01
4.149523479964415396e-01
7.042855519200176273e-01
7.423240006973234051e-01
7.258330959804077942e-01
2.611007166667728141e-01
2.390574436783673429e-01
2.043072822894455298e-02
1.828953072260270929e-01
1.239091768819545747e-01
8.775035630368653861e-01
8.751087070302059345e-01
1.236140026900129918e-01
1.173353583438059011e-01
5.755883996207216136e-01
8.442507075042149367e-02
2.122848532212862349e-01
2.811303827808528943e-01
4.141863875730775746e-01
9.052663840596075762e-01
1.336211060845935439e-01
6.862292731861086015e-01
8.955420233028407173e-01
4.177512309387094169e-01
6.164361044418511515e-01
4.465496057168379107e-02
7.050366391802489474e-01
2.894757527365137140e-01
1.201901218047634196e-01
6.261425999745057203e-02
3.450704424464071107e-01
1.538134998169594370e-01
8.536611355065697182e-02
3.300882445299443968e-01
4.061427022041821377e-01
9.486855427151155151e-01
1.540381567729393053e-01
3.772945632708829544e-02
6.388960645902207469e-01
1.492898166951483196e-01
1.591044234691134929e-01
5.494809998993180344e-02
6.484205547099558542e-01
3.376956363679766704e-01
8.553008748724102994e-02
1.822056312840251713e-01
6.343221494937805183e-01
4.951102875296075068e-01
3.390510171231274072e-01
1.470235910282992053e-01
1.953485927674291633e-01
7.142360592021501642e-01
1.616468387383772909e-01
9.378074137228271656e-01
8.227346027186278610e-01
7.232796418098182967e-01
9.454613622283654095e-01
2.747169524044852651e-02
3.429356872090382757e-01
4.725015037648789828e-01
1.540373836044588163e-01
4.139380614595272734e-01
6.984371803443238935e-01
3.381565377647061110e-01
6.485058428287154841e-01
7.385999791559928473e-01
7.259029317342071685e-01
8.222413451624248637e-01
6.571392977998145035e-01
2.594011058753269983e-01
7.257631504552557455e-01
1.998764893584385194e-01
3.962899309486570543e-01
2.446454786577389462e-01
7.101011349209910284e-01
6.395254383125459352e-01
3.497629362033445877e-01
2.101765494467154258e-02
2.334110855693512232e-01
3.714786927986599152e-02
5.290040967014439377e-02
1.839477903603269349e-01
2.603706045421663728e-01
9.375642896882225852e-01
4.098956792510433100e-02
1.859986146600943746e-01
7.435152624834109325e-01
1.270983793589714472e-01
3.276642116143296257e-01
1.983688507052133732e-02
4.159692998911212469e-01
1.854378907407438493e-01
6.390711966083398310e-02
1.173353583438059011e-01
5.755883996207216136e-01
8.443181430896218309e-02
2.122844262292107043e-01
2.811301319769445861e-01
4.141846553183787805e-01
9.052663840596075762e-01
1.336213081532364733e-01
6.862292731861086015e-01
8.955420233028407173e-01
4.177512309387094169e-01
6.164352076269847824e-01
4.465496057168379107e-02
7.050366391802489474e-01
2.894757527365137140e-01
1.201901218047634196e-01
8.724768919293612868e-02
5.049468684442197652e-01
4.523116763914576399e-01
9.374900433809911504e-02
5.673928040869415934e-01
7.794670876239725432e-01
7.359694423507950889e-01
5.018047513555030648e-01
4.653430611112570059e-01
7.733881078807247622e-01
7.846184903366957286e-01
5.517392015913253900e-01
5.610884864542470263e-02
4.963278253297962461e-01
6.207242370273291510e-01
8.418517190096984348e-02
5.256490141982214648e-02
3.321798275441207871e-01
3.731836745944288047e-01
5.768215055741349184e-02
3.302767884644923768e-01
7.804013757150893849e-01
8.283080535229980779e-01
3.628111371086015779e-01
3.504317356688799734e-01
8.273825447264764321e-01
7.798443298349784225e-01
3.280076288692757025e-01
7.998660134537519117e-02
3.844888992725514765e-01
3.383728675172956724e-01
5.516103572855293735e-02
8.378523203034776712e-02
4.454866386343816487e-01
3.553538213422973158e-01
9.133370386410638586e-02
5.481922339560982849e-01
8.427875549584505910e-01
7.552864955037787986e-01
3.546555356932068470e-01
6.354418462625370800e-01
8.343362210518057154e-01
8.428966682821470435e-01
4.692064561854496496e-01
7.354061289142438396e-02
6.520581184285128007e-01
5.957198443139626320e-01
8.680418299789666170e-02
7.867047086548475954e-02
4.191124901318192819e-01
6.944326781439755791e-01
8.154497511724846659e-02
6.556657971705286414e-01
8.217946773585943498e-01
8.133032095245604776e-01
7.178377308104928467e-01
4.001072965408161153e-01
7.760423678365907518e-01
8.231929318233407455e-01
4.322588345411180200e-01
8.145921499921698894e-02
3.904529146308437504e-01
6.843285695927145973e-01
8.137619843387135232e-02
6.367447643439841376e-02
3.381074442257354651e-01
3.847283594988935018e-01
6.631220443796806419e-02
3.257954419957198589e-01
7.586765828665640310e-01
8.569240550818992830e-01
3.733238879380038622e-01
3.552575409681590912e-01
8.688263648835061748e-01
7.534888144020339684e-01
3.650342568722710901e-01
6.888887020423276053e-02
3.396951842625732798e-01
3.707084943888563355e-01
6.958472677665192285e-02
6.261425999745057203e-02
3.450704424464071662e-01
1.538134998169594925e-01
8.536611355065697182e-02
3.300882445299445078e-01
4.061427022041822488e-01
9.486855427151157372e-01
1.540381567729392498e-01
3.772945632708829544e-02
6.388960645902208579e-01
1.492898166951482919e-01
1.591044234691134651e-01
5.494809998993180344e-02
6.484205547099559652e-01
3.376956363679765039e-01
8.553008748724104382e-02
1.822056312840251713e-01
6.343221494937805183e-01
4.951102875296074513e-01
3.390510171231274072e-01
1.470235910282992053e-01
1.953485927674291356e-01
7.142360592021500532e-01
1.616468387383773464e-01
9.378074137228271656e-01
8.227346027186278610e-01
7.232796418098184077e-01
9.454613622283654095e-01
2.747169524044852651e-02
3.429356872090382202e-01
4.725015037648790939e-01
1.540373836044587885e-01
4.139380614595273289e-01
6.984371803443238935e-01
3.381565377647060000e-01
6.485058428287152621e-01
7.385999791559927363e-01
7.259029317342070575e-01
8.222413451624248637e-01
6.571392977998145035e-01
2.594011058753270538e-01
7.257631504552555235e-01
1.998764893584384916e-01
3.962899309486569432e-01
2.446454786577389462e-01
7.101011349209911394e-01
6.395254383125461572e-01
3.497629362033445877e-01
2.101765494467154605e-02
2.334110855693511677e-01
3.714786927986599152e-02
5.290040967014440765e-02
1.839477903603268238e-01
2.603706045421664284e-01
9.375642896882228072e-01
4.098956792510438651e-02
1.859986146600943746e-01
7.435152624834109325e-01
1.270983793589714472e-01
3.276642116143295702e-01
1.983688507052133385e-02
4.159692998911212469e-01
1.854378907407437937e-01
6.390711966083399698e-02
