7.588189947079901874e-03
1.115710371952703395e-01
6.469456680277516081e-02
3.411359597386146719e-03
2.205887851394419119e-01
8.734993863463847985e-01
8.218249881882470076e-01
1.901589709996405198e-01
2.914242231028668639e-02
4.698145108696447636e-01
3.745547307465399989e-01
1.829550532418115771e-01
3.043719805984404503e-03
1.549004496962858024e-01
5.671495282381916470e-02
3.535951051877678220e-03
6.498381401688435588e-02
7.959452942889999605e-01
5.151818628338796779e-01
5.474472651264788992e-02
4.480446810630043797e-01
5.045914281856551664e-01
9.396836297003485772e-01
3.935119489973711859e-01
6.651188570686968893e-01
6.284738708918711225e-01
9.513002158169636679e-01
8.124213448541799387e-01
1.300080788556891298e-02
5.722763907326795518e-01
5.329432600893659888e-01
5.464244939035969861e-02
8.597608565928216429e-02
8.754953519459103273e-01
5.764578130847937132e-01
1.421646639653586508e-01
4.437792109128969598e-01
9.345776368295072301e-01
6.276580661341821799e-01
5.095560683883760822e-01
5.774759654408498921e-01
9.425615179141761946e-01
5.183544975033641533e-01
8.687597793891932429e-01
2.566871317798319896e-01
8.709753256392336329e-01
8.194888784111613589e-01
1.186786212958941822e-01
1.241657922521306918e-03
2.600718027587206604e-01
8.348331339242648363e-03
3.332883543736798668e-03
4.436195241553320123e-02
5.616532716864053310e-01
6.656839730251072895e-01
3.164291750003705994e-02
4.380426716409724364e-02
4.556368818763504858e-01
4.756427865358804907e-01
2.164887651469250551e-01
1.200254072963201878e-03
8.854737963980080506e-02
5.385081253012097280e-02
7.560018631919605998e-03
7.574257362414536787e-03
1.121797522325834739e-01
5.956196374246305880e-02
3.473744838407422444e-03
2.186636289495215435e-01
8.711395872279625863e-01
8.169789041606808633e-01
1.865653161439971564e-01
3.039122401360405679e-02
4.893627731395214786e-01
3.867714744182564890e-01
3.189056559588170081e-03
1.485933065526817143e-01
5.573111756160775698e-02
5.937880899608322105e-02
8.075991386828574869e-01
5.240542314962510773e-01
4.615810987277870758e-01
5.126644094946599672e-01
9.454767272444993820e-01
6.656056420223975811e-01
6.280652672654558621e-01
1.036219899737907124e-02
5.822154112049888752e-01
8.726004564464051594e-02
8.732289856633945746e-01
4.504823362032404077e-01
9.385664424690933760e-01
5.721309728364496472e-01
2.583706815430358295e-01
1.221077260724626884e-03
4.164921776644292528e-02
1.351810980611156676e-02
9.868428142306987505e-01
9.876907216601524819e-01
1.209913658292893768e-02
2.524557388751955123e-02
7.152370167765011999e-01
2.138583646551357464e-01
2.347807286017666861e-02
1.675138660016330938e-01
7.231384769774250598e-01
8.132343163481623449e-01
2.844142516428072032e-01
5.644134012326775807e-01
7.908674690776480443e-01
7.380760288894552268e-01
7.461688773071164515e-01
1.511595921529275410e-02
5.795589990955885007e-01
1.912525849503905473e-01
2.418367747096877851e-02
7.588189947079901874e-03
1.115710371952703395e-01
6.469456680277516081e-02
3.411359597386146719e-03
2.205887851394419119e-01
8.734993863463847985e-01
8.218249881882470076e-01
1.901589709996405198e-01
2.914242231028668639e-02
4.698145108696447636e-01
3.745547307465399989e-01
1.829550532418115771e-01
3.043719805984404503e-03
1.549004496962858024e-01
5.671495282381916470e-02
3.535951051877678220e-03
6.498381401688435588e-02
7.959452942889999605e-01
5.151818628338796779e-01
5.474472651264788992e-02
4.480446810630043797e-01
5.045914281856551664e-01
9.396836297003485772e-01
3.935119489973711859e-01
6.651188570686968893e-01
6.284738708918711225e-01
9.513002158169636679e-01
8.124213448541799387e-01
1.300080788556891298e-02
5.722763907326795518e-01
5.329432600893659888e-01
5.464244939035969861e-02
8.597608565928216429e-02
8.754953519459103273e-01
5.764578130847937132e-01
1.421646639653586508e-01
4.437792109128969598e-01
9.345776368295072301e-01
6.276580661341821799e-01
5.095560683883760822e-01
5.774759654408498921e-01
9.425615179141761946e-01
5.183544975033641533e-01
8.687597793891932429e-01
2.566871317798319896e-01
8.709753256392336329e-01
8.194888784111613589e-01
1.186786212958941822e-01
1.241657922521306918e-03
2.600718027587206604e-01
8.348331339242648363e-03
3.332883543736798668e-03
4.436195241553320123e-02
5.616532716864053310e-01
6.656839730251072895e-01
3.164291750003705994e-02
4.380426716409724364e-02
4.556368818763504858e-01
4.756427865358804907e-01
2.164887651469250551e-01
1.200254072963201878e-03
8.854737963980080506e-02
5.385081253012097280e-02
7.560018631919605998e-03
2.524557388751955123e-02
7.152370167765011999e-01
2.138754468605592596e-01
2.347754352272998779e-02
1.675137165580480314e-01
7.231354525901875219e-01
8.132343163481623449e-01
2.844146817485260215e-01
5.644134012326775807e-01
7.908674690776480443e-01
7.380760288894552268e-01
7.461677917520406211e-01
1.511595921529275410e-02
5.795589990955885007e-01
1.912525849503905473e-01
2.418367747096877851e-02
2.215295386583586434e-02
2.336574164707623247e-01
3.783083054865006289e-01
3.362547791212641690e-02
3.348411587194306538e-01
8.783202584507744382e-01
9.303436955406980680e-01
4.157282524370335963e-01
2.995613384950490676e-01
9.859830562705852453e-01
8.862411663741036616e-01
2.774750195050019741e-01
5.615719209028230408e-03
3.373615918509238476e-01
3.733222264761089093e-01
2.039599597021396482e-02
3.599477176539633838e-03
3.219406469328300879e-02
1.531467881747352600e-01
3.988025968745839700e-03
1.538589860671140119e-01
9.757668389356100036e-01
9.308522480862104764e-01
1.397132378307035516e-01
7.766108911688385241e-02
9.788550939423332764e-01
9.808442454584790360e-01
3.879407835350412448e-02
2.504320270655863157e-03
1.173624461825737431e-01
1.528473907316467706e-01
7.426487884031551800e-03
1.349164580988934659e-02
3.833272951561426112e-01
7.361969948309532441e-02
3.153688470675458655e-03
1.211189291756586961e-01
9.570291592460443697e-01
9.813212523264684961e-01
7.038119480659110749e-02
6.282311684132935170e-01
9.763634036011936690e-01
9.616915318075056618e-01
4.258585586287608749e-01
1.799237601708619794e-02
6.561020159845412092e-01
1.259472424188019524e-01
1.263023079750694166e-02
9.808060267747067962e-03
1.020197325116907194e-01
5.079147311773200002e-01
2.589390766135390987e-02
5.847742472964174709e-01
9.751812216049542403e-01
9.541644421703706636e-01
5.420999040771974364e-01
7.905144787479123636e-02
9.414727768255086726e-01
9.794091204062386202e-01
1.001999838329465931e-01
4.018693741199036440e-03
6.752656302832615864e-02
6.271166818110422980e-01
9.728694859235512138e-03
2.531580565880708900e-03
1.158871177535429897e-01
5.180417320172048257e-02
6.217163416327331493e-03
9.204938944740947981e-02
9.637265615101128224e-01
9.672889038068408496e-01
6.708292116422387430e-02
5.964408313342017820e-02
9.695339068303008290e-01
9.634115818771163964e-01
1.321243708535266848e-01
8.267894880990195317e-03
5.170576301257523433e-02
1.236978522342446762e-01
6.706654077696605487e-03
7.588189947079901007e-03
1.115710371952703395e-01
6.469456680277516081e-02
3.411359597386146719e-03
2.205887851394419674e-01
8.734993863463850206e-01
8.218249881882471186e-01
1.901589709996404642e-01
2.914242231028668639e-02
4.698145108696449301e-01
3.745547307465398879e-01
1.829550532418114939e-01
3.043719805984406238e-03
1.549004496962858579e-01
5.671495282381916470e-02
3.535951051877678220e-03
6.498381401688435588e-02
7.959452942889999605e-01
5.151818628338795669e-01
5.474472651264788992e-02
4.480446810630043797e-01
5.045914281856551664e-01
9.396836297003484662e-01
3.935119489973711859e-01
6.651188570686968893e-01
6.284738708918712335e-01
9.513002158169637790e-01
8.124213448541799387e-01
1.300080788556891298e-02
5.722763907326795518e-01
5.329432600893662109e-01
5.464244939035967086e-02
8.597608565928210878e-02
8.754953519459103273e-01
5.764578130847937132e-01
1.421646639653586508e-01
4.437792109128969043e-01
9.345776368295072301e-01
6.276580661341821799e-01
5.095560683883761932e-01
5.774759654408500031e-01
9.425615179141759725e-01
5.183544975033640423e-01
8.687597793891932429e-01
2.566871317798320451e-01
8.709753256392338550e-01
8.194888784111613589e-01
1.186786212958941822e-01
1.241657922521307786e-03
2.600718027587206604e-01
8.348331339242648363e-03
3.332883543736800402e-03
4.436195241553320123e-02
5.616532716864053310e-01
6.656839730251074005e-01
3.164291750003705994e-02
4.380426716409735466e-02
4.556368818763505968e-01
4.756427865358806018e-01
2.164887651469250829e-01
1.200254072963201878e-03
8.854737963980080506e-02
5.385081253012097280e-02
7.560018631919606866e-03
