6.206702139614304059e-01
7.525262082687469434e-01
7.214234099430983926e-01
5.181596941481395602e-01
7.958420684189657646e-01
1.739606994939058016e-01
3.235984440321482691e-01
7.014268097243181455e-01
6.729558272190225843e-01
3.330998622914026486e-01
1.199055607413388180e-01
6.880433412355325684e-01
4.221436719269696103e-01
9.009545375354325314e-01
7.024772948649395943e-01
5.077036741545661869e-01
8.104273613642158924e-01
2.309777406118863063e-01
3.369810280647143053e-01
7.064401220100335888e-01
2.865842217267502989e-01
7.479587815613510104e-02
1.122197748826813946e-01
1.310839949670938032e-01
2.681486183018024216e-01
8.106056547509551957e-02
1.150668226046128728e-01
3.122142424127807847e-01
5.441768443961872981e-01
1.641413115582233684e-01
3.203435216997717605e-01
6.791599101739788091e-01
9.017965805571342974e-01
2.581204877361544803e-01
1.454933920306830109e-01
8.880647529888828773e-01
2.903109254596123456e-01
1.213697130448551514e-01
7.914764517674775790e-02
3.474462433950937790e-01
3.440124915680273232e-01
1.199335454496324171e-01
7.363731219020960839e-02
1.463596408552811923e-01
6.568527297894983796e-01
2.621171126263154849e-01
2.159181949671680756e-01
7.223531127617701664e-01
3.654677633645545543e-01
6.774614779935042019e-01
5.443587247694936515e-01
4.116812895000616646e-01
8.346926369860565575e-01
3.420508567578611214e-01
2.672394087357519710e-01
6.705870601816040777e-01
8.104712641972905418e-01
2.903852520799440895e-01
2.654114180438943982e-01
7.787482995529455554e-01
3.647407107593637621e-01
8.968203056217647351e-01
7.589245761849745531e-01
6.250910027309525274e-01
6.228565873511211493e-01
7.365527042569679494e-01
6.998437009768501138e-01
5.129241719360873031e-01
7.877678300768640174e-01
1.602184304764037170e-01
3.174109561509784738e-01
6.947505027290300506e-01
6.717728134211093938e-01
3.401566269968717693e-01
1.263801102600826676e-01
4.168851678396076066e-01
8.945711295586569189e-01
7.044561381385709975e-01
7.844978427291821044e-01
2.235234124741182216e-01
3.286700777510094262e-01
2.761993091077569185e-01
7.441217805869076996e-02
1.136395745553590297e-01
2.677742636033889068e-01
8.010246102230661469e-02
5.441094097323003753e-01
1.571240244862531776e-01
8.993117079826389304e-01
2.601244176428334498e-01
2.908430510096476906e-01
1.206521931641775097e-01
3.446178476158217041e-01
6.671036089370405708e-01
3.651063664428788047e-01
8.221562662024264334e-01
7.060973094253352178e-01
3.016638502256747678e-01
2.883700020212275339e-01
7.038600218250677942e-01
6.532177740545533906e-01
4.122715140145731816e-01
5.019276757283266388e-01
6.829285080898651605e-01
5.695845934300154401e-01
1.486964034249342315e-01
1.749197188236218115e-01
5.385459280894944190e-01
6.377016248549713939e-01
1.666106870483768654e-01
1.439204220488213837e-01
3.973363789358574927e-01
4.726243473946153406e-01
6.597030011240319070e-01
5.674825233208087294e-01
6.523940236920247049e-01
6.206702139614304059e-01
7.525262082687469434e-01
7.214234099430983926e-01
5.181596941481395602e-01
7.958420684189657646e-01
1.739606994939058016e-01
3.235984440321482691e-01
7.014268097243181455e-01
6.729558272190225843e-01
3.330998622914026486e-01
1.199055607413388180e-01
6.880433412355325684e-01
4.221436719269696103e-01
9.009545375354325314e-01
7.024772948649395943e-01
5.077036741545661869e-01
8.104273613642158924e-01
2.309777406118863063e-01
3.369810280647143053e-01
7.064401220100335888e-01
2.865842217267502989e-01
7.479587815613510104e-02
1.122197748826813946e-01
1.310839949670938032e-01
2.681486183018024216e-01
8.106056547509551957e-02
1.150668226046128728e-01
3.122142424127807847e-01
5.441768443961872981e-01
1.641413115582233684e-01
3.203435216997717605e-01
6.791599101739788091e-01
9.017965805571342974e-01
2.581204877361544803e-01
1.454933920306830109e-01
8.880647529888828773e-01
2.903109254596123456e-01
1.213697130448551514e-01
7.914764517674775790e-02
3.474462433950937790e-01
3.440124915680273232e-01
1.199335454496324171e-01
7.363731219020960839e-02
1.463596408552811923e-01
6.568527297894983796e-01
2.621171126263154849e-01
2.159181949671680756e-01
7.223531127617701664e-01
3.654677633645545543e-01
6.774614779935042019e-01
5.443587247694936515e-01
4.116812895000616646e-01
8.346926369860565575e-01
3.420508567578611214e-01
2.672394087357519710e-01
6.705870601816040777e-01
8.104712641972905418e-01
2.903852520799440895e-01
2.654114180438943982e-01
7.787482995529455554e-01
3.647407107593637621e-01
8.968203056217647351e-01
7.589245761849745531e-01
6.250910027309525274e-01
6.532177740545533906e-01
4.122715140145731816e-01
5.019677678317073788e-01
6.829283362168030447e-01
5.695840852884166416e-01
1.486957815308999342e-01
1.749197188236218115e-01
5.385467425060790347e-01
6.377016248549713939e-01
1.666106870483768654e-01
1.439204220488213837e-01
3.973358008756677773e-01
4.726243473946153406e-01
6.597030011240319070e-01
5.674825233208087294e-01
6.523940236920247049e-01
6.899371126111693009e-01
5.219403355034690772e-01
5.049295311164374578e-01
5.609848799790968510e-01
6.065554793890455265e-01
1.538742883524157334e-01
1.995846504264999488e-01
5.309883212033799094e-01
7.533365915060381557e-01
1.822911003800655738e-01
1.460842361363199338e-01
5.327963114272771250e-01
4.933329359332253583e-01
7.836313764422564443e-01
6.005017286328495629e-01
6.706557285820963221e-01
6.274009854141742171e-01
5.598333778260291549e-01
7.382982820515717748e-01
5.159960360304665095e-01
6.316048242657390510e-01
1.758187540599716603e-01
1.531731658656270978e-01
7.070782743902654932e-01
6.868164394535121176e-01
1.562515069140716362e-01
1.618581600884617389e-01
5.169615059624066422e-01
5.259976166739745995e-01
7.085850454559139422e-01
5.987451013711615477e-01
6.255337770119266949e-01
6.672318892091835263e-01
3.669825986002979157e-01
7.974162023716342418e-01
5.782414316498896145e-01
4.850438974371096279e-01
2.090526982001683631e-01
1.829726083981812745e-01
8.008713322467779783e-01
6.378213740241225338e-01
2.124347604553251112e-01
1.970670820207730822e-01
3.380489872639538262e-01
5.730646221562883946e-01
6.431315347540651484e-01
4.798616827478059399e-01
6.683933308639222748e-01
6.392952414765019631e-01
5.395316105444560861e-01
5.544751983808140494e-01
6.231968748475920084e-01
6.628833009150740807e-01
1.920038219223808018e-01
2.032223781706332111e-01
5.860496337314269333e-01
7.921325738538893546e-01
1.945718545502360119e-01
1.839556927617830850e-01
5.046165336119985412e-01
5.715805515760489230e-01
7.820873864877513348e-01
6.446315278997345466e-01
6.390537664550484109e-01
5.695424019339964117e-01
7.445677881789525276e-01
8.414520073641960085e-01
5.721011023371165294e-01
6.839985732707258848e-01
1.610442298467525957e-01
1.648740533824392118e-01
7.932745117417516756e-01
7.474070941625905462e-01
1.757406978136475950e-01
1.487717593181138165e-01
7.570962677224479798e-01
5.897836334393260493e-01
7.326176591001962723e-01
7.031981788378309783e-01
5.687529447174203279e-01
6.206702139614304059e-01
7.525262082687470544e-01
7.214234099430985037e-01
5.181596941481395602e-01
7.958420684189657646e-01
1.739606994939058016e-01
3.235984440321483246e-01
7.014268097243181455e-01
6.729558272190225843e-01
3.330998622914027041e-01
1.199055607413387903e-01
6.880433412355326794e-01
4.221436719269696658e-01
9.009545375354326424e-01
7.024772948649392612e-01
5.077036741545661869e-01
8.104273613642158924e-01
2.309777406118863063e-01
3.369810280647142497e-01
7.064401220100335888e-01
2.865842217267504100e-01
7.479587815613510104e-02
1.122197748826813807e-01
1.310839949670938032e-01
2.681486183018024216e-01
8.106056547509553345e-02
1.150668226046129006e-01
3.122142424127807847e-01
5.441768443961872981e-01
1.641413115582233406e-01
3.203435216997717605e-01
6.791599101739788091e-01
9.017965805571341864e-01
2.581204877361544803e-01
1.454933920306830386e-01
8.880647529888826552e-01
2.903109254596122901e-01
1.213697130448551514e-01
7.914764517674775790e-02
3.474462433950937790e-01
3.440124915680273787e-01
1.199335454496324033e-01
7.363731219020960839e-02
1.463596408552811923e-01
6.568527297894983796e-01
2.621171126263155404e-01
2.159181949671680756e-01
7.223531127617701664e-01
3.654677633645545543e-01
6.774614779935042019e-01
5.443587247694936515e-01
4.116812895000616646e-01
8.346926369860565575e-01
3.420508567578611214e-01
2.672394087357519710e-01
6.705870601816041887e-01
8.104712641972904308e-01
2.903852520799440895e-01
2.654114180438943982e-01
7.787482995529457774e-01
3.647407107593637621e-01
8.968203056217647351e-01
7.589245761849745531e-01
6.250910027309524164e-01
