5.365136801785785892e-01
8.981286684060969527e-01
4.961509933393769556e-01
5.198459306476060915e-01
6.891556724725402816e-01
5.204106382489380733e-01
4.928278742572033133e-01
4.483343079873610137e-01
1.953109886449906352e-01
2.602473982615765014e-01
1.110394095163336481e-01
4.141384306635684798e-01
3.447523799877436068e-01
5.820594254831121805e-01
5.733800713124270754e-01
5.079809838668819522e-01
8.024580537265280089e-01
5.526153291019202385e-01
1.946666317269943880e-01
6.156510253561677803e-01
4.017920108756159459e-01
1.386705983132650588e-01
3.454058820505552241e-01
1.340315404148312017e-01
3.054335350772519608e-01
2.569590576373845248e-01
3.367975771293509335e-01
4.755593229780489262e-01
2.918164444641736521e-01
8.900327831862994699e-02
1.854933063132101767e-01
4.893466217621356140e-01
6.501940320750628777e-01
2.150782652175713683e-01
4.887560141740282527e-02
5.375821130855612529e-01
4.691786054768708469e-01
3.318418369823874503e-01
2.433069764191521656e-01
2.774487853075816579e-01
2.796562806347974717e-01
3.174067443300097047e-01
1.284520118893852370e-01
4.380030050456987789e-01
5.244179770655135187e-01
2.150882137597279198e-01
4.730190361203700511e-01
8.257509160766625111e-01
4.130788685554261930e-01
5.468516503924161221e-01
2.891425772329775379e-01
3.297120360482688195e-01
5.672437904285709820e-01
3.038952648554332225e-01
3.043843019192056798e-01
2.130806415010675359e-01
4.983779531179669542e-01
4.657785757018416128e-01
3.247461528921266605e-01
6.272423509131319630e-01
4.099816223581357333e-01
6.939941017818986868e-01
7.136212120505195378e-01
5.412684365243198847e-01
5.388652226952584945e-01
8.614504912330742670e-01
4.926766866885499141e-01
5.139049327867105665e-01
6.590626375017206717e-01
4.793807676413742724e-01
4.838033791398121952e-01
4.312757872325838626e-01
2.041855399118713277e-01
2.687084965771742162e-01
1.233770585505712947e-01
3.371929440147618529e-01
5.600329261480190279e-01
5.944881312950550667e-01
7.577323843535237469e-01
5.132159408048035942e-01
1.900842712426100700e-01
3.640022823730187929e-01
1.339717869929259730e-01
3.411129900082877642e-01
3.050003020613270555e-01
2.501212820038039020e-01
2.902513580259585280e-01
7.027429767304288477e-02
6.720653300618213422e-01
2.150832534718367384e-01
4.682732137353873281e-01
3.246299586528962888e-01
2.932637058958381671e-01
5.355765817431532572e-01
4.115393166256465229e-01
5.316954219418363881e-01
5.811418356454588485e-01
4.431446546485651172e-01
4.028865905631257016e-01
5.727055995397457577e-01
5.975794874128457224e-01
5.977353841602992546e-01
0.000000000000000000e+00
5.763629274561917759e-01
5.828403835306541492e-01
2.824293289338778434e-01
3.457549673122990441e-01
9.922201328294066869e-02
2.818109447502232801e-01
3.459112958831010998e-01
2.590890432216395589e-01
5.071113644933042952e-01
4.060491970655385474e-01
3.553110142583373321e-01
5.055314714907805929e-01
5.956509600534504179e-01
5.365136801785785892e-01
8.981286684060969527e-01
4.961509933393769556e-01
5.198459306476060915e-01
6.891556724725402816e-01
5.204106382489380733e-01
4.928278742572033133e-01
4.483343079873610137e-01
1.953109886449906352e-01
2.602473982615765014e-01
1.110394095163336481e-01
4.141384306635684798e-01
3.447523799877436068e-01
5.820594254831121805e-01
5.733800713124270754e-01
5.079809838668819522e-01
8.024580537265280089e-01
5.526153291019202385e-01
1.946666317269943880e-01
6.156510253561677803e-01
4.017920108756159459e-01
1.386705983132650588e-01
3.454058820505552241e-01
1.340315404148312017e-01
3.054335350772519608e-01
2.569590576373845248e-01
3.367975771293509335e-01
4.755593229780489262e-01
2.918164444641736521e-01
8.900327831862994699e-02
1.854933063132101767e-01
4.893466217621356140e-01
6.501940320750628777e-01
2.150782652175713683e-01
4.887560141740282527e-02
5.375821130855612529e-01
4.691786054768708469e-01
3.318418369823874503e-01
2.433069764191521656e-01
2.774487853075816579e-01
2.796562806347974717e-01
3.174067443300097047e-01
1.284520118893852370e-01
4.380030050456987789e-01
5.244179770655135187e-01
2.150882137597279198e-01
4.730190361203700511e-01
8.257509160766625111e-01
4.130788685554261930e-01
5.468516503924161221e-01
2.891425772329775379e-01
3.297120360482688195e-01
5.672437904285709820e-01
3.038952648554332225e-01
3.043843019192056798e-01
2.130806415010675359e-01
4.983779531179669542e-01
4.657785757018416128e-01
3.247461528921266605e-01
6.272423509131319630e-01
4.099816223581357333e-01
6.939941017818986868e-01
7.136212120505195378e-01
5.412684365243198847e-01
5.975794874128457224e-01
5.977353841602992546e-01
0.000000000000000000e+00
5.763626978177577298e-01
5.828398635632114910e-01
2.824281477276702201e-01
3.457549673122990441e-01
9.922216333152333867e-02
2.818109447502232801e-01
3.459112958831010998e-01
2.590890432216395589e-01
5.071106267282590174e-01
4.060491970655385474e-01
3.553110142583373321e-01
5.055314714907805929e-01
5.956509600534504179e-01
5.273684994889723532e-01
5.627979151590356555e-01
4.100286666506995914e-01
5.034819347715029370e-01
5.849816717336935312e-01
3.267276571298153853e-01
3.285259058043075164e-01
4.818105244377459684e-01
5.876529492007762645e-01
3.083709214669320131e-01
2.933982132324685632e-01
5.025760531753999949e-01
4.590839359709389944e-01
6.774395352502702305e-01
5.080914246113168442e-01
5.067153765523894071e-01
4.244452541930163747e-01
7.337579828655069747e-01
8.026353266587920032e-01
4.160337375714153740e-01
8.438431565476829377e-01
3.136105967613417311e-01
2.296317343167254832e-01
8.096895206833110148e-01
8.475579444079217595e-01
2.135091259980490541e-01
2.699557945424273520e-01
6.220125976962103120e-01
4.069197665542372278e-01
8.999501123768851585e-01
7.425637002293197231e-01
4.188729770563712762e-01
4.739620381716834752e-01
8.030882439177555732e-01
5.782968221593112190e-01
4.892282826411873953e-01
8.121833371155338099e-01
3.228633017544874639e-01
3.107079612308327743e-01
6.500356411082699459e-01
7.779873857227976863e-01
2.634572462126876236e-01
2.874904455555442606e-01
6.954929497153359286e-01
4.501611414652451071e-01
8.370811521540517663e-01
7.319592589024996876e-01
4.691952311178904655e-01
4.901850087537822365e-01
8.023964391541231755e-01
7.743045282469482871e-01
4.563328709981133713e-01
8.169778997097765227e-01
3.192544417683732538e-01
2.952827182006849682e-01
8.455896828781175323e-01
8.428607442188722487e-01
2.834649499135741268e-01
2.861666708171279327e-01
6.644560224831725925e-01
4.447537645154877595e-01
8.938195825458672417e-01
6.960881491242649766e-01
4.885470157931211532e-01
4.228685871418773612e-01
9.397557296278835626e-01
9.054257442560491587e-01
4.182279826265269396e-01
8.390090004458334860e-01
2.759358692081598785e-01
2.784607776179408578e-01
8.990682775174130281e-01
9.369110884639608727e-01
2.626839842003442227e-01
2.324282551511908101e-01
8.819469893350073697e-01
4.200883387004218372e-01
9.549255422655156256e-01
8.011096108630708645e-01
4.197190727712162284e-01
5.365136801785785892e-01
8.981286684060970638e-01
4.961509933393769556e-01
5.198459306476060915e-01
6.891556724725405036e-01
5.204106382489381843e-01
4.928278742572033133e-01
4.483343079873610137e-01
1.953109886449906352e-01
2.602473982615765569e-01
1.110394095163336758e-01
4.141384306635684798e-01
3.447523799877436623e-01
5.820594254831121805e-01
5.733800713124271864e-01
5.079809838668819522e-01
8.024580537265277869e-01
5.526153291019202385e-01
1.946666317269943325e-01
6.156510253561677803e-01
4.017920108756160569e-01
1.386705983132650588e-01
3.454058820505551686e-01
1.340315404148312572e-01
3.054335350772519608e-01
2.569590576373845248e-01
3.367975771293509335e-01
4.755593229780489262e-01
2.918164444641737076e-01
8.900327831862991923e-02
1.854933063132101767e-01
4.893466217621357250e-01
6.501940320750629887e-01
2.150782652175713405e-01
4.887560141740282527e-02
5.375821130855611418e-01
4.691786054768707914e-01
3.318418369823874503e-01
2.433069764191521656e-01
2.774487853075816579e-01
2.796562806347975272e-01
3.174067443300096492e-01
1.284520118893852370e-01
4.380030050456987789e-01
5.244179770655135187e-01
2.150882137597279753e-01
4.730190361203699401e-01
8.257509160766625111e-01
4.130788685554261375e-01
5.468516503924161221e-01
2.891425772329775379e-01
3.297120360482688750e-01
5.672437904285707599e-01
3.038952648554332225e-01
3.043843019192057353e-01
2.130806415010674804e-01
4.983779531179668432e-01
4.657785757018416128e-01
3.247461528921267715e-01
6.272423509131319630e-01
4.099816223581357333e-01
6.939941017818986868e-01
7.136212120505194267e-01
5.412684365243198847e-01
