3.932281659502936261e-02
2.330077241168146407e-01
1.043031029578731783e-01
4.871112293781383606e-02
2.231676653887292860e-01
7.063035495956609955e-01
8.461627183790855211e-01
1.643395555039854350e-01
3.040874746631710979e-02
4.034355619936845772e-01
2.753848532964411344e-01
1.657066726737882745e-01
9.884090863579152522e-03
4.435271561805803620e-01
3.790780402488414524e-01
4.797681130999434385e-02
1.326345405748082240e-01
6.848555130344138320e-01
4.160717407151112157e-01
3.454710801291732136e-01
5.038817094154515175e-01
4.131820585447957273e-01
8.362954843579760711e-01
2.973364030418623738e-01
7.936757062638426508e-01
6.376840438213914330e-01
8.539091548308909152e-01
8.540638415178005705e-01
2.827304212847728260e-03
4.595816778706096062e-01
3.674009959452811946e-01
1.197386402507545633e-01
2.435852317299195269e-01
8.355345393766210327e-01
4.313221449540115549e-01
4.666237211999263446e-01
4.385206523748309548e-01
8.758184234794370582e-01
6.430036256289138885e-01
3.977303867990888975e-01
4.941995040303815423e-01
8.735500967674603157e-01
4.210163202872849175e-01
7.333801959452850294e-01
1.714422258670847410e-01
8.592003011688275071e-01
7.099343814972221001e-01
2.502479602689612892e-01
1.297965198073098084e-02
1.467299347187416558e-01
2.199659139885343229e-02
9.183205938176040167e-03
1.055551404893381173e-01
4.957820369156349938e-01
8.023579509369971330e-01
4.401430026556479858e-02
1.205752631503707040e-01
4.502758544508907446e-01
5.084838595139287154e-01
2.302892202553520340e-01
1.209925935063766583e-02
2.410625139882601187e-01
1.568466538348418093e-01
3.990141241069009720e-02
3.960897061882449888e-02
2.391083191049425127e-01
1.121844758762946259e-01
4.834343955155594175e-02
2.267460728694732086e-01
7.197847193978799130e-01
8.500231641666563531e-01
1.650215382001588293e-01
3.720365656269170040e-02
4.006292738670306219e-01
2.883875607883248926e-01
9.531818685540257435e-03
4.549652680317264886e-01
3.622963577416122849e-01
1.448243365204968935e-01
6.972693081950445126e-01
3.917591945534218967e-01
5.061389884866631661e-01
4.180951785016709943e-01
8.450792793676116244e-01
7.982752195007815077e-01
6.403484073190051085e-01
1.195180299267599444e-02
4.518432879032712735e-01
2.423255279935188078e-01
8.474006837166849770e-01
4.451634255240612958e-01
8.746851507909780832e-01
4.973032383522488775e-01
1.591502269784135781e-01
1.254203414660152831e-02
1.107901679033876929e-01
6.772750708807195874e-02
9.290234348781397644e-01
9.301233483681063952e-01
7.333932403085074991e-02
7.453223499146735542e-02
6.157330691281861501e-01
5.240966766555010814e-02
1.457665868197885184e-01
2.227802748698852753e-01
6.335143485052558976e-01
8.231072474454735888e-01
1.095441342018164121e-01
6.664599311179810748e-01
7.602783188681370152e-01
6.431339180080483109e-01
6.959225693981661021e-01
9.863725742354140236e-03
6.967757109514800540e-01
2.486279804701672091e-01
7.948145212607478360e-02
3.932281659502936261e-02
2.330077241168146407e-01
1.043031029578731783e-01
4.871112293781383606e-02
2.231676653887292860e-01
7.063035495956609955e-01
8.461627183790855211e-01
1.643395555039854350e-01
3.040874746631710979e-02
4.034355619936845772e-01
2.753848532964411344e-01
1.657066726737882745e-01
9.884090863579152522e-03
4.435271561805803620e-01
3.790780402488414524e-01
4.797681130999434385e-02
1.326345405748082240e-01
6.848555130344138320e-01
4.160717407151112157e-01
3.454710801291732136e-01
5.038817094154515175e-01
4.131820585447957273e-01
8.362954843579760711e-01
2.973364030418623738e-01
7.936757062638426508e-01
6.376840438213914330e-01
8.539091548308909152e-01
8.540638415178005705e-01
2.827304212847728260e-03
4.595816778706096062e-01
3.674009959452811946e-01
1.197386402507545633e-01
2.435852317299195269e-01
8.355345393766210327e-01
4.313221449540115549e-01
4.666237211999263446e-01
4.385206523748309548e-01
8.758184234794370582e-01
6.430036256289138885e-01
3.977303867990888975e-01
4.941995040303815423e-01
8.735500967674603157e-01
4.210163202872849175e-01
7.333801959452850294e-01
1.714422258670847410e-01
8.592003011688275071e-01
7.099343814972221001e-01
2.502479602689612892e-01
1.297965198073098084e-02
1.467299347187416558e-01
2.199659139885343229e-02
9.183205938176040167e-03
1.055551404893381173e-01
4.957820369156349938e-01
8.023579509369971330e-01
4.401430026556479858e-02
1.205752631503707040e-01
4.502758544508907446e-01
5.084838595139287154e-01
2.302892202553520340e-01
1.209925935063766583e-02
2.410625139882601187e-01
1.568466538348418093e-01
3.990141241069009720e-02
7.453223499146735542e-02
6.157330691281861501e-01
5.241385395356701338e-02
1.457661237705509538e-01
2.227800761216636172e-01
6.335116989536534460e-01
8.231072474454735888e-01
1.095442998600359985e-01
6.664599311179810748e-01
7.602783188681370152e-01
6.431339180080483109e-01
6.959215569433450099e-01
9.863725742354140236e-03
6.967757109514800540e-01
2.486279804701672091e-01
7.948145212607478360e-02
4.277890105220555350e-02
3.273571353146262908e-01
4.852530223875277660e-01
6.540118190444092761e-02
5.729270214888526613e-01
7.985389334720153220e-01
8.020091029009228656e-01
5.435109397884487770e-01
2.792959401762398208e-01
9.314975564887778559e-01
8.024224250333349406e-01
3.933187749730540084e-01
3.188529905753059723e-02
3.133390446440404986e-01
6.666959622901351690e-01
4.354087660834611573e-02
3.528351701290269316e-02
1.389539185866637272e-01
1.840254307888089524e-01
4.982405725697008902e-02
2.059195258323582856e-01
9.476559964712834017e-01
8.199677912280383119e-01
1.913362872679780224e-01
2.031497140382199085e-01
8.306943224102060208e-01
9.545020207395232825e-01
1.556582321571475802e-01
4.129090263962997831e-02
2.582380305954623534e-01
2.267837185552832313e-01
4.374504526667585824e-02
3.464587698473262090e-02
5.573985088555470924e-01
8.240877474472974029e-02
5.572125623340989931e-02
2.017020366864641367e-01
8.143494056584881235e-01
9.839032671380094630e-01
8.581869602879299563e-02
8.691174709721454228e-01
8.984824738071321981e-01
8.148714022523376732e-01
6.273154117594077483e-01
3.322614496600266587e-02
8.815961140463739465e-01
2.490891663519740895e-01
4.051450004878395794e-02
4.126748295292090307e-02
3.665086078110979528e-01
5.875847529232789412e-01
4.050972525387598611e-02
7.889069243496114048e-01
8.569690551383308819e-01
8.878864622119012617e-01
6.196810198393594149e-01
1.658348331541277254e-01
8.833793264172949966e-01
8.579536650533394759e-01
4.310570802573852056e-01
2.504291029820376879e-02
1.642920620210799321e-01
8.631149437601117747e-01
4.757051796205134797e-02
3.391323318476149873e-02
1.916566832950055144e-01
2.452976822657315648e-01
3.581895372002100175e-02
2.128729035721514951e-01
9.195807065074464992e-01
8.317085732532736309e-01
2.742109188801096220e-01
1.642875979817719490e-01
8.605011605634333982e-01
9.212754020892698348e-01
2.272637373874171196e-01
4.254976884865355191e-02
1.746881638166157824e-01
2.754856402576657537e-01
4.339813370272380122e-02
3.932281659502936955e-02
2.330077241168145852e-01
1.043031029578731783e-01
4.871112293781383606e-02
2.231676653887292860e-01
7.063035495956612175e-01
8.461627183790855211e-01
1.643395555039854350e-01
3.040874746631705428e-02
4.034355619936847437e-01
2.753848532964411344e-01
1.657066726737883022e-01
9.884090863579152522e-03
4.435271561805803064e-01
3.790780402488413969e-01
4.797681130999434385e-02
1.326345405748082240e-01
6.848555130344140540e-01
4.160717407151111602e-01
3.454710801291732136e-01
5.038817094154515175e-01
4.131820585447957828e-01
8.362954843579758490e-01
2.973364030418624848e-01
7.936757062638426508e-01
6.376840438213914330e-01
8.539091548308910262e-01
8.540638415178004594e-01
2.827304212847728260e-03
4.595816778706095507e-01
3.674009959452813057e-01
1.197386402507545355e-01
2.435852317299194714e-01
8.355345393766211437e-01
4.313221449540114438e-01
4.666237211999261225e-01
4.385206523748310103e-01
8.758184234794369472e-01
6.430036256289138885e-01
3.977303867990888975e-01
4.941995040303817088e-01
8.735500967674602046e-01
4.210163202872848620e-01
7.333801959452850294e-01
1.714422258670847410e-01
8.592003011688275071e-01
7.099343814972221001e-01
2.502479602689612892e-01
1.297965198073098257e-02
1.467299347187416003e-01
2.199659139885340453e-02
9.183205938176045371e-03
1.055551404893381173e-01
4.957820369156349938e-01
8.023579509369972440e-01
4.401430026556479858e-02
1.205752631503707040e-01
4.502758544508907446e-01
5.084838595139289374e-01
2.302892202553521173e-01
1.209925935063766236e-02
2.410625139882602297e-01
1.568466538348417538e-01
3.990141241069009026e-02
