3.246875838589787788e-01
7.629834657737217807e-01
3.498045953499483440e-01
3.168801906584302608e-01
5.992342740905309828e-01
5.445105060088846205e-01
5.345528332600976151e-01
5.207626492560242237e-01
3.168446398404429210e-01
4.793844297871330262e-01
1.720614878819030358e-01
5.207632224638891749e-01
2.805918647240625008e-01
6.410984398900775316e-01
6.266158108335744270e-01
3.180328831694826941e-01
4.997744434210806275e-01
5.218754051713250242e-01
6.812343328050417535e-01
6.227297608938329176e-01
4.977608116225385460e-01
1.749843041903568763e-01
3.405788425728238367e-01
1.780862437793760134e-01
3.342623316901276453e-01
3.197084343780559612e-01
3.437156571442719355e-01
5.287904970840666685e-01
1.976533982048035432e-01
1.961814204576430298e-01
6.590291032552492156e-01
3.222308280789806245e-01
5.438251634997538497e-01
3.479345738638981445e-01
1.915688131363841862e-01
6.408142468402721059e-01
5.731218031909626198e-01
3.943716036673478031e-01
3.187644865562797025e-01
4.899451026599933590e-01
3.148329841838633514e-01
3.948313436126544285e-01
1.828689112835590325e-01
5.274496293013705150e-01
5.880363708122293698e-01
3.441255616087685598e-01
5.301054194475844916e-01
7.614071614885720152e-01
2.799205344910235538e-01
5.851463979121930281e-01
2.030333024877915282e-01
2.801991556249172621e-01
6.313547627023050612e-01
3.009859387232460826e-01
3.331722321993014213e-01
3.057005546484984349e-01
6.358113268068351642e-01
5.671026781801822292e-01
5.040685674368239333e-01
6.004586409874681507e-01
2.841122604985846789e-01
5.312820938651581226e-01
4.870209771391377229e-01
3.322306935697079688e-01
3.284181521369197165e-01
7.614024285771323619e-01
3.357254519741951215e-01
3.174573650755594945e-01
6.000664046550114872e-01
5.360160797457919069e-01
5.313352313231624047e-01
5.207629351992145716e-01
3.112790412235529325e-01
4.845790627093012892e-01
1.763270888931344760e-01
2.803944849764355984e-01
6.409576989665561886e-01
6.246753063647454418e-01
4.933536015099484473e-01
5.259491819266862711e-01
6.701421321203526738e-01
5.008546622969461959e-01
1.793213238398320974e-01
3.421431466297895074e-01
3.338173975855376341e-01
3.192356490706778072e-01
2.000339348551153362e-01
1.965825262664870343e-01
5.375618580876145858e-01
3.460247139739316413e-01
5.710800990602925564e-01
3.946012931212780628e-01
3.092684936938460138e-01
5.865988859808028977e-01
2.820041208296535373e-01
6.326450546263910901e-01
4.531528520651780800e-01
5.469309085560786210e-01
5.462097637326928101e-01
4.538014684303312007e-01
3.927508129058054909e-01
6.379446851097378968e-01
3.507774919497526067e-01
4.707171463960644342e-01
6.868083998801082224e-01
3.201001301203281191e-01
3.877680506446740671e-01
3.723286223217063817e-01
4.437097637293485608e-01
4.586852178935806323e-01
3.251929747596585818e-01
6.605757923532171727e-01
3.201859685192552929e-01
4.484946536887080004e-01
7.288710032899514690e-01
3.981859458764228643e-01
3.246875838589787788e-01
7.629834657737217807e-01
3.498045953499483440e-01
3.168801906584302608e-01
5.992342740905309828e-01
5.445105060088846205e-01
5.345528332600976151e-01
5.207626492560242237e-01
3.168446398404429210e-01
4.793844297871330262e-01
1.720614878819030358e-01
5.207632224638891749e-01
2.805918647240625008e-01
6.410984398900775316e-01
6.266158108335744270e-01
3.180328831694826941e-01
4.997744434210806275e-01
5.218754051713250242e-01
6.812343328050417535e-01
6.227297608938329176e-01
4.977608116225385460e-01
1.749843041903568763e-01
3.405788425728238367e-01
1.780862437793760134e-01
3.342623316901276453e-01
3.197084343780559612e-01
3.437156571442719355e-01
5.287904970840666685e-01
1.976533982048035432e-01
1.961814204576430298e-01
6.590291032552492156e-01
3.222308280789806245e-01
5.438251634997538497e-01
3.479345738638981445e-01
1.915688131363841862e-01
6.408142468402721059e-01
5.731218031909626198e-01
3.943716036673478031e-01
3.187644865562797025e-01
4.899451026599933590e-01
3.148329841838633514e-01
3.948313436126544285e-01
1.828689112835590325e-01
5.274496293013705150e-01
5.880363708122293698e-01
3.441255616087685598e-01
5.301054194475844916e-01
7.614071614885720152e-01
2.799205344910235538e-01
5.851463979121930281e-01
2.030333024877915282e-01
2.801991556249172621e-01
6.313547627023050612e-01
3.009859387232460826e-01
3.331722321993014213e-01
3.057005546484984349e-01
6.358113268068351642e-01
5.671026781801822292e-01
5.040685674368239333e-01
6.004586409874681507e-01
2.841122604985846789e-01
5.312820938651581226e-01
4.870209771391377229e-01
3.322306935697079688e-01
3.927508129058054909e-01
6.379446851097378968e-01
3.508055107424012942e-01
4.707168594908485160e-01
6.868077871600268836e-01
3.200987913632585835e-01
3.877680506446740671e-01
3.723291853760146708e-01
4.437097637293485608e-01
4.586852178935806323e-01
3.251929747596585818e-01
6.605748313222417067e-01
3.201859685192552929e-01
4.484946536887080004e-01
7.288710032899514690e-01
3.981859458764228643e-01
3.935114585183437930e-01
6.973945503115397404e-01
4.300505868779533891e-01
3.632922340544829098e-01
3.993477521727486490e-01
4.028023148107665596e-01
5.065773099986224937e-01
4.517495299202207715e-01
6.673509973297295783e-01
4.066085119969806705e-01
4.068788365571504584e-01
7.500997414128618423e-01
3.791645963652194862e-01
6.655383492065214401e-01
4.284506265878194053e-01
3.867783452167035119e-01
3.153387564098617535e-01
6.493782192553181343e-01
8.451755932756279677e-01
2.769132720057670416e-01
6.228144129025348086e-01
4.117296572361798801e-01
3.856062323973115102e-01
7.958629099870300205e-01
9.762401971856653482e-01
3.251035823892137189e-01
4.116677727167713519e-01
6.325087842143060080e-01
2.763772377324468232e-01
9.793759165954938339e-01
6.232433184105847790e-01
3.202743508368760539e-01
3.520043846106486463e-01
6.924915470235442072e-01
6.000661291976183698e-01
3.797864377929190405e-01
8.638781639545798363e-01
4.336135182898932516e-01
4.093268136208239039e-01
5.713374620366273859e-01
8.556492627980962773e-01
4.103557658488709570e-01
4.350113207164217899e-01
7.092483391921291513e-01
3.108301469856976640e-01
8.307259167253306931e-01
9.420970551040861451e-01
3.588777529424850843e-01
3.396129931367077304e-01
8.202266912051960901e-01
8.085360948729207742e-01
3.565832350794327366e-01
8.110705556859509890e-01
4.214648198287315184e-01
4.397971746822308958e-01
7.820354494806593948e-01
8.909135269228625198e-01
3.883084003030863318e-01
4.236747940782893962e-01
8.672500782306715728e-01
3.434516879912441478e-01
8.474160145241360631e-01
8.239954681600130115e-01
3.482754307299889551e-01
3.089944852140275033e-01
8.376453525838949421e-01
9.215855687320397838e-01
2.921698950648896620e-01
7.531680586192828208e-01
3.716126149595935235e-01
4.164666735719904644e-01
8.459974900265525566e-01
9.670638089765843937e-01
3.985789910317711349e-01
3.685059394462982807e-01
9.111847447696042046e-01
2.891908944819231442e-01
9.278282813076270674e-01
8.289930813149133382e-01
3.137057534482275978e-01
3.246875838589787788e-01
7.629834657737216697e-01
3.498045953499483440e-01
3.168801906584302608e-01
5.992342740905309828e-01
5.445105060088846205e-01
5.345528332600976151e-01
5.207626492560242237e-01
3.168446398404429210e-01
4.793844297871331928e-01
1.720614878819030080e-01
5.207632224638892859e-01
2.805918647240625563e-01
6.410984398900774206e-01
6.266158108335743160e-01
3.180328831694826941e-01
4.997744434210806275e-01
5.218754051713250242e-01
6.812343328050416424e-01
6.227297608938329176e-01
4.977608116225386570e-01
1.749843041903568763e-01
3.405788425728237812e-01
1.780862437793761244e-01
3.342623316901276453e-01
3.197084343780559612e-01
3.437156571442719910e-01
5.287904970840666685e-01
1.976533982048035432e-01
1.961814204576430576e-01
6.590291032552492156e-01
3.222308280789807355e-01
5.438251634997539607e-01
3.479345738638980889e-01
1.915688131363841584e-01
6.408142468402718839e-01
5.731218031909626198e-01
3.943716036673478031e-01
3.187644865562797025e-01
4.899451026599934700e-01
3.148329841838634069e-01
3.948313436126543730e-01
1.828689112835590047e-01
5.274496293013704040e-01
5.880363708122293698e-01
3.441255616087686153e-01
5.301054194475844916e-01
7.614071614885720152e-01
2.799205344910234983e-01
5.851463979121930281e-01
2.030333024877915560e-01
2.801991556249173176e-01
6.313547627023048392e-01
3.009859387232460826e-01
3.331722321993014768e-01
3.057005546484984904e-01
6.358113268068350532e-01
5.671026781801822292e-01
5.040685674368239333e-01
6.004586409874681507e-01
2.841122604985846789e-01
5.312820938651581226e-01
4.870209771391377229e-01
3.322306935697079688e-01
