2.315006471174900493e-01
6.703313815400553377e-01
3.712746599729525032e-01
2.850037928156589073e-01
7.692865506526893604e-01
5.524412544150761883e-01
5.426022549077926804e-01
5.697050589839478540e-01
2.557377004632191420e-01
4.601192074996180992e-01
2.207198279080447578e-01
5.782582663630639885e-01
2.159304391648211863e-01
6.854018259572086658e-01
7.253190869952188535e-01
2.820695495403809372e-01
7.278838817513946235e-01
7.996771712899213291e-01
5.322624885472594380e-01
7.148142216338537747e-01
6.149462136278844859e-01
1.948849865061602071e-01
2.791054143204427795e-01
2.041121327445485079e-01
3.119497881918317228e-01
2.762247656797446882e-01
2.965602136338195138e-01
5.310913565359258737e-01
3.187139861739589630e-01
2.634549820726647118e-01
5.067159522863673438e-01
3.430360167374270075e-01
3.555818956316573187e-01
3.699161021914761927e-01
2.641270996367573454e-01
6.866981548420846293e-01
6.825183473705117576e-01
3.753025799135691343e-01
2.801024094863184821e-01
4.799341325117542079e-01
3.562143138392637742e-01
3.868854233515777175e-01
2.284444499845212084e-01
6.153714779159634718e-01
5.828640753758969062e-01
3.875734160394943562e-01
8.476895214327657690e-01
7.078594278664900319e-01
1.855014765466011517e-01
5.829787620305542095e-01
3.302698661445646611e-01
2.135570069012887318e-01
6.775915462420041280e-01
3.326269559066765691e-01
3.182387401452687059e-01
2.687243655011155585e-01
6.717919665880337510e-01
6.774010212173982026e-01
6.568494130725468505e-01
7.983010783844537439e-01
1.880489044827284018e-01
3.552610377730786584e-01
7.199259600889227340e-01
2.430765372259426071e-01
2.372256928988205615e-01
6.880748467529826939e-01
3.568560314648228093e-01
2.835345630463274036e-01
7.838115206619973296e-01
5.837735330788565991e-01
5.365036173827091304e-01
5.739718033114884488e-01
2.622235235458690306e-01
4.698658650334252007e-01
2.139818021306139628e-01
2.147375270010712378e-01
6.860438069084309198e-01
7.200734677946758477e-01
7.238773978821227972e-01
8.234428160891528181e-01
5.195012015554234530e-01
6.354990450434723215e-01
2.119573444127957618e-01
2.878099815677292450e-01
3.152010999641299827e-01
2.781669207191451720e-01
3.241868788374723254e-01
2.674076237042752324e-01
3.554216772145786241e-01
3.787695773771933005e-01
6.811153720014643254e-01
3.810894535829044139e-01
3.458974413481886723e-01
5.829211210064753068e-01
1.867677296453927049e-01
6.738695363907598601e-01
4.232441507021571514e-01
5.629998257880893808e-01
5.808028843806771757e-01
4.331955669629075079e-01
3.318421209073600386e-01
7.818903405709409782e-01
3.777847772009541583e-01
4.466059127803095885e-01
9.132527761810063094e-01
3.284536048021843291e-01
3.512086990256650387e-01
3.920954981632938097e-01
4.324553508211534947e-01
4.484316511889587797e-01
3.594617793520129001e-01
8.703028656965809962e-01
2.699472095780888203e-01
4.541556338445196239e-01
1.000000000000000222e+00
3.416484818417669933e-01
2.315006471174900493e-01
6.703313815400553377e-01
3.712746599729525032e-01
2.850037928156589073e-01
7.692865506526893604e-01
5.524412544150761883e-01
5.426022549077926804e-01
5.697050589839478540e-01
2.557377004632191420e-01
4.601192074996180992e-01
2.207198279080447578e-01
5.782582663630639885e-01
2.159304391648211863e-01
6.854018259572086658e-01
7.253190869952188535e-01
2.820695495403809372e-01
7.278838817513946235e-01
7.996771712899213291e-01
5.322624885472594380e-01
7.148142216338537747e-01
6.149462136278844859e-01
1.948849865061602071e-01
2.791054143204427795e-01
2.041121327445485079e-01
3.119497881918317228e-01
2.762247656797446882e-01
2.965602136338195138e-01
5.310913565359258737e-01
3.187139861739589630e-01
2.634549820726647118e-01
5.067159522863673438e-01
3.430360167374270075e-01
3.555818956316573187e-01
3.699161021914761927e-01
2.641270996367573454e-01
6.866981548420846293e-01
6.825183473705117576e-01
3.753025799135691343e-01
2.801024094863184821e-01
4.799341325117542079e-01
3.562143138392637742e-01
3.868854233515777175e-01
2.284444499845212084e-01
6.153714779159634718e-01
5.828640753758969062e-01
3.875734160394943562e-01
8.476895214327657690e-01
7.078594278664900319e-01
1.855014765466011517e-01
5.829787620305542095e-01
3.302698661445646611e-01
2.135570069012887318e-01
6.775915462420041280e-01
3.326269559066765691e-01
3.182387401452687059e-01
2.687243655011155585e-01
6.717919665880337510e-01
6.774010212173982026e-01
6.568494130725468505e-01
7.983010783844537439e-01
1.880489044827284018e-01
3.552610377730786584e-01
7.199259600889227340e-01
2.430765372259426071e-01
3.318421209073600386e-01
7.818903405709409782e-01
3.778149532344259320e-01
4.466056128052604546e-01
9.132519614438610045e-01
3.284522311083177826e-01
3.512086990256650387e-01
3.920960911100785928e-01
4.324553508211534947e-01
4.484316511889587797e-01
3.594617793520129001e-01
8.703015995466225618e-01
2.699472095780888203e-01
4.541556338445196239e-01
1.000000000000000222e+00
3.416484818417669933e-01
3.304631494137184600e-01
6.639264002239444462e-01
5.485033455769143806e-01
3.474387843605823978e-01
6.880798522828908137e-01
4.437485432792690476e-01
4.079418012110637148e-01
5.398726762598620166e-01
6.609016156100702144e-01
4.094357117328449869e-01
4.684254497195380895e-01
7.963975743373570282e-01
3.122449481254458981e-01
6.622012409446946801e-01
7.759336422722584725e-01
3.327561843480266179e-01
2.774599592236847156e-01
7.721297941348135296e-01
7.886661589604262446e-01
2.375864344146528806e-01
8.158180195330078099e-01
4.286081357878415710e-01
3.676762562921443989e-01
7.686598971198124186e-01
7.251076794418813698e-01
3.685094544968333663e-01
4.559588888561063591e-01
7.830215916414202670e-01
2.727346603046565399e-01
7.247249307458809575e-01
9.008984646496787096e-01
2.876911271641403589e-01
3.562382298282029680e-01
7.189350776569063406e-01
5.001051889054024535e-01
3.243144337562026691e-01
7.479057797700772170e-01
4.482690859795464000e-01
4.630092348072479824e-01
4.736482396281367357e-01
6.393941695308043016e-01
4.811110161515523287e-01
4.737935739917211730e-01
8.160244216826839647e-01
3.162201042267778206e-01
6.308412479161586983e-01
8.953652781783532077e-01
3.668447153833379604e-01
3.368669855936588520e-01
7.290516859824243134e-01
7.207239846055082388e-01
3.332332949905998376e-01
7.917601486634424646e-01
4.689783156133461306e-01
4.498953301422101703e-01
6.902409916035465720e-01
6.832594510030221002e-01
4.213151461592068436e-01
4.941064227140309906e-01
8.745274303837948793e-01
3.262585034214561253e-01
6.478986615726145537e-01
8.744337478509298656e-01
3.501407078837172615e-01
2.868699888564406608e-01
8.716427304880254301e-01
8.487083876931251769e-01
2.597365574499067575e-01
8.427670139835186092e-01
4.126591045604101060e-01
3.962598876732881803e-01
7.917646889150231626e-01
8.251101136286345117e-01
4.078439377863273818e-01
4.339740106359658567e-01
1.000000000000000000e+00
2.573396040846965827e-01
7.760186602550736001e-01
1.000000000000000222e+00
2.988606619892640870e-01
2.315006471174900493e-01
6.703313815400554487e-01
3.712746599729525032e-01
2.850037928156589073e-01
7.692865506526895825e-01
5.524412544150762994e-01
5.426022549077926804e-01
5.697050589839478540e-01
2.557377004632191420e-01
4.601192074996181547e-01
2.207198279080447301e-01
5.782582663630639885e-01
2.159304391648212140e-01
6.854018259572087768e-01
7.253190869952187425e-01
2.820695495403809372e-01
7.278838817513946235e-01
7.996771712899213291e-01
5.322624885472593270e-01
7.148142216338535526e-01
6.149462136278847080e-01
1.948849865061602071e-01
2.791054143204427240e-01
2.041121327445485634e-01
3.119497881918317783e-01
2.762247656797446882e-01
2.965602136338195693e-01
5.310913565359257626e-01
3.187139861739589630e-01
2.634549820726647118e-01
5.067159522863675658e-01
3.430360167374270075e-01
3.555818956316573742e-01
3.699161021914761927e-01
2.641270996367572899e-01
6.866981548420844073e-01
6.825183473705118686e-01
3.753025799135691343e-01
2.801024094863184821e-01
4.799341325117540968e-01
3.562143138392638297e-01
3.868854233515776064e-01
2.284444499845211529e-01
6.153714779159633608e-01
5.828640753758970172e-01
3.875734160394944672e-01
8.476895214327657690e-01
7.078594278664900319e-01
1.855014765466011240e-01
5.829787620305543205e-01
3.302698661445646611e-01
2.135570069012887873e-01
6.775915462420041280e-01
3.326269559066765691e-01
3.182387401452687614e-01
2.687243655011155030e-01
6.717919665880336400e-01
6.774010212173984247e-01
6.568494130725468505e-01
7.983010783844538549e-01
1.880489044827284018e-01
3.552610377730785474e-01
7.199259600889226229e-01
2.430765372259426071e-01
