7.408805937371421013e-02
1.766873521040362993e-01
2.400280299291552566e-01
7.604196121232617567e-02
3.407970535229766784e-01
4.838782883935700552e-01
5.439983609341602078e-01
1.780933250391711353e-01
9.374462836448665959e-02
7.508857092395804234e-01
3.949120706557562865e-01
1.863468779026817568e-01
4.541247903724181245e-02
3.442592052757291743e-01
6.041669371221660700e-01
7.663369315282318739e-02
3.024178811146445711e-01
7.535208343315513702e-01
9.259253423145161754e-01
5.948758872629238414e-01
8.789164618568170440e-01
3.405422259124547546e-01
5.443017259163756005e-01
3.962872804477931554e-01
4.342031222727600337e-01
5.898413665247755899e-01
5.567442775617567063e-01
5.523296935138716224e-01
6.445752462720917564e-02
3.029834052876554384e-01
8.970362617256542048e-01
2.146738928348336517e-01
2.094432964465314795e-01
4.334565822177806060e-01
2.927734283181536723e-01
3.432653820137283596e-01
9.160312473291299940e-01
9.676036612025090689e-01
5.966861697875052162e-01
7.695203430834139935e-01
3.272753282133552544e-01
9.785661566944477974e-01
3.591105252291845185e-01
5.019915846454177100e-01
1.649907544810810256e-01
4.559820639638320072e-01
7.838019782110015043e-01
1.955000011339395605e-01
1.313897318691813546e-02
1.468596184251917125e-01
7.646996383760082394e-02
4.602301615926977785e-02
1.954308813968231862e-01
3.275049988679651358e-01
4.369648671012579255e-01
9.294445773031601021e-02
1.924883998397242113e-01
9.161652090829710549e-01
9.025445312214332994e-01
3.509784647131177215e-01
1.292306714329777978e-02
1.982469836930596530e-01
3.009549143722069497e-01
7.600629248191372034e-02
7.503675293082454067e-02
1.833897792993803844e-01
2.270822279351237538e-01
7.633825231735058559e-02
3.459213732142837339e-01
4.928967029821419432e-01
5.478644685930886826e-01
1.822105875234672767e-01
9.334500573973902871e-02
7.600517996604373439e-01
3.984546550632748763e-01
4.571934145353175744e-02
3.437670341835553089e-01
5.995274383891227021e-01
3.016813379689011754e-01
7.685097050577781586e-01
9.114943507875312712e-01
8.905056419853677463e-01
3.505754211963149070e-01
5.505067257895078781e-01
4.357217077365968527e-01
5.932696517963310656e-01
7.006820548822274841e-02
3.020683981795040385e-01
2.038524858788052230e-01
4.447509838125832671e-01
9.176598537006571688e-01
9.730806044809041655e-01
3.289152688892649223e-01
1.559722501703514896e-01
1.303165250753604738e-02
1.919100240968224513e-01
1.279536116676563973e-01
8.683081608666948226e-01
8.758080948201134586e-01
1.280951770836081804e-01
1.140157511139446578e-01
2.608178887133520973e-01
4.780520688237910321e-01
1.933441400717373637e-01
8.113856952654445731e-01
5.748941280845037971e-01
5.876773673640717233e-01
4.883879318400934366e-01
2.702894929658712364e-01
9.065077018430894862e-01
5.927179889699116799e-01
3.337756282946171549e-01
3.285359221831891940e-02
3.002041607596375172e-01
8.772961612548335619e-01
1.152060685180738980e-01
7.408805937371421013e-02
1.766873521040362993e-01
2.400280299291552566e-01
7.604196121232617567e-02
3.407970535229766784e-01
4.838782883935700552e-01
5.439983609341602078e-01
1.780933250391711353e-01
9.374462836448665959e-02
7.508857092395804234e-01
3.949120706557562865e-01
1.863468779026817568e-01
4.541247903724181245e-02
3.442592052757291743e-01
6.041669371221660700e-01
7.663369315282318739e-02
3.024178811146445711e-01
7.535208343315513702e-01
9.259253423145161754e-01
5.948758872629238414e-01
8.789164618568170440e-01
3.405422259124547546e-01
5.443017259163756005e-01
3.962872804477931554e-01
4.342031222727600337e-01
5.898413665247755899e-01
5.567442775617567063e-01
5.523296935138716224e-01
6.445752462720917564e-02
3.029834052876554384e-01
8.970362617256542048e-01
2.146738928348336517e-01
2.094432964465314795e-01
4.334565822177806060e-01
2.927734283181536723e-01
3.432653820137283596e-01
9.160312473291299940e-01
9.676036612025090689e-01
5.966861697875052162e-01
7.695203430834139935e-01
3.272753282133552544e-01
9.785661566944477974e-01
3.591105252291845185e-01
5.019915846454177100e-01
1.649907544810810256e-01
4.559820639638320072e-01
7.838019782110015043e-01
1.955000011339395605e-01
1.313897318691813546e-02
1.468596184251917125e-01
7.646996383760082394e-02
4.602301615926977785e-02
1.954308813968231862e-01
3.275049988679651358e-01
4.369648671012579255e-01
9.294445773031601021e-02
1.924883998397242113e-01
9.161652090829710549e-01
9.025445312214332994e-01
3.509784647131177215e-01
1.292306714329777978e-02
1.982469836930596530e-01
3.009549143722069497e-01
7.600629248191372034e-02
1.140157511139446578e-01
2.608178887133520973e-01
4.780902538330891183e-01
1.933437028125818691e-01
8.113849714066372343e-01
5.748917237006695435e-01
5.876773673640717233e-01
4.883886704052013972e-01
2.702894929658712364e-01
9.065077018430894862e-01
5.927179889699116799e-01
3.337751427050430486e-01
3.285359221831891940e-02
3.002041607596375172e-01
8.772961612548335619e-01
1.152060685180738980e-01
1.000779566070696680e-01
3.557772689387022069e-01
5.738607706123131091e-01
9.200439568159098080e-02
5.442853078808456146e-01
7.096049161352736556e-01
7.606598148166761053e-01
5.963209983847064244e-01
4.861698626914334742e-01
8.492339355227673803e-01
7.253206465569199679e-01
4.160620368041416661e-01
5.234736989428601106e-02
5.018902816710320014e-01
6.038711762109574277e-01
9.892895555331650270e-02
5.924912775680743482e-02
2.956435692309598018e-01
3.914690078393070483e-01
6.382995458812507072e-02
2.658352813195072883e-01
7.579807662155373382e-01
8.466680023498379670e-01
3.617821479342964164e-01
3.593296669908894181e-01
8.403530913550948389e-01
7.699072954327802476e-01
3.162515077793723872e-01
9.210579722940739900e-02
3.895813452253975573e-01
2.845231719023764150e-01
6.105680308498448450e-02
8.972925528532843531e-02
6.180732109746909231e-01
2.218026958646452940e-01
8.154383799856787518e-02
4.399664986674816092e-01
8.042340307190781745e-01
8.183646883693764806e-01
1.905111560706465035e-01
7.117823562080181077e-01
8.023844641956368040e-01
8.148000222415140437e-01
6.730414479512911718e-01
7.873253293287946208e-02
7.028769289049414670e-01
5.030982487727406749e-01
9.351185890784943777e-02
7.875340665215938007e-02
4.910961920784049362e-01
6.578993163055439908e-01
8.412524951055967704e-02
6.358101974881464891e-01
8.128957089279789106e-01
8.212753673702768431e-01
6.544944056601029736e-01
4.283493098078916539e-01
7.540412230708301022e-01
8.261700818047807982e-01
5.478406353127862616e-01
8.818823430618602521e-02
4.014161890856571269e-01
6.772164780910734372e-01
8.263292290129985174e-02
6.699607392376552562e-02
3.297448337103003890e-01
3.619934332674190625e-01
7.675411016798985853e-02
3.117030161103533370e-01
8.021849736581904144e-01
7.996186113692502762e-01
3.439959384371003015e-01
3.649008641757043314e-01
8.052394733842487273e-01
8.105423022359726781e-01
3.741759331023279955e-01
7.496172426703776037e-02
3.355633198667626882e-01
3.777008845587956909e-01
7.184208108326170517e-02
7.408805937371421013e-02
1.766873521040362993e-01
2.400280299291553121e-01
7.604196121232618955e-02
3.407970535229767894e-01
4.838782883935701662e-01
5.439983609341602078e-01
1.780933250391710798e-01
9.374462836448665959e-02
7.508857092395806454e-01
3.949120706557561755e-01
1.863468779026817845e-01
4.541247903724181939e-02
3.442592052757292298e-01
6.041669371221660700e-01
7.663369315282318739e-02
3.024178811146445711e-01
7.535208343315513702e-01
9.259253423145157313e-01
5.948758872629238414e-01
8.789164618568170440e-01
3.405422259124547546e-01
5.443017259163754895e-01
3.962872804477931554e-01
4.342031222727600337e-01
5.898413665247755899e-01
5.567442775617568174e-01
5.523296935138715114e-01
6.445752462720920339e-02
3.029834052876554384e-01
8.970362617256546489e-01
2.146738928348336795e-01
2.094432964465314240e-01
4.334565822177807171e-01
2.927734283181536723e-01
3.432653820137282485e-01
9.160312473291301050e-01
9.676036612025091799e-01
5.966861697875051052e-01
7.695203430834139935e-01
3.272753282133553654e-01
9.785661566944477974e-01
3.591105252291845185e-01
5.019915846454175989e-01
1.649907544810810256e-01
4.559820639638320072e-01
7.838019782110015043e-01
1.955000011339395605e-01
1.313897318691813719e-02
1.468596184251917125e-01
7.646996383760082394e-02
4.602301615926978479e-02
1.954308813968231862e-01
3.275049988679651358e-01
4.369648671012579810e-01
9.294445773031601021e-02
1.924883998397242113e-01
9.161652090829712769e-01
9.025445312214332994e-01
3.509784647131177771e-01
1.292306714329777978e-02
1.982469836930596530e-01
3.009549143722069497e-01
7.600629248191372034e-02
