3.175880351023970816e-01
7.739775383089346761e-01
3.527263941430133221e-01
3.118437680235242593e-01
5.786920825887351683e-01
5.519114667883928682e-01
5.485120494286346293e-01
5.138579183864371291e-01
3.067601781535652106e-01
4.902340035106058647e-01
1.652750542564130065e-01
5.152447468655064755e-01
2.732010911113141316e-01
6.544856245775551029e-01
6.088098532341086333e-01
3.115253583603900256e-01
5.153849513190391640e-01
5.249769962032824200e-01
6.754394149947514636e-01
6.209460454437656374e-01
5.205202276232874237e-01
1.705908259147992934e-01
3.403035070632393633e-01
1.724632395463379375e-01
3.487472280595675933e-01
3.387003011651798512e-01
3.420288652432932341e-01
5.427188053523829270e-01
2.000699218000566160e-01
1.905518526044034933e-01
6.445526965280528042e-01
3.305716873590613947e-01
5.304433693134368299e-01
3.407981325112063864e-01
1.783215778105884386e-01
6.501878484005848557e-01
5.859292231369466197e-01
4.042300806046132955e-01
3.342565421880455134e-01
5.021069932061625885e-01
2.946467117726608298e-01
3.995845706675959508e-01
1.726121219362115322e-01
5.297775892356112459e-01
5.846954176755759791e-01
3.409549963397170425e-01
5.188581399550973305e-01
7.774755540927682507e-01
2.768009603106422190e-01
5.843976749114545566e-01
2.110912496518212167e-01
2.673033149161815336e-01
6.214664974024421973e-01
2.896085788218256685e-01
3.518595238346119980e-01
2.940251924223121760e-01
6.070206764324214133e-01
5.803808376269146141e-01
5.064915593217607093e-01
5.765143071672242936e-01
2.783569690564017263e-01
5.334510249551660532e-01
5.010865529766199700e-01
3.260085254005650190e-01
3.217525262997574242e-01
7.749807983738241646e-01
3.414142186903883491e-01
3.116843344278640293e-01
5.778480076089014261e-01
5.408912481905046032e-01
5.452886455425889345e-01
5.145497340158333710e-01
3.004000491926694383e-01
4.960741449390562163e-01
1.700753473760401313e-01
2.702368064041628104e-01
6.523572368895071971e-01
6.148700777764047887e-01
5.081863001202622243e-01
5.219482220703921538e-01
6.600105414063982545e-01
5.136393961257487151e-01
1.720198855562423412e-01
3.411639292333427109e-01
3.504156257414802189e-01
3.364746019205273053e-01
2.052378396886988532e-01
1.870881472217794661e-01
5.319452238360921070e-01
3.408767849056312249e-01
5.841454280987365966e-01
4.019091497141078495e-01
2.934604017010785659e-01
5.845473191563523851e-01
2.775744074681150697e-01
6.132767570498511844e-01
4.469648688205078990e-01
5.562610745175363691e-01
5.489332172726135717e-01
4.479227263159820671e-01
3.893045949671072314e-01
6.397510780814918974e-01
3.419471792198209847e-01
4.637347215068184925e-01
6.941638610798297471e-01
3.205140017320286527e-01
4.003318727131005006e-01
3.641868524734719337e-01
4.290411654022749932e-01
4.744174252607793463e-01
3.193221315282533945e-01
6.583253835557487665e-01
3.146412119989219214e-01
4.498903161195026978e-01
7.148265038117627146e-01
3.960289056320699386e-01
3.175880351023970816e-01
7.739775383089346761e-01
3.527263941430133221e-01
3.118437680235242593e-01
5.786920825887351683e-01
5.519114667883928682e-01
5.485120494286346293e-01
5.138579183864371291e-01
3.067601781535652106e-01
4.902340035106058647e-01
1.652750542564130065e-01
5.152447468655064755e-01
2.732010911113141316e-01
6.544856245775551029e-01
6.088098532341086333e-01
3.115253583603900256e-01
5.153849513190391640e-01
5.249769962032824200e-01
6.754394149947514636e-01
6.209460454437656374e-01
5.205202276232874237e-01
1.705908259147992934e-01
3.403035070632393633e-01
1.724632395463379375e-01
3.487472280595675933e-01
3.387003011651798512e-01
3.420288652432932341e-01
5.427188053523829270e-01
2.000699218000566160e-01
1.905518526044034933e-01
6.445526965280528042e-01
3.305716873590613947e-01
5.304433693134368299e-01
3.407981325112063864e-01
1.783215778105884386e-01
6.501878484005848557e-01
5.859292231369466197e-01
4.042300806046132955e-01
3.342565421880455134e-01
5.021069932061625885e-01
2.946467117726608298e-01
3.995845706675959508e-01
1.726121219362115322e-01
5.297775892356112459e-01
5.846954176755759791e-01
3.409549963397170425e-01
5.188581399550973305e-01
7.774755540927682507e-01
2.768009603106422190e-01
5.843976749114545566e-01
2.110912496518212167e-01
2.673033149161815336e-01
6.214664974024421973e-01
2.896085788218256685e-01
3.518595238346119980e-01
2.940251924223121760e-01
6.070206764324214133e-01
5.803808376269146141e-01
5.064915593217607093e-01
5.765143071672242936e-01
2.783569690564017263e-01
5.334510249551660532e-01
5.010865529766199700e-01
3.260085254005650190e-01
3.893045949671072314e-01
6.397510780814918974e-01
3.419744926801517870e-01
4.637344308166810869e-01
6.941632417977454672e-01
3.205126612440208911e-01
4.003318727131005006e-01
3.641874032153809004e-01
4.290411654022749932e-01
4.744174252607793463e-01
3.193221315282533945e-01
6.583244257987543868e-01
3.146412119989219214e-01
4.498903161195026978e-01
7.148265038117627146e-01
3.960289056320699386e-01
3.826470355209588003e-01
7.238257545622890365e-01
4.272834955704674087e-01
3.572156874930553228e-01
4.448736127321668565e-01
4.118839830544811509e-01
5.020614454339299426e-01
4.621533208609551746e-01
6.475268123667456965e-01
4.097980018918192524e-01
4.073754001154660798e-01
7.765444915346164656e-01
3.707867806510724007e-01
6.665904549989167815e-01
4.706316720740322257e-01
3.739202231194401760e-01
3.065574915756074104e-01
6.526586068453661404e-01
8.473844459156945064e-01
2.721347685449633236e-01
6.303033442004877251e-01
4.223252033150305951e-01
3.889293195248023638e-01
8.088614940946350362e-01
9.771134885867556186e-01
3.295677530258097621e-01
4.131842141663636392e-01
6.297979224127892017e-01
2.713257469869521099e-01
9.907387926713262516e-01
6.238949145561794030e-01
3.112089757331623074e-01
3.441194805621274888e-01
7.129835719779271663e-01
5.979551648090812854e-01
3.720981569611765960e-01
8.737449486369515128e-01
4.403577137030765254e-01
4.147127758389760332e-01
5.988311642382813105e-01
8.631691592614250119e-01
4.144284386480825977e-01
4.340853475324295552e-01
7.154875147510550981e-01
3.040316072319523277e-01
8.509105248370192331e-01
9.476088066533789878e-01
3.496539674781379836e-01
3.310158119486790729e-01
8.369382334742794249e-01
8.120528626796423843e-01
3.502331768965936121e-01
8.238154748847392739e-01
4.299373777514261530e-01
4.443836817832512720e-01
8.025749565359028281e-01
8.916184044791646279e-01
3.923025423723958682e-01
4.247080985601796033e-01
8.670127568697214571e-01
3.377703069593284146e-01
8.668477033681902810e-01
8.231927755622661103e-01
3.397004032895304948e-01
2.991545801905951540e-01
8.525767085304589710e-01
9.271502379085612144e-01
2.857439725439766542e-01
7.603936663888490877e-01
3.790810991152192555e-01
4.213778951463085787e-01
8.707638344172321521e-01
9.748070668927453220e-01
4.020130060368371505e-01
3.687809412444892354e-01
9.136237327005498621e-01
2.838348727229009771e-01
9.535020654741057644e-01
8.257877218673674857e-01
3.034740454037726520e-01
3.175880351023970816e-01
7.739775383089347871e-01
3.527263941430133221e-01
3.118437680235243148e-01
5.786920825887351683e-01
5.519114667883929792e-01
5.485120494286346293e-01
5.138579183864371291e-01
3.067601781535653216e-01
4.902340035106060312e-01
1.652750542564129788e-01
5.152447468655064755e-01
2.732010911113141871e-01
6.544856245775552139e-01
6.088098532341085223e-01
3.115253583603900256e-01
5.153849513190391640e-01
5.249769962032824200e-01
6.754394149947513526e-01
6.209460454437656374e-01
5.205202276232874237e-01
1.705908259147993211e-01
3.403035070632393078e-01
1.724632395463379930e-01
3.487472280595675933e-01
3.387003011651798512e-01
3.420288652432933452e-01
5.427188053523829270e-01
2.000699218000566160e-01
1.905518526044034655e-01
6.445526965280529152e-01
3.305716873590613947e-01
5.304433693134369410e-01
3.407981325112063864e-01
1.783215778105884108e-01
6.501878484005848557e-01
5.859292231369466197e-01
4.042300806046132955e-01
3.342565421880455134e-01
5.021069932061625885e-01
2.946467117726608853e-01
3.995845706675957842e-01
1.726121219362115045e-01
5.297775892356112459e-01
5.846954176755759791e-01
3.409549963397170425e-01
5.188581399550973305e-01
7.774755540927682507e-01
2.768009603106421634e-01
5.843976749114545566e-01
2.110912496518211889e-01
2.673033149161815336e-01
6.214664974024419752e-01
2.896085788218257240e-01
3.518595238346120535e-01
2.940251924223121205e-01
6.070206764324213022e-01
5.803808376269146141e-01
5.064915593217609313e-01
5.765143071672244046e-01
2.783569690564017263e-01
5.334510249551662753e-01
5.010865529766198589e-01
3.260085254005650190e-01
