6.306131095404690634e-02
2.954421141851241717e-01
2.334622929796330848e-01
7.294023955987936902e-02
3.699338042461403631e-01
5.954611998317016486e-01
6.997824298077942595e-01
1.694756005784534003e-01
9.204097897874097267e-02
6.375392295913331342e-01
2.595001454799409357e-01
1.655290903940963843e-01
4.845569452950767436e-02
5.402993826043775982e-01
4.637149385090523768e-01
7.182638977081017007e-02
3.042140037619929793e-01
7.267979579391803391e-01
6.624555241837564168e-01
4.561767306670795885e-01
5.765166965127355159e-01
2.660155632008883719e-01
6.855429445004787015e-01
2.673318157382670313e-01
6.425889789580339073e-01
6.836384644396400478e-01
6.877046139895675037e-01
6.797309205607680038e-01
6.536333206972268217e-02
2.924218211262336053e-01
6.507340607572016378e-01
1.847710285517069340e-01
2.766398889487232671e-01
5.822337973449427384e-01
2.858728897790661083e-01
5.355782467658700696e-01
7.847411975952495178e-01
8.589413105981437146e-01
6.783151031514854656e-01
6.576543655077556894e-01
3.323524615473783528e-01
8.625500374730256103e-01
2.832405879512223668e-01
5.635851439193068080e-01
2.137074850581956453e-01
5.697709207815903065e-01
7.351300916542538033e-01
2.731048832107451640e-01
1.884215999968261168e-02
2.259870030194292834e-01
4.825447345435968094e-02
4.913759159379113561e-02
1.782822268599336679e-01
3.202833931193623251e-01
6.328359894153444687e-01
7.807964486923096858e-02
1.812954101387158623e-01
7.674299150203691688e-01
5.843613013297936920e-01
3.458856692381178655e-01
1.801230702822201671e-02
2.495989901197029348e-01
2.642695794740039794e-01
6.080323821558376862e-02
6.194454414958006083e-02
2.818799983560874023e-01
2.086005725519976817e-01
7.238251441062124036e-02
3.582847301196886436e-01
5.795904558395831296e-01
6.895045551592928756e-01
1.675068946654177104e-01
8.506838495496271690e-02
6.474335562619248918e-01
2.653039142530914662e-01
4.879842320767878439e-02
5.379613345119418355e-01
4.599507238872290182e-01
2.841036409857566891e-01
7.309222828202369682e-01
6.566002897510728742e-01
5.803643463930227009e-01
2.751970580985155235e-01
6.866209515916147366e-01
6.378909003296389102e-01
6.809722079529529903e-01
5.659003441679390234e-02
2.931820196854955651e-01
2.631371808462521500e-01
5.759848418500119749e-01
7.773971376335461203e-01
8.607442570545852378e-01
3.277721671259411496e-01
2.198153696014311098e-01
1.842966397506461129e-02
1.776966805328885624e-01
1.322437789936676822e-01
8.758801259780225612e-01
8.747423691805482626e-01
1.171210801254622957e-01
1.195307468883180513e-01
4.959442256315333974e-01
2.406343918060045439e-01
2.036410103879830735e-01
5.670791900687233156e-01
5.227867850453037368e-01
7.314694631983073014e-01
2.713313858339172491e-01
4.705506883404575458e-01
8.726846961921078671e-01
5.330244362322850149e-01
4.834917077728750900e-01
4.281634465460151806e-02
4.684233523678587030e-01
5.831312620961113247e-01
1.102749521582143538e-01
6.306131095404690634e-02
2.954421141851241717e-01
2.334622929796330848e-01
7.294023955987936902e-02
3.699338042461403631e-01
5.954611998317016486e-01
6.997824298077942595e-01
1.694756005784534003e-01
9.204097897874097267e-02
6.375392295913331342e-01
2.595001454799409357e-01
1.655290903940963843e-01
4.845569452950767436e-02
5.402993826043775982e-01
4.637149385090523768e-01
7.182638977081017007e-02
3.042140037619929793e-01
7.267979579391803391e-01
6.624555241837564168e-01
4.561767306670795885e-01
5.765166965127355159e-01
2.660155632008883719e-01
6.855429445004787015e-01
2.673318157382670313e-01
6.425889789580339073e-01
6.836384644396400478e-01
6.877046139895675037e-01
6.797309205607680038e-01
6.536333206972268217e-02
2.924218211262336053e-01
6.507340607572016378e-01
1.847710285517069340e-01
2.766398889487232671e-01
5.822337973449427384e-01
2.858728897790661083e-01
5.355782467658700696e-01
7.847411975952495178e-01
8.589413105981437146e-01
6.783151031514854656e-01
6.576543655077556894e-01
3.323524615473783528e-01
8.625500374730256103e-01
2.832405879512223668e-01
5.635851439193068080e-01
2.137074850581956453e-01
5.697709207815903065e-01
7.351300916542538033e-01
2.731048832107451640e-01
1.884215999968261168e-02
2.259870030194292834e-01
4.825447345435968094e-02
4.913759159379113561e-02
1.782822268599336679e-01
3.202833931193623251e-01
6.328359894153444687e-01
7.807964486923096858e-02
1.812954101387158623e-01
7.674299150203691688e-01
5.843613013297936920e-01
3.458856692381178655e-01
1.801230702822201671e-02
2.495989901197029348e-01
2.642695794740039794e-01
6.080323821558376862e-02
1.195307468883180513e-01
4.959442256315333974e-01
2.406536127802201275e-01
2.036405787103909570e-01
5.670786841622617036e-01
5.227845985903838422e-01
7.314694631983073014e-01
2.713317961550600899e-01
4.705506883404575458e-01
8.726846961921078671e-01
5.330244362322850149e-01
4.834910043706115435e-01
4.281634465460151806e-02
4.684233523678587030e-01
5.831312620961113247e-01
1.102749521582143538e-01
9.858913926821830098e-02
5.240317349013599024e-01
4.856340619396664060e-01
8.552911770448369533e-02
6.023587653440307665e-01
7.275215945795862060e-01
7.743249676862927755e-01
4.782029282624908895e-01
4.579905207581520532e-01
8.197749117869350677e-01
7.338458497610426123e-01
5.407676147905129405e-01
5.320258496685653649e-02
4.535452309014014194e-01
6.005254756896167834e-01
8.901746077521062450e-02
6.162394371239390822e-02
3.273525927183709161e-01
4.181365302396289341e-01
5.625663656770274468e-02
3.379327976614070472e-01
8.052850334821464173e-01
8.001917592191545303e-01
3.483950423982804523e-01
3.942103257700853014e-01
7.992182051591735226e-01
8.014375687854864427e-01
3.055006485639049085e-01
7.612399467014938081e-02
3.810374306272956701e-01
3.097537605428517526e-01
5.244403947274953182e-02
8.471093023139911193e-02
5.790458981085682133e-01
2.988101373583225140e-01
9.065015885551960806e-02
5.310502830766643534e-01
8.361203759202573416e-01
7.799195571882278077e-01
2.365492996675988557e-01
7.136274227380621227e-01
7.999525769579451939e-01
8.381043359330577758e-01
5.521448845043601672e-01
7.509479733522769762e-02
6.786072925018038493e-01
5.223062574088723764e-01
7.933721155926662383e-02
8.565079390307353546e-02
4.460572373963596071e-01
7.331228378742622454e-01
7.917979090372946616e-02
6.698778803059592946e-01
8.198844804675781139e-01
8.119366700871463172e-01
7.032039759294939074e-01
4.564851507166807210e-01
7.709638541729987304e-01
8.222416775383656340e-01
4.058133136378025974e-01
7.851143000371366143e-02
3.877424339506725381e-01
6.516424743275619491e-01
7.820129724698664242e-02
7.468305019823220925e-02
3.370228878071446221e-01
4.007095220827590065e-01
6.940985708444216695e-02
3.206520957171443698e-01
7.845008661408100492e-01
8.347300203836147681e-01
3.311954250147202128e-01
3.898978890621873639e-01
8.409637538199197238e-01
7.758883029641729934e-01
3.472412544806777746e-01
6.946313635610981696e-02
3.219616978081776271e-01
3.426476642409415074e-01
6.462605139403135301e-02
6.306131095404692022e-02
2.954421141851242272e-01
2.334622929796331403e-01
7.294023955987936902e-02
3.699338042461403631e-01
5.954611998317017596e-01
6.997824298077942595e-01
1.694756005784533448e-01
9.204097897874102818e-02
6.375392295913333562e-01
2.595001454799408247e-01
1.655290903940964120e-01
4.845569452950767436e-02
5.402993826043775982e-01
4.637149385090522102e-01
7.182638977081017007e-02
3.042140037619929793e-01
7.267979579391803391e-01
6.624555241837564168e-01
4.561767306670796995e-01
5.765166965127355159e-01
2.660155632008884274e-01
6.855429445004784794e-01
2.673318157382671423e-01
6.425889789580339073e-01
6.836384644396400478e-01
6.877046139895676147e-01
6.797309205607680038e-01
6.536333206972268217e-02
2.924218211262336053e-01
6.507340607572018598e-01
1.847710285517069062e-01
2.766398889487233226e-01
5.822337973449428494e-01
2.858728897790661083e-01
5.355782467658699586e-01
7.847411975952494068e-01
8.589413105981437146e-01
6.783151031514854656e-01
6.576543655077556894e-01
3.323524615473784083e-01
8.625500374730254993e-01
2.832405879512223112e-01
5.635851439193066970e-01
2.137074850581956453e-01
5.697709207815904175e-01
7.351300916542538033e-01
2.731048832107451640e-01
1.884215999968261168e-02
2.259870030194292279e-01
4.825447345435965318e-02
4.913759159379114949e-02
1.782822268599335569e-01
3.202833931193623251e-01
6.328359894153445797e-01
7.807964486923096858e-02
1.812954101387159733e-01
7.674299150203691688e-01
5.843613013297936920e-01
3.458856692381179210e-01
1.801230702822201671e-02
2.495989901197029348e-01
2.642695794740039239e-01
6.080323821558376862e-02
