3.547021571097441761e-01
5.483116719928329275e-01
8.864436223856559938e-01
2.723144108340979086e-01
4.672099344994245507e-01
4.784228775793445410e-01
3.506872437731840542e-01
6.624751832391420070e-01
5.081071628826185904e-01
6.142796073954800429e-01
2.846054244445430648e-01
6.471573296667721964e-01
1.861336111998999898e-01
5.438288086607281357e-01
4.762786012414103598e-01
2.717905544666553430e-01
7.592778172736733833e-01
2.240402186528211437e-01
5.832898685699227093e-01
4.955402620044874751e-01
6.026040878319833816e-01
2.193342717760009553e-01
3.137941312165361540e-01
3.061695974685157973e-01
2.349727152067540015e-01
1.539605830957431198e-01
3.187253369385565360e-01
3.414807107792324214e-01
3.620754480076918691e-01
1.871285051531786925e-01
5.916080743347650328e-01
8.654418047461014396e-01
6.218767103209176250e-01
5.246872749295826699e-01
1.788668602720999701e-01
5.167820344441518277e-01
3.763479784533831918e-01
4.697352377406840973e-01
1.552142092897876302e-01
6.401898626737360098e-01
4.153019772405275867e-01
4.685340454989100900e-01
2.352386562113498447e-01
4.542667073890132023e-01
4.806558141467272005e-01
5.114777989524786905e-01
2.188117155649416667e-01
5.480643052000562232e-01
2.436643657390257789e-01
4.843278628285467846e-01
3.726102151517877159e-01
1.858291295303461099e-01
7.058619348862154030e-01
4.040011392825575975e-01
2.311001911139220488e-01
5.253002336881592571e-01
6.917045069239357025e-01
3.896916429069536281e-01
6.159129329794816865e-01
4.654004425073450801e-01
2.492390108651362512e-01
6.364460753835268214e-01
7.424501189054109052e-01
3.740138411304684829e-01
3.642530662923137985e-01
5.466826776015583089e-01
8.757201112022551248e-01
2.720521062813754942e-01
4.665033335771480161e-01
4.663957813170456213e-01
3.456121311599943402e-01
6.548339134858113253e-01
5.166937565282396783e-01
6.270244643483077196e-01
2.974803821754702371e-01
1.859805754917272513e-01
5.304344347162577300e-01
4.858969384649173273e-01
7.508057682979519809e-01
2.214521606459013414e-01
5.874450702746956132e-01
6.091318578895880131e-01
2.277455031863175883e-01
3.162532836276804038e-01
2.331011321222529464e-01
1.545884737818758459e-01
3.670589291662872955e-01
1.855909771006792885e-01
6.291518340112454144e-01
5.180639703439454680e-01
3.836813966411596333e-01
4.691351132727210604e-01
4.114977988356307570e-01
4.824823068035643536e-01
2.464353613638644858e-01
6.980313820504300271e-01
4.668870940125643410e-01
5.306605012936288501e-01
5.246541819386363326e-01
4.779828308093435618e-01
4.465109530097211010e-01
4.158958813975803803e-01
7.522022896249775936e-01
3.670086606592460887e-01
6.010004146324201546e-01
3.740094411305426303e-01
2.625646627429038538e-01
8.001339839534082898e-01
5.251822447752838574e-01
3.879593669396231848e-01
3.803679758689946788e-01
4.198511017007442447e-01
2.773785478826463757e-01
5.476494069064823389e-01
6.418199807867130957e-01
4.620652713459020844e-01
3.547021571097441761e-01
5.483116719928329275e-01
8.864436223856559938e-01
2.723144108340979086e-01
4.672099344994245507e-01
4.784228775793445410e-01
3.506872437731840542e-01
6.624751832391420070e-01
5.081071628826185904e-01
6.142796073954800429e-01
2.846054244445430648e-01
6.471573296667721964e-01
1.861336111998999898e-01
5.438288086607281357e-01
4.762786012414103598e-01
2.717905544666553430e-01
7.592778172736733833e-01
2.240402186528211437e-01
5.832898685699227093e-01
4.955402620044874751e-01
6.026040878319833816e-01
2.193342717760009553e-01
3.137941312165361540e-01
3.061695974685157973e-01
2.349727152067540015e-01
1.539605830957431198e-01
3.187253369385565360e-01
3.414807107792324214e-01
3.620754480076918691e-01
1.871285051531786925e-01
5.916080743347650328e-01
8.654418047461014396e-01
6.218767103209176250e-01
5.246872749295826699e-01
1.788668602720999701e-01
5.167820344441518277e-01
3.763479784533831918e-01
4.697352377406840973e-01
1.552142092897876302e-01
6.401898626737360098e-01
4.153019772405275867e-01
4.685340454989100900e-01
2.352386562113498447e-01
4.542667073890132023e-01
4.806558141467272005e-01
5.114777989524786905e-01
2.188117155649416667e-01
5.480643052000562232e-01
2.436643657390257789e-01
4.843278628285467846e-01
3.726102151517877159e-01
1.858291295303461099e-01
7.058619348862154030e-01
4.040011392825575975e-01
2.311001911139220488e-01
5.253002336881592571e-01
6.917045069239357025e-01
3.896916429069536281e-01
6.159129329794816865e-01
4.654004425073450801e-01
2.492390108651362512e-01
6.364460753835268214e-01
7.424501189054109052e-01
3.740138411304684829e-01
4.465109530097211010e-01
4.158958813975803803e-01
7.522623727274184713e-01
3.670083175373868301e-01
6.009998784639296598e-01
3.740078769081751631e-01
2.625646627429038538e-01
8.001351939567757920e-01
5.251822447752838574e-01
3.879593669396231848e-01
3.803679758689946788e-01
4.198504908852729312e-01
2.773785478826463757e-01
5.476494069064823389e-01
6.418199807867130957e-01
4.620652713459020844e-01
3.876287833263337701e-01
5.788070739098432060e-01
6.905867232353017915e-01
3.559803793775402903e-01
6.342984960764965763e-01
2.704409969425018434e-01
4.555470092987439212e-01
7.558112291994907306e-01
5.947249157169263167e-01
5.234818070425438785e-01
2.754302675411832158e-01
6.099196784988731856e-01
3.665369047699150729e-01
6.365201793560311128e-01
6.775002503874774096e-01
3.911148749315550011e-01
3.494009369767353546e-01
5.796757590626997469e-01
6.046209617409825654e-01
3.411971425612031483e-01
4.653596836861071395e-01
3.759278045594452444e-01
4.701808698746139381e-01
5.871345239659000459e-01
7.977345189031792572e-01
3.796552827941234165e-01
3.685655198592701076e-01
5.838000482429657190e-01
3.398291758080044245e-01
8.385641671891717053e-01
4.759407829641502108e-01
3.638570463474010142e-01
3.654097244404279632e-01
6.222897518488981206e-01
6.995933809967480599e-01
3.897777442494489430e-01
6.400097778846118857e-01
4.208108609441932879e-01
4.076192762951119652e-01
7.221425126283640417e-01
9.754222125545917166e-01
3.584589531298695841e-01
4.170672432580748712e-01
6.641751643820441586e-01
3.383738538944831564e-01
9.897050222305614486e-01
7.048597650198127340e-01
3.787770986397203665e-01
3.536275059784945718e-01
7.148009515785078705e-01
9.687929091868898723e-01
3.567952290192723530e-01
8.762469422576364408e-01
3.924114904756647038e-01
3.712209709060131368e-01
9.867597163947321448e-01
7.600053591454210000e-01
4.130658310256301591e-01
3.888911853079967673e-01
7.764536233452692393e-01
3.655191874262866403e-01
7.680852008812029119e-01
9.242179404963151157e-01
3.675248565678688739e-01
3.256596412016921072e-01
7.286331423518024319e-01
8.868901494361980387e-01
3.308761173329336502e-01
6.175186303252013786e-01
3.926730119784233031e-01
3.860324594038698209e-01
8.631447054182304068e-01
8.430649137907808566e-01
3.821985936883847690e-01
3.835571342288860430e-01
7.946852098072976212e-01
3.504999451570131042e-01
8.301145019499573952e-01
7.070281445814130539e-01
3.411791678637983161e-01
3.547021571097442316e-01
5.483116719928329275e-01
8.864436223856559938e-01
2.723144108340978531e-01
4.672099344994245507e-01
4.784228775793445410e-01
3.506872437731841097e-01
6.624751832391420070e-01
5.081071628826185904e-01
6.142796073954801539e-01
2.846054244445429537e-01
6.471573296667721964e-01
1.861336111998999898e-01
5.438288086607281357e-01
4.762786012414104153e-01
2.717905544666553430e-01
7.592778172736733833e-01
2.240402186528211437e-01
5.832898685699225982e-01
4.955402620044875861e-01
6.026040878319833816e-01
2.193342717760009275e-01
3.137941312165360985e-01
3.061695974685157973e-01
2.349727152067540015e-01
1.539605830957430921e-01
3.187253369385565915e-01
3.414807107792324214e-01
3.620754480076918691e-01
1.871285051531787202e-01
5.916080743347652549e-01
8.654418047461014396e-01
6.218767103209177360e-01
5.246872749295826699e-01
1.788668602720999423e-01
5.167820344441518277e-01
3.763479784533832473e-01
4.697352377406841528e-01
1.552142092897876302e-01
6.401898626737361209e-01
4.153019772405275312e-01
4.685340454989099790e-01
2.352386562113497892e-01
4.542667073890130913e-01
4.806558141467272005e-01
5.114777989524786905e-01
2.188117155649416667e-01
5.480643052000562232e-01
2.436643657390257789e-01
4.843278628285466736e-01
3.726102151517878269e-01
1.858291295303461377e-01
7.058619348862154030e-01
4.040011392825577086e-01
2.311001911139221043e-01
5.253002336881591461e-01
6.917045069239355914e-01
3.896916429069537391e-01
6.159129329794819085e-01
4.654004425073451356e-01
2.492390108651362512e-01
6.364460753835270435e-01
7.424501189054109052e-01
3.740138411304684829e-01
