2.500757546270481746e-01
6.035652027731939206e-01
3.189265107995665760e-01
2.121755743748952594e-01
4.398074963520386960e-01
5.907029677056326866e-01
6.288004364751565989e-01
3.157163790664450631e-01
2.924545454305879644e-01
6.825087056646296224e-01
2.354321235591636807e-01
3.153982099006144013e-01
2.008527358125646867e-01
5.981178934231582422e-01
4.743573067108113883e-01
2.101380331900357390e-01
3.697344782716100453e-01
5.421853104528240319e-01
7.827196365742159490e-01
4.980343178448120578e-01
5.274272669966995064e-01
2.277299953652522357e-01
4.277283712631925749e-01
2.383170301846953276e-01
3.911889767980739618e-01
4.328249700064351613e-01
4.320810083003040480e-01
6.258470701943218417e-01
1.483463546353926410e-01
2.762013972109720883e-01
7.432335975556139118e-01
3.025493115717569070e-01
4.691481245635154007e-01
4.149554106652615371e-01
2.652048571302337843e-01
5.818829719561608993e-01
5.926731408627538000e-01
5.075854440554715685e-01
4.337934956701438027e-01
6.920646242066009757e-01
3.400570374672027829e-01
5.071778555019512691e-01
2.271135417984852800e-01
5.695167194907454489e-01
4.724251626753606104e-01
4.163673590415771786e-01
5.392841835678159335e-01
6.072425093200257695e-01
1.968434200330996808e-01
4.674234847783512725e-01
1.647617820583238413e-01
1.933886287626637723e-01
5.743991956161984547e-01
3.452477342366858104e-01
3.888869095293832623e-01
2.874654522475700302e-01
5.452491258383832529e-01
5.888039603950971923e-01
4.955619004039703568e-01
4.355600665707405894e-01
1.964564395333991131e-01
4.816520743165899066e-01
3.518480682070092569e-01
2.596314876756615764e-01
2.548016986939790618e-01
6.040907512845938854e-01
3.105643260550692286e-01
2.111553398939110815e-01
4.378948401249191935e-01
5.801545635211233787e-01
6.270589738020739823e-01
3.155576612400983194e-01
2.899628837427347672e-01
6.872091153503846472e-01
2.385801587999986650e-01
1.971011966478840027e-01
5.900778732955529460e-01
4.861804553132461626e-01
3.607294118180223164e-01
5.407492809549663271e-01
7.629951357283379920e-01
5.117978278069508224e-01
2.279999894175838704e-01
4.298989961504996460e-01
3.901532262966539433e-01
4.333100653613440323e-01
1.561608095101192362e-01
2.745274703855902221e-01
4.753918957011278312e-01
4.156633694193971884e-01
5.917429707433996544e-01
5.073818098199821547e-01
3.442751033001850702e-01
4.699373067828221395e-01
1.966510631660148833e-01
5.587346170349876129e-01
3.437710235890012456e-01
6.612755664482569129e-01
6.518287011509742435e-01
3.432026641003633749e-01
3.000372044951303829e-01
5.481228425178752417e-01
4.482450994741657979e-01
3.512748512009351565e-01
6.210865470784057152e-01
3.933177123754189597e-01
4.876237389438695669e-01
4.597516251087898631e-01
4.683404136212463431e-01
5.941281262691708864e-01
3.912750147971612580e-01
5.711256023894502043e-01
2.276591297410735792e-01
4.993800776041850131e-01
6.204924365038488876e-01
3.061565741672034879e-01
2.500757546270481746e-01
6.035652027731939206e-01
3.189265107995665760e-01
2.121755743748952594e-01
4.398074963520386960e-01
5.907029677056326866e-01
6.288004364751565989e-01
3.157163790664450631e-01
2.924545454305879644e-01
6.825087056646296224e-01
2.354321235591636807e-01
3.153982099006144013e-01
2.008527358125646867e-01
5.981178934231582422e-01
4.743573067108113883e-01
2.101380331900357390e-01
3.697344782716100453e-01
5.421853104528240319e-01
7.827196365742159490e-01
4.980343178448120578e-01
5.274272669966995064e-01
2.277299953652522357e-01
4.277283712631925749e-01
2.383170301846953276e-01
3.911889767980739618e-01
4.328249700064351613e-01
4.320810083003040480e-01
6.258470701943218417e-01
1.483463546353926410e-01
2.762013972109720883e-01
7.432335975556139118e-01
3.025493115717569070e-01
4.691481245635154007e-01
4.149554106652615371e-01
2.652048571302337843e-01
5.818829719561608993e-01
5.926731408627538000e-01
5.075854440554715685e-01
4.337934956701438027e-01
6.920646242066009757e-01
3.400570374672027829e-01
5.071778555019512691e-01
2.271135417984852800e-01
5.695167194907454489e-01
4.724251626753606104e-01
4.163673590415771786e-01
5.392841835678159335e-01
6.072425093200257695e-01
1.968434200330996808e-01
4.674234847783512725e-01
1.647617820583238413e-01
1.933886287626637723e-01
5.743991956161984547e-01
3.452477342366858104e-01
3.888869095293832623e-01
2.874654522475700302e-01
5.452491258383832529e-01
5.888039603950971923e-01
4.955619004039703568e-01
4.355600665707405894e-01
1.964564395333991131e-01
4.816520743165899066e-01
3.518480682070092569e-01
2.596314876756615764e-01
3.000372044951303829e-01
5.481228425178752417e-01
4.482809036143577952e-01
3.512744995503431777e-01
6.210859929905412358e-01
3.933160673999301915e-01
4.876237389438695669e-01
4.597523203686160187e-01
4.683404136212463431e-01
5.941281262691708864e-01
3.912750147971612580e-01
5.711247714940386189e-01
2.276591297410735792e-01
4.993800776041850131e-01
6.204924365038488876e-01
3.061565741672034879e-01
2.984077006099951079e-01
7.584608170481048628e-01
4.699583069329444918e-01
2.313095832724480494e-01
3.612345031420240993e-01
5.197809317133209595e-01
6.103407949672966515e-01
5.117998032210362425e-01
5.892906313777006577e-01
5.118307937300420329e-01
5.179852740924864030e-01
8.009091891329824797e-01
2.917684025016273885e-01
6.259250765993475962e-01
3.614502426927479473e-01
2.924629389915524014e-01
2.206547432740142700e-01
6.016384151603915154e-01
7.267846643519240146e-01
1.889498931697038420e-01
5.450689157522559114e-01
5.480861466418842642e-01
5.121135842300661434e-01
7.004158173484709149e-01
7.930556859584370066e-01
4.625203362224409309e-01
5.358609847949001859e-01
5.884950112670288558e-01
2.095250229410060838e-01
8.235167338601638853e-01
5.414058484615329458e-01
2.205300567620288310e-01
2.430906709391210951e-01
6.914584487898030041e-01
5.526085586919124992e-01
2.843755581948484434e-01
8.292058779224733556e-01
5.591344737129160247e-01
5.204961232360241219e-01
5.555883598835671400e-01
8.956768594169481901e-01
5.204448046882084178e-01
5.495534000782291706e-01
7.019115406102254262e-01
2.162816953007270226e-01
8.958513899674962477e-01
8.906224093810570785e-01
2.452866939896213294e-01
2.413982607456683915e-01
7.914752578938193395e-01
8.483508885934210042e-01
2.463868141091857256e-01
7.433636591591739062e-01
5.519080407329918225e-01
5.620088102595268698e-01
8.407293186513915551e-01
8.149964093579784574e-01
4.943974873706514783e-01
5.431131482246831510e-01
8.225442279398640366e-01
2.566867065870984677e-01
8.037580843380593976e-01
7.358392015041692602e-01
2.472069063700534364e-01
2.223247426667625259e-01
7.145783496901769727e-01
7.675837353467722668e-01
2.096574934893048192e-01
6.157794856254081850e-01
4.975342995291085479e-01
5.667126316433317434e-01
7.277224593313362799e-01
8.420593972211216638e-01
5.409416436221343716e-01
4.844011495250556409e-01
7.578882768288814908e-01
2.065042458454921237e-01
8.279955012495545663e-01
6.626966006021437483e-01
2.260354146109882223e-01
2.500757546270482301e-01
6.035652027731939206e-01
3.189265107995666870e-01
2.121755743748952594e-01
4.398074963520386960e-01
5.907029677056329087e-01
6.288004364751567099e-01
3.157163790664450631e-01
2.924545454305878533e-01
6.825087056646299555e-01
2.354321235591636530e-01
3.153982099006144013e-01
2.008527358125647144e-01
5.981178934231583533e-01
4.743573067108113328e-01
2.101380331900357390e-01
3.697344782716099343e-01
5.421853104528240319e-01
7.827196365742157269e-01
4.980343178448121688e-01
5.274272669966995064e-01
2.277299953652522913e-01
4.277283712631924639e-01
2.383170301846953276e-01
3.911889767980740173e-01
4.328249700064351613e-01
4.320810083003041036e-01
6.258470701943218417e-01
1.483463546353926410e-01
2.762013972109721438e-01
7.432335975556141339e-01
3.025493115717569070e-01
4.691481245635155672e-01
4.149554106652616481e-01
2.652048571302337843e-01
5.818829719561607883e-01
5.926731408627536890e-01
5.075854440554715685e-01
4.337934956701437472e-01
6.920646242066009757e-01
3.400570374672028384e-01
5.071778555019511581e-01
2.271135417984852245e-01
5.695167194907454489e-01
4.724251626753607214e-01
4.163673590415771786e-01
5.392841835678159335e-01
6.072425093200257695e-01
1.968434200330996531e-01
4.674234847783512725e-01
1.647617820583238690e-01
1.933886287626638278e-01
5.743991956161984547e-01
3.452477342366859214e-01
3.888869095293832623e-01
2.874654522475700857e-01
5.452491258383831418e-01
5.888039603950971923e-01
4.955619004039705788e-01
4.355600665707406449e-01
1.964564395333991131e-01
4.816520743165899066e-01
3.518480682070092569e-01
2.596314876756615764e-01
