3.155765382369628558e-01
6.811983762919775476e-01
3.206461673319569439e-01
2.999351955003556336e-01
5.060286466573324926e-01
4.872161429177492842e-01
5.943013543798510989e-01
4.173518595145223053e-01
2.721656547773410595e-01
5.198544740198071112e-01
1.832237871544850349e-01
4.152539916453032998e-01
3.019494436581419139e-01
6.340198530185882086e-01
5.877389577049989544e-01
2.993304460903927211e-01
4.386344997839993209e-01
3.877561051549262561e-01
6.386417998077886793e-01
6.001495655765400894e-01
4.838749348666596117e-01
1.845120001452414393e-01
3.890874882704611348e-01
1.909817247966792142e-01
3.686043522758444269e-01
4.174735543005858585e-01
3.918649279256410933e-01
5.843355822194322702e-01
2.337706282745087294e-01
1.956915950600880971e-01
6.053821106819395892e-01
3.038432518916223124e-01
4.701896349245071605e-01
3.785990253243136650e-01
1.834576413306342468e-01
6.287112614063029570e-01
4.810208576511182388e-01
4.655611848324408553e-01
4.145514906922813658e-01
5.244560751871608639e-01
3.198422024846444556e-01
4.616662523797162021e-01
1.861076451361397821e-01
4.612342903131497751e-01
6.095552375652526500e-01
3.791559830616910709e-01
3.790182355985041718e-01
6.822229233571655005e-01
2.806266718575440300e-01
6.115168335208224226e-01
2.446248074731476596e-01
2.955054021960876742e-01
5.419344574879001453e-01
3.172606084901356538e-01
3.669464871129269889e-01
2.681870445354241905e-01
5.279212746931026823e-01
4.723903832781884415e-01
4.618334362641948743e-01
5.101582686891945606e-01
2.822551225881746451e-01
4.743408849701388763e-01
4.256863906694221544e-01
3.231724578365099965e-01
3.193332245091450305e-01
6.806506851083715670e-01
3.120666122319828428e-01
2.996323863080881944e-01
5.082493389916967752e-01
4.742800590979119324e-01
5.890145948117490038e-01
4.163053438117959582e-01
2.701786502562733561e-01
5.221179310178978294e-01
1.884395865394113412e-01
2.987106002489970935e-01
6.313908792044078400e-01
5.939362120915997467e-01
4.321156632704703515e-01
3.834309449917159274e-01
6.220275537957389300e-01
4.730639416506972061e-01
1.857658823756111188e-01
3.904725749632233511e-01
3.678849851019538320e-01
4.160100107557412330e-01
2.388676118930280756e-01
1.922966531585162953e-01
4.722625363462003012e-01
3.788782870257144664e-01
4.775125580740731124e-01
4.636152479668391724e-01
3.200203120776166088e-01
6.105309437497234981e-01
2.814361278404383104e-01
5.337585706170679956e-01
4.200199505098412001e-01
5.839840073988366020e-01
5.757166598607232899e-01
4.203569848249502083e-01
3.696170007141555969e-01
5.433591127707073642e-01
3.117764602178711986e-01
4.636334884139577950e-01
5.449798726409980087e-01
3.435293090354510914e-01
4.579881194332516836e-01
3.374086634621316083e-01
4.171421441739573410e-01
5.241307778824401131e-01
3.416953700388709048e-01
5.588429842133555425e-01
3.361898049486906626e-01
4.396475534036414778e-01
5.506213753458528704e-01
3.758189609323031588e-01
3.155765382369628558e-01
6.811983762919775476e-01
3.206461673319569439e-01
2.999351955003556336e-01
5.060286466573324926e-01
4.872161429177492842e-01
5.943013543798510989e-01
4.173518595145223053e-01
2.721656547773410595e-01
5.198544740198071112e-01
1.832237871544850349e-01
4.152539916453032998e-01
3.019494436581419139e-01
6.340198530185882086e-01
5.877389577049989544e-01
2.993304460903927211e-01
4.386344997839993209e-01
3.877561051549262561e-01
6.386417998077886793e-01
6.001495655765400894e-01
4.838749348666596117e-01
1.845120001452414393e-01
3.890874882704611348e-01
1.909817247966792142e-01
3.686043522758444269e-01
4.174735543005858585e-01
3.918649279256410933e-01
5.843355822194322702e-01
2.337706282745087294e-01
1.956915950600880971e-01
6.053821106819395892e-01
3.038432518916223124e-01
4.701896349245071605e-01
3.785990253243136650e-01
1.834576413306342468e-01
6.287112614063029570e-01
4.810208576511182388e-01
4.655611848324408553e-01
4.145514906922813658e-01
5.244560751871608639e-01
3.198422024846444556e-01
4.616662523797162021e-01
1.861076451361397821e-01
4.612342903131497751e-01
6.095552375652526500e-01
3.791559830616910709e-01
3.790182355985041718e-01
6.822229233571655005e-01
2.806266718575440300e-01
6.115168335208224226e-01
2.446248074731476596e-01
2.955054021960876742e-01
5.419344574879001453e-01
3.172606084901356538e-01
3.669464871129269889e-01
2.681870445354241905e-01
5.279212746931026823e-01
4.723903832781884415e-01
4.618334362641948743e-01
5.101582686891945606e-01
2.822551225881746451e-01
4.743408849701388763e-01
4.256863906694221544e-01
3.231724578365099965e-01
3.696170007141555969e-01
5.433591127707073642e-01
3.118013637541356964e-01
4.636331976689455070e-01
5.449793864499266061e-01
3.435278722903586379e-01
4.579881194332516836e-01
3.374091737086992726e-01
4.171421441739573410e-01
5.241307778824401131e-01
3.416953700388709048e-01
5.588421711871676134e-01
3.361898049486906626e-01
4.396475534036414778e-01
5.506213753458528704e-01
3.758189609323031588e-01
3.774933150368202650e-01
6.432923397252354736e-01
4.484749097773415016e-01
3.256607794622372043e-01
4.043272256930927622e-01
4.474320684758055222e-01
5.270793697285915957e-01
4.838243190331978916e-01
5.568748265883149973e-01
4.673310925275789285e-01
4.440077295483523812e-01
6.786688002189489310e-01
3.542443533192054517e-01
5.793777996465403479e-01
4.164771649993510572e-01
3.707742686256937370e-01
2.839484404091929814e-01
6.496667452929301145e-01
8.513075323189740473e-01
2.399209041907417461e-01
6.096490964843277460e-01
4.556623432096839621e-01
4.148412650691943870e-01
8.067853389359351812e-01
9.458777282132273534e-01
3.583213792397698105e-01
4.440040954820198005e-01
6.320067552852541848e-01
2.513008831698833045e-01
9.622661714803348865e-01
5.992841311776377911e-01
2.881204115577006286e-01
3.135174279423756927e-01
6.920549041744017416e-01
5.906891387002843885e-01
3.563868950827968618e-01
8.688116461438859517e-01
4.716692293798894209e-01
4.405379852585876721e-01
5.930571229230405805e-01
8.705356875991907550e-01
4.467555302768764780e-01
4.649988771578426050e-01
6.875238394604794578e-01
2.844903234524972513e-01
8.599592129754458636e-01
9.340622064700125904e-01
3.190208808908703841e-01
3.126981756255344247e-01
7.828733188340599725e-01
8.353305192973459192e-01
3.223223351376922619e-01
7.773675271334834491e-01
4.653950232479263649e-01
4.736239142712516115e-01
8.285738768720602998e-01
8.617316839087663105e-01
4.242664647280601775e-01
4.582260434176191333e-01
8.111564511743694084e-01
3.177253838918021600e-01
8.417463325258696116e-01
7.784413246923773677e-01
3.193212065909788455e-01
2.779525047939398474e-01
8.151840557744243210e-01
9.028164729241126008e-01
2.643259824834531813e-01
7.288215262580735043e-01
4.063906825140042312e-01
4.598795246522729419e-01
8.475595756601388420e-01
9.590800216167987280e-01
4.416946179392288729e-01
3.950119163843882619e-01
8.583594736213564502e-01
2.601612360186288386e-01
9.285331101675076138e-01
7.857537135248080506e-01
2.844017034531178822e-01
3.155765382369628558e-01
6.811983762919776586e-01
3.206461673319569439e-01
2.999351955003556336e-01
5.060286466573324926e-01
4.872161429177493952e-01
5.943013543798510989e-01
4.173518595145223053e-01
2.721656547773410595e-01
5.198544740198072223e-01
1.832237871544850072e-01
4.152539916453034108e-01
3.019494436581419694e-01
6.340198530185880976e-01
5.877389577049989544e-01
2.993304460903927211e-01
4.386344997839993209e-01
3.877561051549262561e-01
6.386417998077884572e-01
6.001495655765400894e-01
4.838749348666596117e-01
1.845120001452414393e-01
3.890874882704610238e-01
1.909817247966792142e-01
3.686043522758444269e-01
4.174735543005858585e-01
3.918649279256411488e-01
5.843355822194321592e-01
2.337706282745087294e-01
1.956915950600880694e-01
6.053821106819398112e-01
3.038432518916223124e-01
4.701896349245072160e-01
3.785990253243136650e-01
1.834576413306341636e-01
6.287112614063029570e-01
4.810208576511181833e-01
4.655611848324407998e-01
4.145514906922813658e-01
5.244560751871608639e-01
3.198422024846444556e-01
4.616662523797160911e-01
1.861076451361397543e-01
4.612342903131497751e-01
6.095552375652526500e-01
3.791559830616910709e-01
3.790182355985041718e-01
6.822229233571655005e-01
2.806266718575440300e-01
6.115168335208224226e-01
2.446248074731477429e-01
2.955054021960876187e-01
5.419344574879001453e-01
3.172606084901356538e-01
3.669464871129270445e-01
2.681870445354241350e-01
5.279212746931025713e-01
4.723903832781885526e-01
4.618334362641948743e-01
5.101582686891945606e-01
2.822551225881746451e-01
4.743408849701388763e-01
4.256863906694221544e-01
3.231724578365099410e-01
