3.186318553794115771e-01
7.631781054995909752e-01
3.490572846348423131e-01
3.128673669760154152e-01
5.862857011215989456e-01
5.432736030205866928e-01
5.391202684102043285e-01
5.172969671919951384e-01
3.107700807782570185e-01
4.831724418737937121e-01
1.713316060352570724e-01
5.258993267253700976e-01
2.762900386035969658e-01
6.420842629895678888e-01
6.180300141932322244e-01
3.149575955706726549e-01
5.034062060378037273e-01
5.166467703960344604e-01
6.773943945251843513e-01
6.162240404998806653e-01
5.027463763033459543e-01
1.714152008515746339e-01
3.387718845318549166e-01
1.746353223504293617e-01
3.426691151393866375e-01
3.255245921978291435e-01
3.438374718328136570e-01
5.371688370090877962e-01
1.964727634799813827e-01
1.931028477477033101e-01
6.635807339992838561e-01
3.226022327022715075e-01
5.329486498553166474e-01
3.451177230370284787e-01
1.912884862375288098e-01
6.458229035173380650e-01
5.767090485618129314e-01
3.955170343092547780e-01
3.278609846981639375e-01
4.999344926286666269e-01
3.029370415107277004e-01
4.020600338044585387e-01
1.782572435347129225e-01
5.332927448349261690e-01
5.896995963229376692e-01
3.456751589793829460e-01
5.308571829943107279e-01
7.771821003291683461e-01
2.777334129974793897e-01
5.843796313616352878e-01
2.107133080804393932e-01
2.747984753842022121e-01
6.202973183091913256e-01
2.959532624572087101e-01
3.406974264628661597e-01
3.044029834424148984e-01
6.292839930523735914e-01
5.743269685829721638e-01
5.111551692702567262e-01
5.967341962397503252e-01
2.830685157785214900e-01
5.308377590602177953e-01
4.934112999059712124e-01
3.298196804035245511e-01
3.241649772263262563e-01
7.694201379617238157e-01
3.355493564104742310e-01
3.139139830156100208e-01
5.916359301919142943e-01
5.383042415185991247e-01
5.378194915800614817e-01
5.215882309385179161e-01
3.075902138339893788e-01
4.914174374098342346e-01
1.742267404458133218e-01
2.755403631505591866e-01
6.439357499311131328e-01
6.171281987053002238e-01
4.983741848781941819e-01
5.236807859619542205e-01
6.704940427679612069e-01
5.068707512090315781e-01
1.752281177660555411e-01
3.412980519495692477e-01
3.417843374364496478e-01
3.266947967588695323e-01
2.032295531118962773e-01
1.948529533211513787e-01
5.318945893959128313e-01
3.453972245130594310e-01
5.764974549781033408e-01
3.987859649220109604e-01
3.008015472628003950e-01
5.870534230887540783e-01
2.803853390178621119e-01
6.238253812061231862e-01
4.477664130027370071e-01
5.489874181023158828e-01
5.504534817961255211e-01
4.529400596808529356e-01
3.884590085659419545e-01
6.316476895010265658e-01
3.512094489684682852e-01
4.661461414600758246e-01
6.814287446627198541e-01
3.179805600844000102e-01
3.933224697554273952e-01
3.729276211725895962e-01
4.388817797289594758e-01
4.661033979273244698e-01
3.243993234015526972e-01
6.731789566774495359e-01
3.180443279180878990e-01
4.477165267892193601e-01
7.331262456412617201e-01
3.977449892944827647e-01
3.186318553794115771e-01
7.631781054995909752e-01
3.490572846348423131e-01
3.128673669760154152e-01
5.862857011215989456e-01
5.432736030205866928e-01
5.391202684102043285e-01
5.172969671919951384e-01
3.107700807782570185e-01
4.831724418737937121e-01
1.713316060352570724e-01
5.258993267253700976e-01
2.762900386035969658e-01
6.420842629895678888e-01
6.180300141932322244e-01
3.149575955706726549e-01
5.034062060378037273e-01
5.166467703960344604e-01
6.773943945251843513e-01
6.162240404998806653e-01
5.027463763033459543e-01
1.714152008515746339e-01
3.387718845318549166e-01
1.746353223504293617e-01
3.426691151393866375e-01
3.255245921978291435e-01
3.438374718328136570e-01
5.371688370090877962e-01
1.964727634799813827e-01
1.931028477477033101e-01
6.635807339992838561e-01
3.226022327022715075e-01
5.329486498553166474e-01
3.451177230370284787e-01
1.912884862375288098e-01
6.458229035173380650e-01
5.767090485618129314e-01
3.955170343092547780e-01
3.278609846981639375e-01
4.999344926286666269e-01
3.029370415107277004e-01
4.020600338044585387e-01
1.782572435347129225e-01
5.332927448349261690e-01
5.896995963229376692e-01
3.456751589793829460e-01
5.308571829943107279e-01
7.771821003291683461e-01
2.777334129974793897e-01
5.843796313616352878e-01
2.107133080804393932e-01
2.747984753842022121e-01
6.202973183091913256e-01
2.959532624572087101e-01
3.406974264628661597e-01
3.044029834424148984e-01
6.292839930523735914e-01
5.743269685829721638e-01
5.111551692702567262e-01
5.967341962397503252e-01
2.830685157785214900e-01
5.308377590602177953e-01
4.934112999059712124e-01
3.298196804035245511e-01
3.884590085659419545e-01
6.316476895010265658e-01
3.512375022642262312e-01
4.661458520770824787e-01
6.814281367419723345e-01
3.179792301920234543e-01
3.933224697554273952e-01
3.729281851327344022e-01
4.388817797289594758e-01
4.661033979273244698e-01
3.243993234015526972e-01
6.731779773109076714e-01
3.180443279180878990e-01
4.477165267892193601e-01
7.331262456412617201e-01
3.977449892944827647e-01
3.859638538323489909e-01
7.001085820566406159e-01
4.281022198396360334e-01
3.605890436163835533e-01
4.148972218008128987e-01
4.032781416879273051e-01
5.060381134487378363e-01
4.519357522163114371e-01
6.523695501422255294e-01
4.093064699712748444e-01
4.106327810063811756e-01
7.741532541790538957e-01
3.756721893996659567e-01
6.658889420912130763e-01
4.525972296260216687e-01
3.828207102767842707e-01
3.089584315089248800e-01
6.399727234637473394e-01
8.506080616786251269e-01
2.736305809507794118e-01
6.122775356465872676e-01
4.127871097200603301e-01
3.886450860639271143e-01
8.053777138815172432e-01
9.770767755267653065e-01
3.279346350188719894e-01
4.150119372309351018e-01
6.410466009702484591e-01
2.740462657753469644e-01
9.907048019807183081e-01
6.275906823906522991e-01
3.175869447390498035e-01
3.454771804010083880e-01
6.844587851726520178e-01
6.041761497350504051e-01
3.769160038427697423e-01
8.630321235413402903e-01
4.338730952128329044e-01
4.121456011493704885e-01
5.775743804238491208e-01
8.564881423016186268e-01
4.125896406475136335e-01
4.379406587302470122e-01
7.282501491770037028e-01
3.074529736005039426e-01
8.457539568273457764e-01
9.534676781865378814e-01
3.555926179699288592e-01
3.339882617931157482e-01
8.098195314940705991e-01
8.072127176768062462e-01
3.539288761232675107e-01
8.059995283597709559e-01
4.223173056811632131e-01
4.424500017004250330e-01
7.919184214088836882e-01
8.882122218625885246e-01
3.906729810926594659e-01
4.267042356894423238e-01
8.897955983455974049e-01
3.401343998534526181e-01
8.620071423360764484e-01
8.431581746011733713e-01
3.441561005486642455e-01
3.009602048798870610e-01
8.322574129036317547e-01
9.303345732769170429e-01
2.890384003580034333e-01
7.480437259028152042e-01
3.718870235793975132e-01
4.185645752710401291e-01
8.615383400695983962e-01
9.757294753433884971e-01
4.008282040604276841e-01
3.716246318148573868e-01
9.193311077048411661e-01
2.860372037901117714e-01
9.431988493557799114e-01
8.376297739463771652e-01
3.107853001579377050e-01
3.186318553794116326e-01
7.631781054995910862e-01
3.490572846348423131e-01
3.128673669760153597e-01
5.862857011215989456e-01
5.432736030205868039e-01
5.391202684102043285e-01
5.172969671919951384e-01
3.107700807782570185e-01
4.831724418737938787e-01
1.713316060352570447e-01
5.258993267253702086e-01
2.762900386035970213e-01
6.420842629895679998e-01
6.180300141932321134e-01
3.149575955706726549e-01
5.034062060378037273e-01
5.166467703960344604e-01
6.773943945251841292e-01
6.162240404998806653e-01
5.027463763033461763e-01
1.714152008515746339e-01
3.387718845318548611e-01
1.746353223504294172e-01
3.426691151393866375e-01
3.255245921978291435e-01
3.438374718328137680e-01
5.371688370090877962e-01
1.964727634799813827e-01
1.931028477477033378e-01
6.635807339992839671e-01
3.226022327022715075e-01
5.329486498553166474e-01
3.451177230370284787e-01
1.912884862375288375e-01
6.458229035173380650e-01
5.767090485618129314e-01
3.955170343092547780e-01
3.278609846981638820e-01
4.999344926286665158e-01
3.029370415107277559e-01
4.020600338044584277e-01
1.782572435347128670e-01
5.332927448349260580e-01
5.896995963229376692e-01
3.456751589793829460e-01
5.308571829943107279e-01
7.771821003291683461e-01
2.777334129974793897e-01
5.843796313616352878e-01
2.107133080804394210e-01
2.747984753842022121e-01
6.202973183091911036e-01
2.959532624572086545e-01
3.406974264628662152e-01
3.044029834424149539e-01
6.292839930523734804e-01
5.743269685829721638e-01
5.111551692702567262e-01
5.967341962397503252e-01
2.830685157785214900e-01
5.308377590602177953e-01
4.934112999059712124e-01
3.298196804035245511e-01
