2.290084518200448949e-01
5.014314527798744425e-01
2.708238916609675417e-01
2.028962386686932184e-01
3.914613370095905709e-01
5.941583429428016760e-01
5.133318962588139245e-01
3.201765289933456438e-01
2.441704187089911993e-01
6.943311986174733885e-01
2.388638804162636353e-01
3.131925699680945252e-01
2.221719891386574608e-01
6.629985940749073547e-01
4.922581737455211104e-01
2.005219524555218735e-01
3.318291181859890915e-01
4.721860703850772611e-01
7.892909586603564787e-01
5.062558174213898088e-01
5.627937523050683399e-01
2.508834352747520979e-01
4.872319765626703103e-01
2.545941075856168467e-01
4.267863281089866456e-01
4.714894272111216922e-01
4.885126633370034388e-01
5.004164030466670132e-01
1.822335560308115388e-01
2.842916431626535956e-01
7.734620530102622737e-01
2.554784744317105671e-01
3.753383457413096425e-01
4.113184333488565381e-01
2.652685722659682277e-01
6.479506875689436951e-01
5.728552727918891918e-01
6.008053885509189174e-01
4.646175614806773990e-01
7.207740832643424467e-01
3.427983444191562978e-01
5.984724160689297578e-01
2.479873060394371109e-01
5.575339966026248151e-01
4.199259970482538407e-01
4.152490748360011530e-01
4.498532858047538663e-01
4.831035306213379843e-01
1.870652355225108643e-01
4.257278055682512941e-01
1.824625740444541233e-01
2.174077398781524284e-01
4.856844785292777633e-01
3.479938031706796830e-01
4.264957716000346011e-01
2.488242228366430719e-01
4.653535639308675753e-01
5.643427344049778416e-01
5.434781933734582626e-01
3.765645406398209771e-01
1.870156995039635450e-01
3.807392312988102101e-01
3.027489740803160356e-01
2.337069291666465654e-01
2.313321606372353845e-01
4.905685488935484506e-01
2.629885339744992834e-01
2.017073897362630375e-01
3.843080022783560423e-01
5.759234764260310335e-01
5.065075635398128551e-01
3.166925999555060267e-01
2.464946297474046033e-01
7.073380477829961377e-01
2.484814323629021549e-01
2.197774270602206315e-01
6.555464193642250859e-01
4.992479166791666811e-01
3.171884703865873734e-01
4.611315599490199979e-01
7.813839294762563448e-01
5.533197877467417314e-01
2.500855304595017148e-01
4.878706446991379897e-01
4.267708978110283380e-01
4.680475874434151806e-01
1.820645228549663264e-01
2.787380560536998342e-01
3.780352450433224210e-01
4.132892788109646665e-01
5.695626553258174019e-01
5.996398183608732113e-01
3.470315875605609612e-01
4.228118413211299775e-01
1.870406125935958896e-01
4.742052481959426746e-01
3.147845994537457059e-01
6.943928069006334303e-01
6.791094580338594699e-01
3.117557421063076317e-01
2.691479845607026578e-01
4.131511162561012362e-01
4.280072726124473093e-01
3.693340830533958785e-01
5.706241771544964259e-01
4.347511291682270018e-01
5.097278928725278435e-01
4.733386896307014702e-01
4.505483208224085878e-01
6.438852344223402469e-01
4.296704023708445841e-01
4.052260801936096168e-01
2.303115554034074475e-01
4.853969361197087995e-01
5.691796120315804064e-01
2.699440748520023914e-01
2.290084518200448949e-01
5.014314527798744425e-01
2.708238916609675417e-01
2.028962386686932184e-01
3.914613370095905709e-01
5.941583429428016760e-01
5.133318962588139245e-01
3.201765289933456438e-01
2.441704187089911993e-01
6.943311986174733885e-01
2.388638804162636353e-01
3.131925699680945252e-01
2.221719891386574608e-01
6.629985940749073547e-01
4.922581737455211104e-01
2.005219524555218735e-01
3.318291181859890915e-01
4.721860703850772611e-01
7.892909586603564787e-01
5.062558174213898088e-01
5.627937523050683399e-01
2.508834352747520979e-01
4.872319765626703103e-01
2.545941075856168467e-01
4.267863281089866456e-01
4.714894272111216922e-01
4.885126633370034388e-01
5.004164030466670132e-01
1.822335560308115388e-01
2.842916431626535956e-01
7.734620530102622737e-01
2.554784744317105671e-01
3.753383457413096425e-01
4.113184333488565381e-01
2.652685722659682277e-01
6.479506875689436951e-01
5.728552727918891918e-01
6.008053885509189174e-01
4.646175614806773990e-01
7.207740832643424467e-01
3.427983444191562978e-01
5.984724160689297578e-01
2.479873060394371109e-01
5.575339966026248151e-01
4.199259970482538407e-01
4.152490748360011530e-01
4.498532858047538663e-01
4.831035306213379843e-01
1.870652355225108643e-01
4.257278055682512941e-01
1.824625740444541233e-01
2.174077398781524284e-01
4.856844785292777633e-01
3.479938031706796830e-01
4.264957716000346011e-01
2.488242228366430719e-01
4.653535639308675753e-01
5.643427344049778416e-01
5.434781933734582626e-01
3.765645406398209771e-01
1.870156995039635450e-01
3.807392312988102101e-01
3.027489740803160356e-01
2.337069291666465654e-01
2.691479845607026578e-01
4.131511162561012362e-01
4.280414602308055816e-01
3.693337411920644131e-01
5.706236680854572807e-01
4.347493109054619831e-01
5.097278928725278435e-01
4.733394054375785753e-01
4.505483208224085878e-01
6.438852344223402469e-01
4.296704023708445841e-01
4.052254906551802094e-01
2.303115554034074475e-01
4.853969361197087995e-01
5.691796120315804064e-01
2.699440748520023914e-01
2.809762336185409604e-01
7.521007821201080024e-01
3.597044328526712853e-01
2.238660944569910716e-01
4.162554438699865855e-01
5.456194205193871660e-01
6.630300999035882992e-01
4.000977326339405504e-01
4.799566201213407712e-01
5.756163331096361135e-01
5.331690201562024889e-01
7.833296605075128483e-01
2.630774490382818964e-01
5.159592685457143890e-01
4.114435461256771287e-01
2.743001047135084081e-01
2.049818823714979754e-01
5.196849977557664868e-01
7.126690236270247780e-01
1.687102381738935786e-01
4.836157672393426310e-01
6.213533756042051159e-01
5.150196318890540859e-01
6.971616176673969267e-01
7.892986845766221116e-01
4.735571466181210942e-01
6.027258610883348133e-01
4.867160762695788012e-01
1.800360855431261398e-01
8.184409813735817885e-01
4.652775401996198656e-01
2.035854639691427048e-01
2.261412693601237145e-01
6.447028253264917019e-01
4.864036784236587252e-01
2.642947306553766196e-01
7.507480550235023919e-01
5.885468632916635023e-01
5.798710874750411248e-01
4.977336528634888069e-01
9.141002947647653976e-01
5.672642524555389087e-01
5.747088865461278395e-01
6.298571376345778461e-01
1.898535624439130765e-01
9.276347211580138197e-01
7.665306622666832048e-01
2.270780316485391248e-01
2.229247240110086570e-01
8.025530675032181982e-01
7.570300831494081173e-01
2.247699961379139855e-01
7.070941176729426125e-01
5.786529846073048544e-01
6.315392147362390851e-01
7.823164936099136213e-01
7.565757824999117531e-01
5.373745548834981678e-01
5.655196386809481224e-01
7.970390797230351154e-01
2.357068093797242969e-01
7.560901461948148494e-01
6.865036794292569411e-01
2.248904858834547271e-01
1.993137742502085474e-01
6.875467866996414212e-01
7.150874646815188473e-01
1.887443971239804730e-01
5.943531347179482616e-01
5.435284979581367359e-01
5.966215089737421096e-01
6.903634825074822512e-01
7.764322311787581476e-01
5.752314127758195728e-01
5.239475676158499295e-01
7.081881147747233207e-01
1.872500308496559962e-01
7.708288774869174187e-01
6.238330566643737196e-01
2.003782138988634831e-01
2.290084518200448949e-01
5.014314527798744425e-01
2.708238916609675417e-01
2.028962386686931907e-01
3.914613370095906819e-01
5.941583429428017871e-01
5.133318962588139245e-01
3.201765289933455327e-01
2.441704187089911993e-01
6.943311986174736106e-01
2.388638804162635521e-01
3.131925699680945252e-01
2.221719891386574608e-01
6.629985940749074658e-01
4.922581737455210549e-01
2.005219524555218458e-01
3.318291181859890360e-01
4.721860703850772611e-01
7.892909586603564787e-01
5.062558174213898088e-01
5.627937523050683399e-01
2.508834352747521534e-01
4.872319765626701993e-01
2.545941075856169578e-01
4.267863281089866456e-01
4.714894272111216922e-01
4.885126633370034943e-01
5.004164030466670132e-01
1.822335560308114832e-01
2.842916431626535401e-01
7.734620530102624958e-01
2.554784744317105671e-01
3.753383457413096980e-01
4.113184333488566491e-01
2.652685722659682277e-01
6.479506875689434731e-01
5.728552727918891918e-01
6.008053885509190284e-01
4.646175614806773990e-01
7.207740832643424467e-01
3.427983444191563533e-01
5.984724160689296468e-01
2.479873060394370554e-01
5.575339966026248151e-01
4.199259970482539517e-01
4.152490748360011530e-01
4.498532858047538663e-01
4.831035306213378733e-01
1.870652355225108365e-01
4.257278055682512941e-01
1.824625740444540956e-01
2.174077398781524839e-01
4.856844785292775413e-01
3.479938031706796830e-01
4.264957716000346011e-01
2.488242228366430164e-01
4.653535639308674643e-01
5.643427344049780636e-01
5.434781933734584847e-01
3.765645406398210326e-01
1.870156995039635173e-01
3.807392312988100991e-01
3.027489740803160356e-01
2.337069291666465654e-01
