5.509454491709567803e-01
6.854799135122562337e-01
8.640474699467717290e-01
6.194582099885053150e-01
6.143574713926127639e-01
1.893977365411730895e-01
1.121932738675810448e-01
8.203305904013100669e-01
8.288434142081042566e-01
3.835071585297619157e-01
2.357604685832619118e-01
8.338738948113834093e-01
4.677627920868720479e-01
6.504716210207192040e-01
6.277933271013746985e-01
6.108128794382293725e-01
8.704818459045924328e-01
1.263523725167878253e-01
2.760526933884531742e-01
6.263371868717599877e-01
3.125963924473888489e-01
9.792852688517894588e-02
3.909691021164707347e-02
2.432953401818100103e-01
1.229926947581552327e-01
4.536403399448527690e-02
4.012149605208639724e-02
1.060811316794772752e-01
7.962100156563508557e-01
2.982612082508486195e-01
2.563660159491785162e-01
8.043588392984004631e-01
7.785535372143145283e-01
1.804639435556099347e-01
2.994531601105205332e-01
6.447780882858856755e-01
3.328666632749647247e-01
1.431902584321697869e-01
4.554482470790496146e-02
3.988494115723381084e-01
3.166351503337103135e-01
1.438888045622926382e-01
9.835114776733924757e-02
1.632360178261285100e-01
5.663932455086030382e-01
1.824243792979243217e-01
1.236348050750433192e-01
6.862659700655178163e-01
5.297727389525619390e-01
5.762522840035315674e-01
8.113965414692089206e-01
4.565557695683327699e-01
7.298250497519658264e-01
3.079987016126932153e-01
1.201001979652523421e-01
8.113177368986652649e-01
7.237303879308903953e-01
3.341344261957870931e-01
3.041077358787139251e-01
6.112773977129295488e-01
5.306768065661381373e-01
7.593713017834673451e-01
8.430276541251263689e-01
5.585962946051105105e-01
5.547292999129771474e-01
6.848267470157991532e-01
8.335705031782297825e-01
6.151293334031197046e-01
6.130847427241192804e-01
1.763720993274159321e-01
1.085059689020514695e-01
8.270866311128830528e-01
8.200907096376131022e-01
3.910537773593266708e-01
2.412438464146210437e-01
4.621300240120470582e-01
6.476520128151423972e-01
6.270662014425119057e-01
8.566597977400520758e-01
1.250072031521076155e-01
2.662185875765087362e-01
3.084328457561344994e-01
9.838440465320560935e-02
3.960786288366585639e-02
1.215787138324098127e-01
4.545458475485929239e-02
8.036409953521997940e-01
3.029503624468818934e-01
7.689750048063002108e-01
1.814469169199148524e-01
3.340698414893360502e-01
1.435392572103073305e-01
3.137243823484331395e-01
5.712971732543374870e-01
5.302221249394912794e-01
7.260884681159556209e-01
7.406316441270722750e-01
2.611173359954745976e-01
2.563795652654013990e-01
7.419148979304149849e-01
6.703936466247338855e-01
1.748655481626335551e-01
8.336321692468307010e-01
7.016741660765849486e-01
4.857628891168419560e-01
1.603270425256891341e-01
7.422329433630593665e-02
8.270668991509739776e-01
5.218250168578195680e-01
1.715262195527925415e-01
1.584792052480900604e-01
1.892063222585218529e-01
5.882605247946267601e-01
5.253015675409500318e-01
5.021777592432514759e-01
6.744158455386779494e-01
5.509454491709567803e-01
6.854799135122562337e-01
8.640474699467717290e-01
6.194582099885053150e-01
6.143574713926127639e-01
1.893977365411730895e-01
1.121932738675810448e-01
8.203305904013100669e-01
8.288434142081042566e-01
3.835071585297619157e-01
2.357604685832619118e-01
8.338738948113834093e-01
4.677627920868720479e-01
6.504716210207192040e-01
6.277933271013746985e-01
6.108128794382293725e-01
8.704818459045924328e-01
1.263523725167878253e-01
2.760526933884531742e-01
6.263371868717599877e-01
3.125963924473888489e-01
9.792852688517894588e-02
3.909691021164707347e-02
2.432953401818100103e-01
1.229926947581552327e-01
4.536403399448527690e-02
4.012149605208639724e-02
1.060811316794772752e-01
7.962100156563508557e-01
2.982612082508486195e-01
2.563660159491785162e-01
8.043588392984004631e-01
7.785535372143145283e-01
1.804639435556099347e-01
2.994531601105205332e-01
6.447780882858856755e-01
3.328666632749647247e-01
1.431902584321697869e-01
4.554482470790496146e-02
3.988494115723381084e-01
3.166351503337103135e-01
1.438888045622926382e-01
9.835114776733924757e-02
1.632360178261285100e-01
5.663932455086030382e-01
1.824243792979243217e-01
1.236348050750433192e-01
6.862659700655178163e-01
5.297727389525619390e-01
5.762522840035315674e-01
8.113965414692089206e-01
4.565557695683327699e-01
7.298250497519658264e-01
3.079987016126932153e-01
1.201001979652523421e-01
8.113177368986652649e-01
7.237303879308903953e-01
3.341344261957870931e-01
3.041077358787139251e-01
6.112773977129295488e-01
5.306768065661381373e-01
7.593713017834673451e-01
8.430276541251263689e-01
5.585962946051105105e-01
6.703936466247338855e-01
1.748655481626335551e-01
8.336987566631599567e-01
7.016740043648703740e-01
4.857624557548199107e-01
1.603263719887495220e-01
7.422329433630593665e-02
8.270681498836673917e-01
5.218250168578195680e-01
1.715262195527925415e-01
1.584792052480900604e-01
1.892060469939138567e-01
5.882605247946267601e-01
5.253015675409500318e-01
5.021777592432514759e-01
6.744158455386779494e-01
6.688903276337349046e-01
3.792582226561007630e-01
5.163439279226229583e-01
6.735064621257125239e-01
6.288969447100736243e-01
1.567365149760412968e-01
1.179116659246374210e-01
5.300982660587361117e-01
6.246290456085115128e-01
1.687831341475003466e-01
1.561643851641356107e-01
4.043481226985949917e-01
6.032708831707158659e-01
6.359680497491801976e-01
6.538898543618383297e-01
6.524712481834211708e-01
6.165162436775718513e-01
5.430369180241902960e-01
6.438737441528981087e-01
6.262925286853437967e-01
5.951852050661101678e-01
1.438815274377756581e-01
1.387459979710792546e-01
5.882835436095448234e-01
5.651225561535220265e-01
1.435075103242600680e-01
1.363235965142285677e-01
5.246059735335066865e-01
6.425170128788578738e-01
5.670945816931562966e-01
5.858067822131414193e-01
6.198605945619766189e-01
6.804870708606770568e-01
5.477386080136952273e-01
6.323432091244969300e-01
6.280748941805873731e-01
5.431122684761469088e-01
1.661317810027133079e-01
1.642654964375138138e-01
6.117408028060715708e-01
4.724696975707347590e-01
1.710941647370685659e-01
1.648747171571779691e-01
5.456576043901715245e-01
6.477686277437572082e-01
4.724453888577968552e-01
5.666888777171172897e-01
6.867875621552439469e-01
6.382386383420947107e-01
5.629492380445104693e-01
4.037215277766805777e-01
7.116681459268286991e-01
6.315282339837753334e-01
1.680136579544448949e-01
1.834643425786278148e-01
4.121828118997585833e-01
7.287547063755894783e-01
1.529871160952235853e-01
1.660244448505215353e-01
5.684059576962674498e-01
6.559842242294655623e-01
6.838808009234673690e-01
6.395423705226699340e-01
6.440902576932219237e-01
6.163374705944336673e-01
5.978861528434540329e-01
6.302654151219242440e-01
6.602430774037544303e-01
6.380736177658365982e-01
1.443067913153787685e-01
1.531846968037461343e-01
5.602184633747990805e-01
7.195114185897186765e-01
1.518908385525927218e-01
1.362213503266471171e-01
6.328320758934662393e-01
6.265136212063311394e-01
6.683380045856364138e-01
6.871891717855460602e-01
6.219747645382003309e-01
5.509454491709568913e-01
6.854799135122563447e-01
8.640474699467717290e-01
6.194582099885053150e-01
6.143574713926127639e-01
1.893977365411730895e-01
1.121932738675810726e-01
8.203305904013100669e-01
8.288434142081042566e-01
3.835071585297620822e-01
2.357604685832618840e-01
8.338738948113836313e-01
4.677627920868721034e-01
6.504716210207193150e-01
6.277933271013745875e-01
6.108128794382293725e-01
8.704818459045924328e-01
1.263523725167878253e-01
2.760526933884531187e-01
6.263371868717599877e-01
3.125963924473888489e-01
9.792852688517895976e-02
3.909691021164705960e-02
2.432953401818100658e-01
1.229926947581552604e-01
4.536403399448526996e-02
4.012149605208639724e-02
1.060811316794772752e-01
7.962100156563508557e-01
2.982612082508485640e-01
2.563660159491786272e-01
8.043588392984004631e-01
7.785535372143144173e-01
1.804639435556099070e-01
2.994531601105204777e-01
6.447780882858854534e-01
3.328666632749646692e-01
1.431902584321697869e-01
4.554482470790495452e-02
3.988494115723382194e-01
3.166351503337103690e-01
1.438888045622925826e-01
9.835114776733924757e-02
1.632360178261285100e-01
5.663932455086031492e-01
1.824243792979243217e-01
1.236348050750432637e-01
6.862659700655180384e-01
5.297727389525619390e-01
5.762522840035315674e-01
8.113965414692090317e-01
4.565557695683328809e-01
7.298250497519658264e-01
3.079987016126932153e-01
1.201001979652523560e-01
8.113177368986652649e-01
7.237303879308902843e-01
3.341344261957870931e-01
3.041077358787139251e-01
6.112773977129296599e-01
5.306768065661381373e-01
7.593713017834673451e-01
8.430276541251263689e-01
5.585962946051106215e-01
