3.572749717306393236e-01
5.346449806373181346e-01
9.117677337125693615e-01
2.614552406337860013e-01
4.504290426164223038e-01
4.739337335755429148e-01
3.453901405354133924e-01
6.451189563851342790e-01
5.141387041110632161e-01
6.265099894386371160e-01
2.994073978517145518e-01
6.587245102662465657e-01
1.783682326251402606e-01
5.139137953383325907e-01
4.908968778686890189e-01
2.627360887363084374e-01
7.521080414254022184e-01
2.177473951218570347e-01
6.133033426136652588e-01
4.781648905032601093e-01
6.164182742547605898e-01
2.345610194740224141e-01
3.256975141307643651e-01
3.006089258416227983e-01
2.311180946637861333e-01
1.592189706352080125e-01
3.254227554161651659e-01
3.492913609192987989e-01
3.530068966764458582e-01
1.873464198950744453e-01
5.799471852423135898e-01
8.562441462807184323e-01
6.306373823722396521e-01
5.171949968364868422e-01
1.736433462162899066e-01
5.290003325173645576e-01
3.896750791930221336e-01
4.801972774306158542e-01
1.563105068704410405e-01
6.463814815374577805e-01
4.121391053706118801e-01
4.808288496465396578e-01
2.304914641462189884e-01
4.728236753353112221e-01
4.815674305524145771e-01
5.388553300636981236e-01
2.175856211298137777e-01
5.435867471351469860e-01
2.391840852294163933e-01
4.692884310120515323e-01
3.648383638570942278e-01
1.753317761358811067e-01
6.959920066171509934e-01
4.167285734959166876e-01
2.362072790197948802e-01
5.077822881009322886e-01
7.035546446381767405e-01
3.802905477007819113e-01
6.144321770993190768e-01
4.587995292779812329e-01
2.377589902379935449e-01
6.311106212003616545e-01
7.387168543328150871e-01
3.582814137783818520e-01
3.577727241061024466e-01
5.375840559021625165e-01
8.834174346581390447e-01
2.620965849211098209e-01
4.547077650146991168e-01
4.733810475658473127e-01
3.468933963992795189e-01
6.519060500766801214e-01
5.109641716532589140e-01
6.362844714543065550e-01
3.021729723200689555e-01
1.768420774715300792e-01
5.213851011171659611e-01
4.845391421826328315e-01
7.453661335061697590e-01
2.176673185744434358e-01
5.966409077217655899e-01
6.154441262051666417e-01
2.331421806521424833e-01
3.255604941819773002e-01
2.337426280654185395e-01
1.577622387022543649e-01
3.586277461329676619e-01
1.831064159344291675e-01
6.308736912981853795e-01
5.280556081611816888e-01
3.856329125482794717e-01
4.805128155492283115e-01
4.163874516049604901e-01
4.754598038739284438e-01
2.384757115308438757e-01
6.990005521456672533e-01
4.630812752279359623e-01
5.381169615800717176e-01
5.338900411737790286e-01
4.650088568563434110e-01
4.461259775692276719e-01
3.880925552933862654e-01
7.862940143527319403e-01
3.562828684530722212e-01
6.052732963371669772e-01
3.852734179377326207e-01
2.669975906307506808e-01
7.797901098338626547e-01
5.269102908498819460e-01
3.953812642621384876e-01
3.846599858141035999e-01
4.421191529018064781e-01
2.680617679660662889e-01
5.485709325576999529e-01
6.371156396297257274e-01
4.496504388677750597e-01
3.572749717306393236e-01
5.346449806373181346e-01
9.117677337125693615e-01
2.614552406337860013e-01
4.504290426164223038e-01
4.739337335755429148e-01
3.453901405354133924e-01
6.451189563851342790e-01
5.141387041110632161e-01
6.265099894386371160e-01
2.994073978517145518e-01
6.587245102662465657e-01
1.783682326251402606e-01
5.139137953383325907e-01
4.908968778686890189e-01
2.627360887363084374e-01
7.521080414254022184e-01
2.177473951218570347e-01
6.133033426136652588e-01
4.781648905032601093e-01
6.164182742547605898e-01
2.345610194740224141e-01
3.256975141307643651e-01
3.006089258416227983e-01
2.311180946637861333e-01
1.592189706352080125e-01
3.254227554161651659e-01
3.492913609192987989e-01
3.530068966764458582e-01
1.873464198950744453e-01
5.799471852423135898e-01
8.562441462807184323e-01
6.306373823722396521e-01
5.171949968364868422e-01
1.736433462162899066e-01
5.290003325173645576e-01
3.896750791930221336e-01
4.801972774306158542e-01
1.563105068704410405e-01
6.463814815374577805e-01
4.121391053706118801e-01
4.808288496465396578e-01
2.304914641462189884e-01
4.728236753353112221e-01
4.815674305524145771e-01
5.388553300636981236e-01
2.175856211298137777e-01
5.435867471351469860e-01
2.391840852294163933e-01
4.692884310120515323e-01
3.648383638570942278e-01
1.753317761358811067e-01
6.959920066171509934e-01
4.167285734959166876e-01
2.362072790197948802e-01
5.077822881009322886e-01
7.035546446381767405e-01
3.802905477007819113e-01
6.144321770993190768e-01
4.587995292779812329e-01
2.377589902379935449e-01
6.311106212003616545e-01
7.387168543328150871e-01
3.582814137783818520e-01
4.461259775692276719e-01
3.880925552933862654e-01
7.863568205744952966e-01
3.562825195171464010e-01
6.052727563567250613e-01
3.852718066059541702e-01
2.669975906307506808e-01
7.797912890721874213e-01
5.269102908498819460e-01
3.953812642621384876e-01
3.846599858141035999e-01
4.421185096899211686e-01
2.680617679660662889e-01
5.485709325576999529e-01
6.371156396297257274e-01
4.496504388677750597e-01
3.849470795117769795e-01
5.593813525235857842e-01
7.257597407680156376e-01
3.472244958136864179e-01
6.282245691271541865e-01
2.798202998535643804e-01
4.663112536965501320e-01
7.412507737146643017e-01
6.093564832537887721e-01
5.352111890178286036e-01
2.726185589585667923e-01
6.317497521398647287e-01
3.603313795222338189e-01
6.289965183051104969e-01
6.757144509023118584e-01
3.752732985513227426e-01
3.473889813206088029e-01
5.857780140637360855e-01
6.056699681864485818e-01
3.336212729737509930e-01
4.562199316878441380e-01
3.842843611165265849e-01
4.814023241054220525e-01
5.740311909080706432e-01
8.203841440759598314e-01
3.869486565961995916e-01
3.791846574772277378e-01
5.646538076029508080e-01
3.309558749789837107e-01
8.282037201828380546e-01
4.561828625078943045e-01
3.533191018952065443e-01
3.608119798292169778e-01
6.384597111582359652e-01
7.226094762041337383e-01
3.797063178644460302e-01
6.447262509142523967e-01
4.286935333643945301e-01
4.166298082946547909e-01
7.034703134653956802e-01
1.000000000000000000e+00
3.660897677906116976e-01
4.239105957593090057e-01
6.636373057003051024e-01
3.300471253650625325e-01
9.800520829912124920e-01
6.954643553155746005e-01
3.669997598094792424e-01
3.489174808091347058e-01
7.244785463696894467e-01
1.000000000000000000e+00
3.472891029005461538e-01
9.068030158042366118e-01
3.997961664987829122e-01
3.757505384388233338e-01
9.773396991966767366e-01
7.716171330661327765e-01
4.219698410490952956e-01
3.970557631842028257e-01
7.689118027299239877e-01
3.553931462520771856e-01
7.473259075340812352e-01
9.282511476699530917e-01
3.556426502479175245e-01
3.224165031128470860e-01
7.340707943533886226e-01
9.095776832372293175e-01
3.214303325403455869e-01
6.259706259000274997e-01
4.015968128300332340e-01
3.937821695085780838e-01
8.424809874012215705e-01
8.549921514636813491e-01
3.882077517906474262e-01
3.944204880591188900e-01
7.895182364625097371e-01
3.421921691316169856e-01
8.222121217087774436e-01
6.835672305583717634e-01
3.296009528552137358e-01
3.572749717306393791e-01
5.346449806373182456e-01
9.117677337125693615e-01
2.614552406337860013e-01
4.504290426164224148e-01
4.739337335755430258e-01
3.453901405354134480e-01
6.451189563851342790e-01
5.141387041110632161e-01
6.265099894386372270e-01
2.994073978517144963e-01
6.587245102662465657e-01
1.783682326251402883e-01
5.139137953383325907e-01
4.908968778686888523e-01
2.627360887363084374e-01
7.521080414254022184e-01
2.177473951218570347e-01
6.133033426136651478e-01
4.781648905032599983e-01
6.164182742547605898e-01
2.345610194740224697e-01
3.256975141307643096e-01
3.006089258416227983e-01
2.311180946637861333e-01
1.592189706352079848e-01
3.254227554161652214e-01
3.492913609192987434e-01
3.530068966764458582e-01
1.873464198950744730e-01
5.799471852423137008e-01
8.562441462807184323e-01
6.306373823722395411e-01
5.171949968364869532e-01
1.736433462162898789e-01
5.290003325173644466e-01
3.896750791930221891e-01
4.801972774306158542e-01
1.563105068704410128e-01
6.463814815374577805e-01
4.121391053706120466e-01
4.808288496465395467e-01
2.304914641462189329e-01
4.728236753353112221e-01
4.815674305524145771e-01
5.388553300636981236e-01
2.175856211298137777e-01
5.435867471351469860e-01
2.391840852294163933e-01
4.692884310120515323e-01
3.648383638570942278e-01
1.753317761358811344e-01
6.959920066171507713e-01
4.167285734959166876e-01
2.362072790197948802e-01
5.077822881009321776e-01
7.035546446381766295e-01
3.802905477007819113e-01
6.144321770993190768e-01
4.587995292779812884e-01
2.377589902379935449e-01
6.311106212003618765e-01
7.387168543328149761e-01
3.582814137783818520e-01
