5.955751593859286430e-01
8.107219083731402876e-01
6.069160088739929959e-01
7.045460790339330703e-01
9.260382460996108289e-01
2.494657458397778749e-01
2.896903996995713326e-01
7.346610038492356054e-01
5.072773203763463190e-01
1.839085553976749776e-01
8.820652584036345334e-02
7.681270373400227447e-01
6.550842613914676926e-01
6.594950679438204011e-01
9.192869453451253392e-01
7.018151408749998543e-01
7.650884582075898610e-01
2.992351787270409180e-01
1.677207284573943302e-01
9.100098602664767888e-01
2.036435957905676220e-01
4.060929666861284870e-02
5.340004198560095727e-02
8.429461497748816368e-02
1.583669189484694095e-01
6.702912529615218107e-02
5.539480031326580317e-02
2.802598147358971170e-01
6.486508919554850872e-01
7.141498512959718048e-02
1.424296487819317336e-01
5.476907148181802132e-01
6.390590787304016862e-01
1.693356040672358287e-01
6.946993112951593830e-02
6.707947271635931186e-01
2.484744783829948567e-01
8.340119079959971982e-02
6.658510777713090578e-02
1.879658644115044241e-01
1.290243485353717023e-01
8.511167338302695617e-02
4.575014571995109774e-02
2.463495335953457266e-01
8.838149330372144785e-01
1.756242663574982266e-01
3.096555807814605488e-01
8.083305589331697405e-01
6.502153308774699658e-01
8.815413115990989867e-01
6.764620270428173265e-01
6.456176817372940580e-01
8.217369125372171457e-01
1.154178605168160732e-01
1.560639423457101937e-01
4.860669798569674516e-01
8.228534950770188816e-01
2.416226765801212095e-01
2.055396745433747951e-01
9.239362195200333527e-01
6.568505393880578191e-01
6.178054926905327537e-01
7.335372788566081326e-01
5.984794089816818374e-01
5.970115035236427392e-01
8.088907008975976254e-01
5.766756213966940381e-01
7.031786478890402758e-01
9.253656517747815835e-01
2.479142174169263191e-01
2.844603132383362043e-01
7.513554439853116218e-01
4.966844148282307247e-01
1.859042834381497977e-01
8.688100306823132168e-02
6.503262583120941187e-01
6.650909981580030994e-01
9.146544199447899093e-01
7.492037465343983627e-01
3.043931760580135260e-01
1.550870499510032530e-01
2.045735912914742327e-01
4.325168392871244633e-02
5.439481183047316371e-02
1.572595862031622715e-01
6.680673486908733638e-02
6.622668094050029319e-01
7.142876858323890521e-02
6.284462300140301050e-01
1.724887742502782262e-01
2.454618041612498525e-01
8.425576046350542747e-02
1.227171174231261042e-01
8.826840240485329669e-01
6.535135020321887200e-01
8.218414258778983239e-01
8.056252619210494403e-01
1.932553271684456231e-01
1.957779543280412371e-01
8.053776424689563784e-01
6.966342009068849928e-01
5.277050998947354632e-01
2.935284476593378322e-01
8.753399308197137296e-01
5.495307125431825312e-01
8.849551191931231964e-02
1.215565735839172906e-01
2.892979308084695500e-01
3.194650278730246651e-01
1.146524252470841609e-01
9.272283714329439264e-02
5.629048113421504240e-01
7.380476775821365187e-01
3.195821772680051964e-01
5.727050041060410823e-01
6.988442633270203208e-01
5.955751593859286430e-01
8.107219083731402876e-01
6.069160088739929959e-01
7.045460790339330703e-01
9.260382460996108289e-01
2.494657458397778749e-01
2.896903996995713326e-01
7.346610038492356054e-01
5.072773203763463190e-01
1.839085553976749776e-01
8.820652584036345334e-02
7.681270373400227447e-01
6.550842613914676926e-01
6.594950679438204011e-01
9.192869453451253392e-01
7.018151408749998543e-01
7.650884582075898610e-01
2.992351787270409180e-01
1.677207284573943302e-01
9.100098602664767888e-01
2.036435957905676220e-01
4.060929666861284870e-02
5.340004198560095727e-02
8.429461497748816368e-02
1.583669189484694095e-01
6.702912529615218107e-02
5.539480031326580317e-02
2.802598147358971170e-01
6.486508919554850872e-01
7.141498512959718048e-02
1.424296487819317336e-01
5.476907148181802132e-01
6.390590787304016862e-01
1.693356040672358287e-01
6.946993112951593830e-02
6.707947271635931186e-01
2.484744783829948567e-01
8.340119079959971982e-02
6.658510777713090578e-02
1.879658644115044241e-01
1.290243485353717023e-01
8.511167338302695617e-02
4.575014571995109774e-02
2.463495335953457266e-01
8.838149330372144785e-01
1.756242663574982266e-01
3.096555807814605488e-01
8.083305589331697405e-01
6.502153308774699658e-01
8.815413115990989867e-01
6.764620270428173265e-01
6.456176817372940580e-01
8.217369125372171457e-01
1.154178605168160732e-01
1.560639423457101937e-01
4.860669798569674516e-01
8.228534950770188816e-01
2.416226765801212095e-01
2.055396745433747951e-01
9.239362195200333527e-01
6.568505393880578191e-01
6.178054926905327537e-01
7.335372788566081326e-01
5.984794089816818374e-01
6.966342009068849928e-01
5.277050998947354632e-01
2.935518936126848555e-01
8.753398632459699069e-01
5.495302222921856217e-01
8.849514180389828066e-02
1.215565735839172906e-01
2.892983682995364791e-01
3.194650278730246651e-01
1.146524252470841609e-01
9.272283714329439264e-02
5.629039924066605582e-01
7.380476775821365187e-01
3.195821772680051964e-01
5.727050041060410823e-01
6.988442633270203208e-01
7.535219135347892561e-01
3.447015927880154873e-01
4.764925166591964523e-01
7.284580496683280559e-01
4.412464962082376374e-01
1.185775598893907684e-01
8.859013939527987658e-02
4.667894051968706215e-01
4.598819557310556139e-01
1.238576905609231477e-01
1.229470850581827063e-01
3.867476956854605241e-01
7.267902106971095844e-01
4.486812399515123229e-01
4.684125152379730039e-01
7.329073539954606975e-01
6.889353164313417599e-01
4.414669046289250165e-01
6.288675549279489907e-01
7.129141804636561774e-01
4.607230345956421225e-01
1.015315952458549220e-01
8.002782037170505514e-02
5.535883328285688965e-01
5.242288260443155323e-01
8.910672545555298196e-02
9.979574475134936340e-02
4.368587891085402575e-01
7.347986041322673856e-01
5.007236342088634551e-01
4.692036686437550674e-01
6.895154373238860934e-01
7.424117586500381671e-01
3.078026059553735649e-01
5.621459830418960024e-01
7.544797946136732048e-01
4.001531087749738980e-01
1.192977177054486554e-01
1.221671962140622736e-01
5.008573096086763599e-01
4.062880469689971186e-01
1.425622408533979146e-01
1.216770707540958396e-01
3.303038074748352315e-01
7.451527281791917590e-01
3.879680428294691730e-01
4.344408503030119384e-01
7.450712019645571171e-01
7.480168061061354123e-01
3.735885715657905060e-01
4.828367498368795196e-01
7.409038611576377331e-01
4.140732764761088092e-01
1.145809316815996071e-01
1.255278061909723131e-01
4.452283302909698648e-01
6.384940691384723976e-01
1.226760192074371064e-01
1.166939369356192607e-01
4.061198622658306334e-01
7.249000520149498916e-01
5.718322855032247354e-01
4.280303425273777052e-01
7.520532022958179574e-01
7.159215619472338865e-01
4.933128049689676775e-01
6.593894185748403469e-01
7.060071782655994443e-01
4.644918069903809510e-01
1.023663878623042867e-01
9.446992039299162425e-02
5.689435034683694159e-01
6.017053559348739533e-01
1.028844121582999371e-01
1.013876316152949042e-01
5.451184431477944514e-01
7.136642969797136749e-01
5.357017063050968364e-01
5.190259098070464372e-01
7.163651997369374635e-01
5.955751593859286430e-01
8.107219083731403986e-01
6.069160088739929959e-01
7.045460790339330703e-01
9.260382460996108289e-01
2.494657458397779859e-01
2.896903996995713326e-01
7.346610038492356054e-01
5.072773203763463190e-01
1.839085553976750886e-01
8.820652584036345334e-02
7.681270373400227447e-01
6.550842613914676926e-01
6.594950679438205121e-01
9.192869453451252282e-01
7.018151408749998543e-01
7.650884582075898610e-01
2.992351787270409180e-01
1.677207284573942747e-01
9.100098602664767888e-01
2.036435957905677330e-01
4.060929666861284870e-02
5.340004198560094339e-02
8.429461497748819143e-02
1.583669189484694095e-01
6.702912529615218107e-02
5.539480031326581011e-02
2.802598147358971170e-01
6.486508919554850872e-01
7.141498512959715272e-02
1.424296487819317891e-01
5.476907148181802132e-01
6.390590787304017972e-01
1.693356040672358009e-01
6.946993112951596605e-02
6.707947271635928965e-01
2.484744783829948012e-01
8.340119079959970594e-02
6.658510777713090578e-02
1.879658644115044241e-01
1.290243485353717301e-01
8.511167338302694230e-02
4.575014571995109081e-02
2.463495335953456156e-01
8.838149330372147006e-01
1.756242663574982821e-01
3.096555807814605488e-01
8.083305589331697405e-01
6.502153308774699658e-01
8.815413115990989867e-01
6.764620270428174376e-01
6.456176817372941690e-01
8.217369125372171457e-01
1.154178605168160732e-01
1.560639423457101937e-01
4.860669798569675071e-01
8.228534950770185485e-01
2.416226765801212095e-01
2.055396745433747951e-01
9.239362195200335748e-01
6.568505393880578191e-01
6.178054926905327537e-01
7.335372788566080215e-01
5.984794089816818374e-01
