7.168353097737065749e-01
6.657557845813335540e-01
8.146457847004520136e-01
7.369420546281517659e-01
5.961382886873087816e-01
8.959825516254976696e-02
7.473917879538591325e-03
9.318755674978660419e-01
7.084020348098827302e-01
2.222287312354451760e-01
1.529718257229602252e-01
9.041783194702789350e-01
8.781541908717530598e-01
5.503780182009053723e-01
6.102196721040675786e-01
7.649960028374073184e-01
4.889997730334510462e-01
4.590509561709771313e-02
8.117587154564193108e-02
7.141727263783359536e-01
1.254676507033308797e-01
5.021254746546201242e-02
1.158443402300366951e-02
2.100455349817634543e-01
6.867758045791216154e-03
5.919104031119564943e-03
7.814669833184110029e-03
1.324240647201718746e-02
9.740890181545621695e-01
2.333887665867035444e-01
8.830340665224686858e-02
8.979514295696349180e-01
6.748183813632823158e-01
1.708147056577333234e-02
1.614328171030777193e-01
4.541296992430937651e-01
3.640062648128428169e-02
4.430424642524341539e-02
5.054921092864723270e-03
2.360776542462444949e-01
2.423656850183938949e-01
4.391951303300675735e-02
4.515034819041966602e-02
3.363568825923807237e-02
7.059808508612698263e-01
3.891156014266353158e-02
2.217886528094803467e-02
6.537503292434088120e-01
8.500759828628211556e-01
7.477227412660130135e-01
9.152453718051211107e-01
9.012934950441001680e-01
5.136620769343691606e-01
3.008194367140717973e-01
7.971932444569132525e-03
9.313469759438661733e-01
4.725272554115400592e-01
4.017073861269065960e-02
9.029197174362502132e-02
6.106388992582709729e-01
8.739674596952016206e-01
8.291933254874370718e-01
4.980271280097604558e-01
8.058754218730390662e-01
7.608715534981751460e-01
6.586146560380323756e-01
8.571815799219381082e-01
7.509891843271772061e-01
6.034793072884550025e-01
6.173509747123345770e-02
9.679563897258561256e-03
9.180588703605165879e-01
8.197455892287646151e-01
2.290408039390083861e-01
1.827117093965019978e-01
8.897842499351708012e-01
5.027129633842211121e-01
6.621287750480913115e-01
4.935446722708155542e-01
3.416084312964240421e-02
8.473629633712392861e-02
1.082145576419665245e-01
4.783816260393306680e-02
9.704483110503103055e-03
7.423968864401674778e-03
5.486269729616619073e-03
9.450146105544373620e-01
2.008179107342052960e-01
7.519045692900938604e-01
2.802719866657779613e-02
3.835340298061529207e-02
4.411203079622587342e-02
2.731698106373698920e-01
7.267434449641858585e-01
8.619517482749330384e-01
4.918481209512564067e-01
8.712189418451808942e-01
1.152916182010741419e-01
6.748729219862958928e-02
9.466617707402135151e-01
7.788675893190615263e-01
5.926823010573789574e-02
5.861153715196678604e-01
9.399998651812900841e-01
1.030516675943218274e-01
9.408671536366042254e-02
8.283573894520338682e-03
8.121882862073528386e-01
2.073515299523482902e-01
4.010353321176626795e-02
7.211084814875458326e-02
5.199278391233952412e-02
9.467424096508090248e-01
3.896169062114436255e-01
6.729305482289160700e-02
8.546434763074477470e-01
7.168353097737065749e-01
6.657557845813335540e-01
8.146457847004520136e-01
7.369420546281517659e-01
5.961382886873087816e-01
8.959825516254976696e-02
7.473917879538591325e-03
9.318755674978660419e-01
7.084020348098827302e-01
2.222287312354451760e-01
1.529718257229602252e-01
9.041783194702789350e-01
8.781541908717530598e-01
5.503780182009053723e-01
6.102196721040675786e-01
7.649960028374073184e-01
4.889997730334510462e-01
4.590509561709771313e-02
8.117587154564193108e-02
7.141727263783359536e-01
1.254676507033308797e-01
5.021254746546201242e-02
1.158443402300366951e-02
2.100455349817634543e-01
6.867758045791216154e-03
5.919104031119564943e-03
7.814669833184110029e-03
1.324240647201718746e-02
9.740890181545621695e-01
2.333887665867035444e-01
8.830340665224686858e-02
8.979514295696349180e-01
6.748183813632823158e-01
1.708147056577333234e-02
1.614328171030777193e-01
4.541296992430937651e-01
3.640062648128428169e-02
4.430424642524341539e-02
5.054921092864723270e-03
2.360776542462444949e-01
2.423656850183938949e-01
4.391951303300675735e-02
4.515034819041966602e-02
3.363568825923807237e-02
7.059808508612698263e-01
3.891156014266353158e-02
2.217886528094803467e-02
6.537503292434088120e-01
8.500759828628211556e-01
7.477227412660130135e-01
9.152453718051211107e-01
9.012934950441001680e-01
5.136620769343691606e-01
3.008194367140717973e-01
7.971932444569132525e-03
9.313469759438661733e-01
4.725272554115400592e-01
4.017073861269065960e-02
9.029197174362502132e-02
6.106388992582709729e-01
8.739674596952016206e-01
8.291933254874370718e-01
4.980271280097604558e-01
8.058754218730390662e-01
7.788675893190615263e-01
5.926823010573789574e-02
5.861621882209662182e-01
9.399998326573730800e-01
1.030515756591823262e-01
9.408632186411611253e-02
8.283573894520338682e-03
8.121895144398498800e-01
2.073515299523482902e-01
4.010353321176626795e-02
7.211084814875458326e-02
5.199270827124524708e-02
9.467424096508090248e-01
3.896169062114436255e-01
6.729305482289160700e-02
8.546434763074477470e-01
8.917576078115071470e-01
1.314077275648959375e-01
3.098945935581980393e-01
8.042841945092277234e-01
1.698814186179424812e-01
8.239767579526123542e-02
2.723240590179762388e-02
5.345053285363519091e-01
3.172507515166080871e-01
4.145224912081257873e-02
5.964020129182602548e-02
5.457511096336253864e-02
8.139449292476040876e-01
5.335869381257725141e-01
1.359948593904689584e-01
9.688328793694221952e-01
7.829303033494995345e-01
2.224255324682318236e-01
2.835079381450558156e-01
8.822622980626257938e-01
2.388311152449604791e-01
8.076953064845296404e-02
1.132461967670223002e-02
4.489362338008833220e-01
2.265814519726541132e-01
1.840723497773125161e-02
3.805340372049134667e-02
1.990288738116023914e-01
8.803309102393045427e-01
4.394761902184118885e-01
2.143896314456763541e-01
8.826109098497380012e-01
8.052008215139331293e-01
1.487074015796312487e-01
1.379326735985650920e-01
9.275844017583363410e-01
2.064654246867965171e-01
6.898492218175607260e-02
6.738783310229745638e-02
4.287636413075155417e-01
1.408286098906317285e-01
5.254742066224268870e-02
4.534345051957286432e-02
8.027855236048564436e-02
8.931751007523095476e-01
3.863511071210590231e-01
1.317522875588301723e-01
9.040087046702194318e-01
8.307956552885366053e-01
1.967280586655282271e-01
3.413715207410339403e-02
8.889663074744826865e-01
2.534722343236328612e-01
6.704443351553773800e-02
6.228807734504937521e-02
3.188280368016447319e-01
2.625453658668299717e-01
5.279277584431701920e-02
4.623363132744577608e-02
9.847687973237473358e-02
8.595706532495740460e-01
5.476755066371037373e-01
1.649599375788186606e-01
9.371805788915039681e-01
8.111571825216161713e-01
2.410201170017340910e-01
2.715919826744281895e-01
8.593050140580485996e-01
2.562135749302560939e-01
7.147620695432557736e-02
2.850872953948402344e-02
4.816354544188576892e-01
3.189178479953662659e-01
2.772122722131895034e-02
2.802798956242885664e-02
2.359395594479458680e-01
8.430586403016425701e-01
5.325628521278502614e-01
2.662131218725536375e-01
9.158939441673377146e-01
7.168353097737066859e-01
6.657557845813335540e-01
8.146457847004522357e-01
7.369420546281517659e-01
5.961382886873090037e-01
8.959825516254976696e-02
7.473917879538591325e-03
9.318755674978660419e-01
7.084020348098827302e-01
2.222287312354452316e-01
1.529718257229601974e-01
9.041783194702791571e-01
8.781541908717531708e-01
5.503780182009054833e-01
6.102196721040674676e-01
7.649960028374073184e-01
4.889997730334509352e-01
4.590509561709771313e-02
8.117587154564193108e-02
7.141727263783359536e-01
1.254676507033308797e-01
5.021254746546201242e-02
1.158443402300366777e-02
2.100455349817635098e-01
6.867758045791209215e-03
5.919104031119563208e-03
7.814669833184110029e-03
1.324240647201719440e-02
9.740890181545621695e-01
2.333887665867034611e-01
8.830340665224686858e-02
8.979514295696349180e-01
6.748183813632822048e-01
1.708147056577330458e-02
1.614328171030777470e-01
4.541296992430936541e-01
3.640062648128428169e-02
4.430424642524341539e-02
5.054921092864723270e-03
2.360776542462446059e-01
2.423656850183939226e-01
4.391951303300675735e-02
4.515034819041965908e-02
3.363568825923807237e-02
7.059808508612698263e-01
3.891156014266353158e-02
2.217886528094803467e-02
6.537503292434088120e-01
8.500759828628211556e-01
7.477227412660130135e-01
9.152453718051209997e-01
9.012934950441002790e-01
5.136620769343691606e-01
3.008194367140717973e-01
7.971932444569125586e-03
9.313469759438659512e-01
4.725272554115399481e-01
4.017073861269065960e-02
9.029197174362502132e-02
6.106388992582710840e-01
8.739674596952016206e-01
8.291933254874370718e-01
4.980271280097604558e-01
8.058754218730390662e-01
