2.704941280490337219e-01
5.774871962097525291e-01
3.149422139756660188e-01
2.502638898932600942e-01
3.710812937261292466e-01
5.349492443853822721e-01
5.368848666522262336e-01
3.501080812675391729e-01
2.659100148566618249e-01
6.820415708527323151e-01
2.121705599927360686e-01
3.470326089916621060e-01
2.577501545237247393e-01
6.480489681564444160e-01
5.150626611325828108e-01
2.483918463924229270e-01
3.740096416968541893e-01
3.745566989654936507e-01
7.209879419104836540e-01
5.079897916478022246e-01
4.701040255987280481e-01
2.137057542491840878e-01
4.454461772384465945e-01
2.260224521843269552e-01
4.054868537243258575e-01
4.407579658334939698e-01
4.508451258823037988e-01
5.293823453653436761e-01
2.274366796013765346e-01
2.658523452006635868e-01
7.168845717156557829e-01
2.984534153003221002e-01
4.572126885760895432e-01
3.672840219506773307e-01
2.557768231532135395e-01
6.439173755069479421e-01
5.479108274049118155e-01
5.244412070040309626e-01
4.386011963166455141e-01
7.199483325784653553e-01
3.317134023859084624e-01
5.308391596377599608e-01
2.199016587478678231e-01
5.141175582084571705e-01
4.967404290658575805e-01
3.776950668178500337e-01
3.780253530902794590e-01
5.682791213733400237e-01
2.292172583444378742e-01
5.046650998392481213e-01
2.233185089765381270e-01
2.564101505927542934e-01
5.210215348413134162e-01
3.274925109316180749e-01
4.064667183728603028e-01
2.716281384894430051e-01
5.221027877801377448e-01
5.469701362453069926e-01
4.798032152921571369e-01
3.728963159027081642e-01
2.317977530686384513e-01
4.505366393146160164e-01
3.573250083457560344e-01
2.789268525906104523e-01
2.746646698915676810e-01
5.714564855666282028e-01
3.065230466430787226e-01
2.493265231574863239e-01
3.721148170579881009e-01
5.245773728104684563e-01
5.327950545990272069e-01
3.485738902552124596e-01
2.687657702133076643e-01
7.006873252287929565e-01
2.206529004478984257e-01
2.570766543723665976e-01
6.460028795363952359e-01
5.115308138698133611e-01
3.656096200302516586e-01
3.762736489089101299e-01
7.189381812636712610e-01
4.748613189147220526e-01
2.173061341842603966e-01
4.481385892617165689e-01
4.061024576553984855e-01
4.396777271641062468e-01
2.251359750797984893e-01
2.644942061691111235e-01
4.538790440465428899e-01
3.725041776426625262e-01
5.483730092766324615e-01
5.276376711392781749e-01
3.311145235333039505e-01
5.006821940667176563e-01
2.304999479917460847e-01
5.203425255864850829e-01
3.623623650666526474e-01
6.380360014667015855e-01
6.338794887338925488e-01
3.658518991791032127e-01
3.194833678852951331e-01
4.005072943041461109e-01
4.208606820109286328e-01
4.099628756113345984e-01
5.090416382892668512e-01
3.828983978122907361e-01
4.853924574678838422e-01
4.714572887889521002e-01
4.551775818769245863e-01
5.993256383981548918e-01
3.877362180794604041e-01
4.211273059116498185e-01
2.808107254934335550e-01
4.774352279436244739e-01
5.441167871088468111e-01
3.239119828397002965e-01
2.704941280490337219e-01
5.774871962097525291e-01
3.149422139756660188e-01
2.502638898932600942e-01
3.710812937261292466e-01
5.349492443853822721e-01
5.368848666522262336e-01
3.501080812675391729e-01
2.659100148566618249e-01
6.820415708527323151e-01
2.121705599927360686e-01
3.470326089916621060e-01
2.577501545237247393e-01
6.480489681564444160e-01
5.150626611325828108e-01
2.483918463924229270e-01
3.740096416968541893e-01
3.745566989654936507e-01
7.209879419104836540e-01
5.079897916478022246e-01
4.701040255987280481e-01
2.137057542491840878e-01
4.454461772384465945e-01
2.260224521843269552e-01
4.054868537243258575e-01
4.407579658334939698e-01
4.508451258823037988e-01
5.293823453653436761e-01
2.274366796013765346e-01
2.658523452006635868e-01
7.168845717156557829e-01
2.984534153003221002e-01
4.572126885760895432e-01
3.672840219506773307e-01
2.557768231532135395e-01
6.439173755069479421e-01
5.479108274049118155e-01
5.244412070040309626e-01
4.386011963166455141e-01
7.199483325784653553e-01
3.317134023859084624e-01
5.308391596377599608e-01
2.199016587478678231e-01
5.141175582084571705e-01
4.967404290658575805e-01
3.776950668178500337e-01
3.780253530902794590e-01
5.682791213733400237e-01
2.292172583444378742e-01
5.046650998392481213e-01
2.233185089765381270e-01
2.564101505927542934e-01
5.210215348413134162e-01
3.274925109316180749e-01
4.064667183728603028e-01
2.716281384894430051e-01
5.221027877801377448e-01
5.469701362453069926e-01
4.798032152921571369e-01
3.728963159027081642e-01
2.317977530686384513e-01
4.505366393146160164e-01
3.573250083457560344e-01
2.789268525906104523e-01
3.194833678852951331e-01
4.005072943041461109e-01
4.208942987863883989e-01
4.099625557734116743e-01
5.090411841596522713e-01
3.828967964135759905e-01
4.853924574678838422e-01
4.714580017506793119e-01
4.551775818769245863e-01
5.993256383981548918e-01
3.877362180794604041e-01
4.211266932395079099e-01
2.808107254934335550e-01
4.774352279436244739e-01
5.441167871088468111e-01
3.239119828397002965e-01
3.178389394710824378e-01
7.407461655711282678e-01
3.927644223275654767e-01
2.697029066463272340e-01
3.870450561836802361e-01
4.896461842014542265e-01
6.085166809988813430e-01
4.259418721693675192e-01
5.500404921521562240e-01
5.098196400037137144e-01
4.906651186981759172e-01
8.032704871921039214e-01
3.096806679990081745e-01
5.741827134848793701e-01
4.111409257924798499e-01
3.161275390634545324e-01
2.365084707833864652e-01
5.920626785226890121e-01
7.709172062767248867e-01
2.030714776484819351e-01
5.567916419819485263e-01
5.323304579025698313e-01
4.674466571612936328e-01
7.504756296368928492e-01
8.448378179860562831e-01
4.234321039530758446e-01
5.299556898458903653e-01
5.751582591500599140e-01
2.168297348039198436e-01
8.684168758668495691e-01
5.639093595909832057e-01
2.432164997038366583e-01
2.662335696635359517e-01
6.467767200716938447e-01
5.455166300885045949e-01
3.070589791184259454e-01
8.001892755005779456e-01
5.227605320126251787e-01
5.177801451928100152e-01
5.367905462141360218e-01
9.077121047719631797e-01
5.120508416386926331e-01
5.206425262413892918e-01
6.821517218109556246e-01
2.299886438688524548e-01
9.136075110741554983e-01
8.671067013056732442e-01
2.728355689570109988e-01
2.611142436203056083e-01
7.939909922930836750e-01
7.859214725863279405e-01
2.723310491019079738e-01
7.367407293546346381e-01
5.158056953431207070e-01
5.590408694341288953e-01
8.017063003421238676e-01
7.997994238490182539e-01
4.855240758797749745e-01
5.159736575716686868e-01
8.397826700295709657e-01
2.763493137111063813e-01
7.892813067605475297e-01
7.617252147026256637e-01
2.684715391344387192e-01
2.324464240442443985e-01
7.412770363358107684e-01
8.355397383871159267e-01
2.200546883316609470e-01
6.372675595569132767e-01
4.738048224141891973e-01
5.287390448233897366e-01
7.880376931628398918e-01
8.945479249389469700e-01
5.058333999854713880e-01
4.654644968772394531e-01
8.079164111056948983e-01
2.201726811292670505e-01
8.692946732535478116e-01
7.131340543206994287e-01
2.404423861613552982e-01
2.704941280490337219e-01
5.774871962097527511e-01
3.149422139756660188e-01
2.502638898932600942e-01
3.710812937261293576e-01
5.349492443853823831e-01
5.368848666522262336e-01
3.501080812675391729e-01
2.659100148566618249e-01
6.820415708527325371e-01
2.121705599927360408e-01
3.470326089916622170e-01
2.577501545237247393e-01
6.480489681564445270e-01
5.150626611325826998e-01
2.483918463924229270e-01
3.740096416968541893e-01
3.745566989654936507e-01
7.209879419104836540e-01
5.079897916478022246e-01
4.701040255987280481e-01
2.137057542491840878e-01
4.454461772384465390e-01
2.260224521843270107e-01
4.054868537243258575e-01
4.407579658334939698e-01
4.508451258823038543e-01
5.293823453653436761e-01
2.274366796013765346e-01
2.658523452006636978e-01
7.168845717156558939e-01
2.984534153003222112e-01
4.572126885760895987e-01
3.672840219506772752e-01
2.557768231532135950e-01
6.439173755069479421e-01
5.479108274049118155e-01
5.244412070040309626e-01
4.386011963166454586e-01
7.199483325784651333e-01
3.317134023859085179e-01
5.308391596377597388e-01
2.199016587478677953e-01
5.141175582084571705e-01
4.967404290658575805e-01
3.776950668178500337e-01
3.780253530902794590e-01
5.682791213733400237e-01
2.292172583444378742e-01
5.046650998392481213e-01
2.233185089765381548e-01
2.564101505927543490e-01
5.210215348413134162e-01
3.274925109316180749e-01
4.064667183728603028e-01
2.716281384894429496e-01
5.221027877801376338e-01
5.469701362453069926e-01
4.798032152921572480e-01
3.728963159027082197e-01
2.317977530686384513e-01
4.505366393146160164e-01
3.573250083457559789e-01
2.789268525906104523e-01
