5.128006674438114754e-01
9.355575404024640829e-01
6.643018332967854933e-01
5.392948593036264171e-01
7.354836114643255041e-01
4.032404728834614316e-01
2.943777878672600434e-01
9.198163525869353929e-01
3.772576409293313948e-01
4.507800383138930167e-01
1.363822728426667685e-01
9.221332414224919782e-01
4.981624171580083527e-01
5.376107741828662911e-01
7.062346020659566737e-01
5.368841831637486406e-01
7.760394382339648178e-01
3.451833014020521673e-01
2.772157758261373228e-01
6.970616593767835489e-01
2.856854489493794724e-01
8.251092027284198660e-02
1.044005327349716156e-01
1.416195500366218829e-01
1.891286517254130439e-01
1.104962039111971606e-01
1.038650772255825250e-01
2.923936840295220940e-01
7.089307469690484531e-01
1.681531287509165362e-01
2.613266563629005335e-01
6.176806478927905353e-01
4.624021365958480567e-01
1.904130454188286137e-01
1.584946057044578915e-01
5.332243500680633463e-01
3.436070798999339981e-01
1.823870477366962561e-01
1.105943502225184283e-01
4.683584087968796217e-01
7.968416539686692945e-02
1.821678209733587905e-01
8.402921055443302034e-02
3.872619308410004679e-01
8.279928733364728677e-01
1.913618572800430684e-01
3.447731160368940340e-01
9.347222168208699777e-01
6.020387221144777312e-01
8.204481792359332726e-01
7.261048288211875423e-01
4.948527102283573065e-01
7.933176997621000925e-01
7.842824742271567451e-02
1.865731691842539286e-01
3.666320469921837688e-01
7.932988628374050277e-01
3.472959208932126507e-01
2.804953685520069073e-01
7.443363303901739947e-01
6.068815872622528307e-01
4.476005536838786880e-01
7.562100134648521710e-01
5.228763007500641935e-01
5.177837366863292656e-01
9.349234584907100132e-01
6.404970935526619336e-01
5.380877892631951154e-01
7.401090447055662658e-01
3.952849293613848181e-01
2.928902141281874982e-01
9.209721263053174400e-01
3.719509881263743378e-01
4.594265689969574407e-01
1.399950555985163270e-01
4.964989234423916598e-01
5.354384853767317765e-01
7.016540803133624049e-01
7.660561443735787179e-01
3.449802636490326702e-01
2.692786679753036427e-01
2.831397997184320614e-01
8.346923467817227160e-02
1.041335054030769758e-01
1.879040003476268039e-01
1.105453614312375543e-01
7.173133539891005661e-01
1.656604548740054361e-01
4.550110563370678429e-01
1.908887849532493186e-01
3.460427482357971707e-01
1.822775204352903855e-01
7.941745564946262048e-02
8.242401103513452565e-01
6.044459709765289679e-01
7.927819067086754323e-01
7.066672776571022441e-01
2.925715501637803362e-01
2.887721872517029498e-01
7.120822875076270320e-01
6.220533792225736436e-01
6.181541983005593988e-01
5.242332256553685621e-01
6.709935438831405863e-01
5.570814146652032228e-01
1.510154538227149734e-01
1.625730299880975838e-01
5.417825683867110165e-01
2.436881419960339468e-01
2.324514589831215561e-01
1.498584645803444082e-01
6.456263097831318465e-01
6.548387625528426792e-01
2.584101745174900433e-01
5.900664041399998894e-01
6.293972481220689863e-01
5.128006674438114754e-01
9.355575404024640829e-01
6.643018332967854933e-01
5.392948593036264171e-01
7.354836114643255041e-01
4.032404728834614316e-01
2.943777878672600434e-01
9.198163525869353929e-01
3.772576409293313948e-01
4.507800383138930167e-01
1.363822728426667685e-01
9.221332414224919782e-01
4.981624171580083527e-01
5.376107741828662911e-01
7.062346020659566737e-01
5.368841831637486406e-01
7.760394382339648178e-01
3.451833014020521673e-01
2.772157758261373228e-01
6.970616593767835489e-01
2.856854489493794724e-01
8.251092027284198660e-02
1.044005327349716156e-01
1.416195500366218829e-01
1.891286517254130439e-01
1.104962039111971606e-01
1.038650772255825250e-01
2.923936840295220940e-01
7.089307469690484531e-01
1.681531287509165362e-01
2.613266563629005335e-01
6.176806478927905353e-01
4.624021365958480567e-01
1.904130454188286137e-01
1.584946057044578915e-01
5.332243500680633463e-01
3.436070798999339981e-01
1.823870477366962561e-01
1.105943502225184283e-01
4.683584087968796217e-01
7.968416539686692945e-02
1.821678209733587905e-01
8.402921055443302034e-02
3.872619308410004679e-01
8.279928733364728677e-01
1.913618572800430684e-01
3.447731160368940340e-01
9.347222168208699777e-01
6.020387221144777312e-01
8.204481792359332726e-01
7.261048288211875423e-01
4.948527102283573065e-01
7.933176997621000925e-01
7.842824742271567451e-02
1.865731691842539286e-01
3.666320469921837688e-01
7.932988628374050277e-01
3.472959208932126507e-01
2.804953685520069073e-01
7.443363303901739947e-01
6.068815872622528307e-01
4.476005536838786880e-01
7.562100134648521710e-01
5.228763007500641935e-01
6.220533792225736436e-01
6.181541983005593988e-01
5.242750994425591227e-01
6.709933655405632136e-01
5.570809176780235905e-01
1.510148222296996134e-01
1.625730299880975838e-01
5.417833876979079033e-01
2.436881419960339468e-01
2.324514589831215561e-01
1.498584645803444082e-01
6.456253705012362509e-01
6.548387625528426792e-01
2.584101745174900433e-01
5.900664041399998894e-01
6.293972481220689863e-01
6.050404946359529967e-01
6.249031823827222443e-01
4.615864654726078431e-01
6.315370424498411017e-01
5.722593442363836935e-01
1.947240478784481033e-01
1.701309182714807189e-01
4.774463510449893366e-01
3.356557461727276426e-01
1.994870791029473844e-01
1.936746366060508873e-01
6.781298747964918938e-01
6.798701163693937621e-01
3.479443553848873272e-01
6.047987499699474245e-01
5.959755106773723110e-01
5.894147273039215262e-01
5.380305806717959882e-01
7.710524684198678536e-01
5.564809621951882779e-01
5.925325491990807159e-01
1.597152698489550104e-01
1.564000363374989655e-01
7.211747653301150418e-01
7.818600769913084392e-01
1.417729907001914480e-01
1.542715053256654978e-01
5.239797041598721616e-01
5.539364958764416702e-01
7.884278127747137432e-01
5.898151981263628496e-01
5.987699939213144695e-01
6.334112143136140238e-01
5.566898269919491327e-01
5.205194349344752780e-01
6.291741962337105143e-01
6.731738469928041368e-01
1.810889465734233372e-01
2.046805120057578475e-01
4.940977387105158769e-01
6.596578246666262579e-01
1.752005460178994722e-01
1.783326258901037631e-01
5.797693401444647954e-01
5.704546137346465651e-01
6.565968322884636610e-01
7.279043716349198334e-01
6.435727888627951199e-01
6.178680616978675655e-01
6.632354095873664868e-01
5.685303987519660929e-01
6.233949711612388755e-01
6.544849347570504960e-01
1.821203251566003156e-01
1.991967608599776729e-01
5.681243944956437808e-01
7.565548492956084559e-01
1.771574202213894722e-01
1.797256292222833007e-01
7.014326396925620877e-01
6.020572936031673983e-01
7.190996897283890021e-01
6.751566151099810398e-01
6.291343125883447351e-01
5.840856038624612223e-01
7.046451010446335150e-01
8.121412283552602585e-01
5.713022428249082685e-01
6.761220299488259755e-01
1.570699865078571400e-01
1.598109787391669423e-01
7.525688574628921490e-01
8.349430069120757913e-01
1.575158248898044788e-01
1.511593516417031879e-01
7.608063822062098858e-01
5.620564871623218162e-01
7.984250641911601054e-01
7.467440917185037552e-01
5.925405973920671032e-01
5.128006674438114754e-01
9.355575404024641939e-01
6.643018332967854933e-01
5.392948593036264171e-01
7.354836114643255041e-01
4.032404728834614316e-01
2.943777878672600434e-01
9.198163525869353929e-01
3.772576409293313948e-01
4.507800383138931832e-01
1.363822728426667408e-01
9.221332414224919782e-01
4.981624171580083527e-01
5.376107741828664022e-01
7.062346020659567847e-01
5.368841831637487516e-01
7.760394382339648178e-01
3.451833014020521673e-01
2.772157758261372673e-01
6.970616593767837710e-01
2.856854489493794724e-01
8.251092027284198660e-02
1.044005327349716156e-01
1.416195500366218829e-01
1.891286517254130439e-01
1.104962039111971467e-01
1.038650772255825389e-01
2.923936840295220940e-01
7.089307469690484531e-01
1.681531287509165085e-01
2.613266563629006445e-01
6.176806478927906463e-01
4.624021365958480012e-01
1.904130454188285859e-01
1.584946057044578638e-01
5.332243500680632353e-01
3.436070798999340536e-01
1.823870477366962284e-01
1.105943502225184144e-01
4.683584087968796217e-01
7.968416539686695721e-02
1.821678209733587350e-01
8.402921055443300646e-02
3.872619308410004679e-01
8.279928733364728677e-01
1.913618572800431239e-01
3.447731160368939229e-01
9.347222168208699777e-01
6.020387221144777312e-01
8.204481792359331616e-01
7.261048288211877644e-01
4.948527102283573620e-01
7.933176997621000925e-01
7.842824742271567451e-02
1.865731691842539286e-01
3.666320469921838243e-01
7.932988628374049167e-01
3.472959208932126507e-01
2.804953685520070183e-01
7.443363303901739947e-01
6.068815872622528307e-01
4.476005536838786880e-01
7.562100134648521710e-01
5.228763007500641935e-01
