8.141953306685502378e-02
6.646244373931298188e-03
5.419344995305802604e-01
5.248069541302746721e-03
0.000000000000000000e+00
8.418672145433473419e-01
4.183743111776680457e-01
3.494041558945798487e-02
1.934568522080705733e-01
4.018647476972814214e-01
9.857104951539877868e-01
3.105237031098784239e-02
1.057928825514159975e-02
0.000000000000000000e+00
5.346391228237418192e-02
2.575182214149663792e-03
2.075305965381846751e-01
6.623750274149060591e-01
3.343122194919682100e-01
3.111794491445568633e-02
8.720199625839455404e-01
9.999999999999998890e-01
6.166009050658871615e-01
1.000000000000000000e+00
2.998083290101529741e-01
3.345827076595610516e-01
6.174673007661529711e-01
4.157648512590239043e-01
1.783299077815438949e-01
1.000000000000000000e+00
3.025574854653670931e-01
4.831798318126039327e-01
2.906507370749412678e-01
3.664780674570172758e-01
9.691899416197431449e-01
0.000000000000000000e+00
7.407297098417575665e-02
9.526640906958652177e-01
3.289142361144538063e-01
4.128993718473776831e-01
9.906340325718030471e-01
9.506194917044233916e-01
9.948934050422931774e-01
8.049438387537841688e-01
2.832885450343058942e-01
3.812238955215688785e-01
6.196624003561441718e-01
0.000000000000000000e+00
3.241393635977267429e-02
2.396142377929654510e-01
2.164286643467806803e-01
8.780115873763726098e-03
5.069666056635280249e-03
1.000000000000000000e+00
3.038800303719516038e-01
1.795281423100653084e-01
0.000000000000000000e+00
6.435727712864625083e-02
8.303883625298793536e-01
0.000000000000000000e+00
2.954026629671346882e-02
2.550002923779166042e-01
1.884916805577947496e-01
6.531835390690443610e-02
7.345643157223961939e-02
0.000000000000000000e+00
5.119344134825959403e-01
3.909705519406782639e-03
0.000000000000000000e+00
8.234834644931072756e-01
4.166590417309500305e-01
3.300087473632279389e-02
1.865005514253524899e-01
4.072925099794698633e-01
1.000000000000000000e+00
9.675005183151022536e-03
0.000000000000000000e+00
4.230542224489397540e-02
1.979452911030265272e-01
6.412326938257255637e-01
3.184497452166110687e-01
8.516003462106810362e-01
1.000000000000000000e+00
6.170329695944059001e-01
3.019432388942360768e-01
3.317435993953195550e-01
1.968650587899081206e-01
9.984159579054736611e-01
2.728489046909304827e-01
3.738717075081630092e-01
6.932676424261396964e-02
9.516425940200919920e-01
1.000000000000000222e+00
2.615647585649952811e-01
3.098551769063260380e-02
0.000000000000000000e+00
7.374206861776866351e-02
9.431103848319123406e-01
9.251685013103794208e-01
5.792514710021678948e-02
1.185315603961891173e-01
8.957722619856078872e-02
8.585809457847293213e-01
0.000000000000000000e+00
7.159591871076775860e-02
1.000000000000000000e+00
4.515026132767743228e-01
8.581015581553659288e-01
5.345326251919280125e-01
5.602889287367129878e-01
9.936204517430224925e-01
1.067171066422856196e-01
5.846778464850324597e-02
5.665559904753845188e-01
2.494893996560820781e-02
1.041574914004671087e-01
8.141953306685502378e-02
6.646244373931298188e-03
5.419344995305802604e-01
5.248069541302746721e-03
0.000000000000000000e+00
8.418672145433473419e-01
4.183743111776680457e-01
3.494041558945798487e-02
1.934568522080705733e-01
4.018647476972814214e-01
9.857104951539877868e-01
3.105237031098784239e-02
1.057928825514159975e-02
0.000000000000000000e+00
5.346391228237418192e-02
2.575182214149663792e-03
2.075305965381846751e-01
6.623750274149060591e-01
3.343122194919682100e-01
3.111794491445568633e-02
8.720199625839455404e-01
9.999999999999998890e-01
6.166009050658871615e-01
1.000000000000000000e+00
2.998083290101529741e-01
3.345827076595610516e-01
6.174673007661529711e-01
4.157648512590239043e-01
1.783299077815438949e-01
1.000000000000000000e+00
3.025574854653670931e-01
4.831798318126039327e-01
2.906507370749412678e-01
3.664780674570172758e-01
9.691899416197431449e-01
0.000000000000000000e+00
7.407297098417575665e-02
9.526640906958652177e-01
3.289142361144538063e-01
4.128993718473776831e-01
9.906340325718030471e-01
9.506194917044233916e-01
9.948934050422931774e-01
8.049438387537841688e-01
2.832885450343058942e-01
3.812238955215688785e-01
6.196624003561441718e-01
0.000000000000000000e+00
3.241393635977267429e-02
2.396142377929654510e-01
2.164286643467806803e-01
8.780115873763726098e-03
5.069666056635280249e-03
1.000000000000000000e+00
3.038800303719516038e-01
1.795281423100653084e-01
0.000000000000000000e+00
6.435727712864625083e-02
8.303883625298793536e-01
0.000000000000000000e+00
2.954026629671346882e-02
2.550002923779166042e-01
1.884916805577947496e-01
6.531835390690443610e-02
1.185322961823339072e-01
8.958278825845100712e-02
8.586577429135704431e-01
0.000000000000000000e+00
7.160048081103864703e-02
1.000000000000000222e+00
4.515044108113634436e-01
8.580940619584849216e-01
5.345252312405932571e-01
5.602755666400720536e-01
9.936206279615997783e-01
1.067225672449283458e-01
5.846825684792777977e-02
5.665615548184941286e-01
2.495386519795084190e-02
1.041581864333679802e-01
6.273464970277015107e-02
1.405041073842006050e-02
9.983247436911839578e-01
0.000000000000000000e+00
3.654597435043018816e-01
9.999999999999997780e-01
5.943855126029362612e-01
1.000000000000000000e+00
5.446993327634854776e-01
8.075799059513981693e-01
9.688695905333758462e-01
0.000000000000000000e+00
1.941548507602072760e-02
5.399673799001638574e-01
3.669461567387264367e-01
4.944539543677213544e-02
3.909477631128019381e-02
2.487808753624269897e-01
2.261028966583649158e-01
2.131224001450679473e-02
1.926949171053884413e-01
9.273565615829415520e-01
8.784822470715698550e-01
1.681029427429361345e-01
1.641343856110586419e-01
8.774950026187255947e-01
8.990117982868081059e-01
2.003436395759337074e-01
6.090923515355797790e-02
1.586665831611138167e-01
1.279091913273577852e-01
3.519760252680168011e-02
1.616283380697934591e-02
6.844952505198453885e-01
2.768863235043772519e-01
2.934252359411565481e-02
4.496953294374468335e-01
8.558300956406166282e-01
9.040359628859159224e-01
2.355163495772374382e-01
8.525580087839519372e-01
8.711416268581171352e-01
8.312496166349258031e-01
6.347656959248171304e-01
2.215155968090054550e-02
8.258165396564665084e-01
4.005114476148934344e-01
1.144254878214318039e-02
2.558998227172593065e-02
5.324650895227827085e-01
6.540265438891839089e-01
2.932790166832843770e-02
6.894162021482843627e-01
9.087655744286233794e-01
8.769848981516582542e-01
6.521840919686110460e-01
5.034829886960547896e-01
7.928329110921549239e-01
8.868277949649947534e-01
4.479846762225667689e-01
1.499202770018054354e-02
4.484417097316395484e-01
6.405670033455419521e-01
2.096697845435165075e-02
4.713633048123175295e-02
2.437233575631279070e-01
1.503908479758409023e-02
6.386907633434055209e-02
1.096546942511842371e-01
9.334728556278580891e-01
9.190072814170222593e-01
0.000000000000000000e+00
1.920001969477289627e-01
8.695700684408340653e-01
9.097119585753853377e-01
1.641114170378279447e-01
5.794376545745907880e-02
1.432430362875469765e-01
4.570547925668577705e-02
4.677242497291742018e-02
8.141953306685503766e-02
6.646244373931298188e-03
5.419344995305802604e-01
5.248069541302746721e-03
0.000000000000000000e+00
8.418672145433475640e-01
4.183743111776680457e-01
3.494041558945795711e-02
1.934568522080706288e-01
4.018647476972815880e-01
9.857104951539875648e-01
3.105237031098784239e-02
1.057928825514159975e-02
0.000000000000000000e+00
5.346391228237412641e-02
2.575182214149667262e-03
2.075305965381846751e-01
6.623750274149060591e-01
3.343122194919681545e-01
3.111794491445568633e-02
8.720199625839457624e-01
1.000000000000000222e+00
6.166009050658870505e-01
1.000000000000000000e+00
2.998083290101529741e-01
3.345827076595610516e-01
6.174673007661529711e-01
4.157648512590238488e-01
1.783299077815438949e-01
1.000000000000000222e+00
3.025574854653670931e-01
4.831798318126039327e-01
2.906507370749412122e-01
3.664780674570173313e-01
9.691899416197431449e-01
0.000000000000000000e+00
7.407297098417575665e-02
9.526640906958652177e-01
3.289142361144538063e-01
4.128993718473777941e-01
9.906340325718031581e-01
9.506194917044232806e-01
9.948934050422929554e-01
8.049438387537841688e-01
2.832885450343058942e-01
3.812238955215688785e-01
6.196624003561441718e-01
0.000000000000000000e+00
3.241393635977266735e-02
2.396142377929654510e-01
2.164286643467807636e-01
8.780115873763727832e-03
5.069666056635280249e-03
1.000000000000000000e+00
3.038800303719516038e-01
1.795281423100653084e-01
0.000000000000000000e+00
6.435727712864630634e-02
8.303883625298793536e-01
0.000000000000000000e+00
2.954026629671346882e-02
2.550002923779166042e-01
1.884916805577946941e-01
6.531835390690443610e-02
