6.545254053286196638e-02
2.782622656493572433e-01
2.045029988820915856e-01
8.451183211663658434e-02
3.023017947813995687e-01
6.718996253823957820e-01
3.952763728469081972e-01
2.398079466065787257e-01
2.469189647877166327e-01
8.293253881013928908e-01
4.337090742113297592e-01
2.318314615582094118e-01
4.263503983587727669e-02
7.119844985087983025e-01
3.349677311368418064e-01
8.330447755240183438e-02
2.987679198724765839e-01
7.609394560502176219e-01
1.000000000000000000e+00
3.298252182833834589e-01
8.573586221717619527e-01
4.213920297539301973e-01
5.500180766359271667e-01
4.477651456299243105e-01
4.508964657408541243e-01
3.819111508799362120e-01
5.531240961105365894e-01
3.846385224322202423e-01
6.435137447373633079e-02
5.131923156558240162e-01
1.000000000000000000e+00
1.913937730649110935e-01
2.467493879335267426e-01
3.709388281561087908e-01
5.225380321532108185e-01
7.148530772331970207e-01
7.142998160772008331e-01
8.371781895912395743e-01
3.780976692193273037e-01
8.643066345843123388e-01
5.003142770231645553e-01
8.364014438441957910e-01
4.330580714596715119e-01
6.487633101255558810e-01
1.219251709617024670e-01
3.646768241912330399e-01
7.595961498640015908e-01
2.780182030074162536e-01
2.670307008030336007e-02
1.160676310750018148e-01
7.113109466913258849e-02
4.080153584100679881e-02
3.955757157492102438e-01
4.857910653529961542e-01
4.484538730236289905e-01
2.375676786176017519e-01
4.064015047006411807e-01
7.154451584710870282e-01
8.755292443419349091e-01
2.947416854225173855e-01
2.639114828448284322e-02
2.394179360110454957e-01
2.889734463421710919e-01
6.765206210371621509e-02
6.654034989976065351e-02
2.757352612041643058e-01
1.978094387308264313e-01
8.390728740050569512e-02
2.987115657501848709e-01
6.603803038775206691e-01
3.895135674973022599e-01
2.358288986511953567e-01
2.422487290098929713e-01
8.465321264244444199e-01
4.438941214782677336e-01
4.171350133175756592e-02
7.134051047450942207e-01
3.323998101559264562e-01
2.938368082240376822e-01
7.602745325964973544e-01
1.000000000000000000e+00
8.662710140446808760e-01
4.282190239427369760e-01
5.515670234271629058e-01
4.498084350503649409e-01
3.800011320658674419e-01
6.737734842035593419e-02
5.248875141721005555e-01
2.430884720777888308e-01
3.677990246054055890e-01
7.160917728580916686e-01
8.367901217100326416e-01
4.952698521064317072e-01
1.190116056696191027e-01
2.654802273433651272e-02
3.994513787423000784e-01
1.674523127036252612e-01
8.357206129472444234e-01
8.332591468645256239e-01
1.636606395156801064e-01
1.186379037757504806e-01
2.531479505470966007e-01
6.963915854058242427e-01
2.159378266435781624e-01
7.450838953310816581e-01
6.171037514149583236e-01
4.810860477149015990e-01
7.194557710636408920e-01
5.524160667575619410e-01
7.258795375830118246e-01
6.248344639788618871e-01
2.595873128046863876e-01
3.187502499654512600e-02
5.539499700810452953e-01
8.009482120886526335e-01
1.191175683273605762e-01
6.545254053286196638e-02
2.782622656493572433e-01
2.045029988820915856e-01
8.451183211663658434e-02
3.023017947813995687e-01
6.718996253823957820e-01
3.952763728469081972e-01
2.398079466065787257e-01
2.469189647877166327e-01
8.293253881013928908e-01
4.337090742113297592e-01
2.318314615582094118e-01
4.263503983587727669e-02
7.119844985087983025e-01
3.349677311368418064e-01
8.330447755240183438e-02
2.987679198724765839e-01
7.609394560502176219e-01
1.000000000000000000e+00
3.298252182833834589e-01
8.573586221717619527e-01
4.213920297539301973e-01
5.500180766359271667e-01
4.477651456299243105e-01
4.508964657408541243e-01
3.819111508799362120e-01
5.531240961105365894e-01
3.846385224322202423e-01
6.435137447373633079e-02
5.131923156558240162e-01
1.000000000000000000e+00
1.913937730649110935e-01
2.467493879335267426e-01
3.709388281561087908e-01
5.225380321532108185e-01
7.148530772331970207e-01
7.142998160772008331e-01
8.371781895912395743e-01
3.780976692193273037e-01
8.643066345843123388e-01
5.003142770231645553e-01
8.364014438441957910e-01
4.330580714596715119e-01
6.487633101255558810e-01
1.219251709617024670e-01
3.646768241912330399e-01
7.595961498640015908e-01
2.780182030074162536e-01
2.670307008030336007e-02
1.160676310750018148e-01
7.113109466913258849e-02
4.080153584100679881e-02
3.955757157492102438e-01
4.857910653529961542e-01
4.484538730236289905e-01
2.375676786176017519e-01
4.064015047006411807e-01
7.154451584710870282e-01
8.755292443419349091e-01
2.947416854225173855e-01
2.639114828448284322e-02
2.394179360110454957e-01
2.889734463421710919e-01
6.765206210371621509e-02
1.186379037757504806e-01
2.531479505470966007e-01
6.964472105581831496e-01
2.159374016316482903e-01
7.450832306218775347e-01
6.171011704975137846e-01
4.810860477149015990e-01
7.194568590613052983e-01
5.524160667575619410e-01
7.258795375830118246e-01
6.248344639788618871e-01
2.595869351471165043e-01
3.187502499654512600e-02
5.539499700810452953e-01
8.009482120886526335e-01
1.191175683273605762e-01
1.129161158010502097e-01
8.030758798250758890e-01
3.391187581199450740e-01
1.100334549177754556e-01
5.476579826857586042e-01
6.660879816880774795e-01
7.941753166080086634e-01
3.678186496266246941e-01
4.856512819583695961e-01
7.247830096533965927e-01
6.676016180162782643e-01
8.716263066034879436e-01
1.146290476497359434e-01
5.008548461032920063e-01
5.878608213124800752e-01
1.076589754032889062e-01
7.810231308435458542e-02
4.115010123550482124e-01
5.338701374378875819e-01
6.488159974924267992e-02
4.314287041612305806e-01
7.742350753242270844e-01
6.981711534013392839e-01
4.963305282376071492e-01
4.309345598782807762e-01
7.125938605276523896e-01
7.732378260880542475e-01
3.974644255043580099e-01
1.036942167829965344e-01
4.513398996147710562e-01
4.185096289253598112e-01
8.008050093369648015e-02
1.222166862329220616e-01
5.496040768816428113e-01
4.521324931114572010e-01
1.000540523230736834e-01
6.433016763648873315e-01
7.435763481538960606e-01
7.353051819012474954e-01
4.395257903063427563e-01
5.969775518120008506e-01
8.392414676244741578e-01
7.413200444947737333e-01
5.651397857765640964e-01
1.062299122140595020e-01
5.966879008001957363e-01
7.019018191247083926e-01
1.224489578331809381e-01
1.141744501113115817e-01
6.217678088298335126e-01
5.072028533552148666e-01
1.290529670577451604e-01
5.807256367030046995e-01
7.735249960343388853e-01
8.338756807949273542e-01
5.188486893391113242e-01
5.729377765964374092e-01
6.862701252107470395e-01
7.730307130624207712e-01
6.471935196172746707e-01
1.147538066849545790e-01
5.434458655241054537e-01
5.919520444197861053e-01
1.155710670509827592e-01
8.508230738113867209e-02
4.303546106727835774e-01
5.283453764243317696e-01
8.976584089507685937e-02
4.561404914083464490e-01
7.474996242057186935e-01
7.335620461337273301e-01
4.902872894800960335e-01
5.642480006994627928e-01
7.401277371354890722e-01
7.429750042778058283e-01
4.543926921814112063e-01
7.120606672499898981e-02
5.379452021136359452e-01
4.946467220347348093e-01
8.801558428126590727e-02
6.545254053286198026e-02
2.782622656493572988e-01
2.045029988820916411e-01
8.451183211663658434e-02
3.023017947813996242e-01
6.718996253823957820e-01
3.952763728469081972e-01
2.398079466065787257e-01
2.469189647877166327e-01
8.293253881013931128e-01
4.337090742113296482e-01
2.318314615582094396e-01
4.263503983587728363e-02
7.119844985087984135e-01
3.349677311368417509e-01
8.330447755240183438e-02
2.987679198724765284e-01
7.609394560502176219e-01
1.000000000000000000e+00
3.298252182833834589e-01
8.573586221717619527e-01
4.213920297539302529e-01
5.500180766359271667e-01
4.477651456299243105e-01
4.508964657408541243e-01
3.819111508799362120e-01
5.531240961105367004e-01
3.846385224322201868e-01
6.435137447373633079e-02
5.131923156558240162e-01
1.000000000000000000e+00
1.913937730649110658e-01
2.467493879335267981e-01
3.709388281561089018e-01
5.225380321532107075e-01
7.148530772331967986e-01
7.142998160772007221e-01
8.371781895912395743e-01
3.780976692193271926e-01
8.643066345843123388e-01
5.003142770231645553e-01
8.364014438441956800e-01
4.330580714596714564e-01
6.487633101255558810e-01
1.219251709617024670e-01
3.646768241912330955e-01
7.595961498640015908e-01
2.780182030074162536e-01
2.670307008030336354e-02
1.160676310750018148e-01
7.113109466913258849e-02
4.080153584100680575e-02
3.955757157492102438e-01
4.857910653529961542e-01
4.484538730236290460e-01
2.375676786176016964e-01
4.064015047006411807e-01
7.154451584710870282e-01
8.755292443419349091e-01
2.947416854225174410e-01
2.639114828448283628e-02
2.394179360110456067e-01
2.889734463421710364e-01
6.765206210371621509e-02
