2.598034644179357255e-01
5.547796692651212336e-01
3.082897302883806923e-01
2.033059741892062067e-01
4.124856999657163237e-01
5.086692008975703949e-01
6.278867357555050210e-01
2.962214462373459201e-01
2.491490907417048262e-01
6.961151357241499582e-01
1.889089705885792225e-01
2.829644780341136201e-01
2.103390133473037604e-01
5.742152829405222647e-01
4.603636018599427948e-01
2.046444723791736309e-01
3.136360646235620830e-01
5.467824937662040252e-01
7.169727110555783600e-01
4.683938454362819859e-01
4.561921411214373001e-01
1.915701595084334796e-01
4.672260188554688831e-01
1.989170305817146434e-01
4.425071271391615713e-01
5.595495242166033112e-01
4.678292702271548698e-01
6.247942261152195087e-01
1.323383180458027053e-01
2.695205394055475989e-01
7.150532644794851400e-01
2.910352626145878974e-01
4.383450903457987158e-01
3.810773500380888468e-01
2.623658638236355256e-01
5.583763474473110167e-01
5.979830374822560080e-01
5.716132285719418560e-01
5.571084130525091327e-01
7.303514495470159185e-01
2.647249337373501210e-01
5.780075626611460571e-01
1.945257037677732004e-01
4.848727881121691619e-01
4.131944278844192908e-01
3.830243008325187049e-01
5.502997362911841162e-01
5.470644654488199254e-01
2.061792061750551130e-01
4.237592077321264972e-01
1.265947229761069381e-01
2.115655907212554698e-01
4.738159391360294848e-01
2.617586548102878163e-01
4.398635077245488523e-01
2.551707560147669085e-01
4.725073114623410397e-01
5.936200599169958458e-01
4.697275770188362176e-01
4.012975049325187560e-01
2.117611987753629799e-01
4.314431124405991302e-01
2.979090091759554193e-01
2.660049983149410657e-01
2.628705344352041395e-01
5.494228362600703797e-01
2.994796129814356611e-01
2.039761849394413629e-01
4.071590312701901526e-01
4.968212239619725912e-01
6.260747661447583212e-01
2.896082435667739485e-01
2.521564413979394126e-01
7.129554531034508758e-01
1.952947631943761087e-01
2.109555041111858542e-01
5.663713669459711220e-01
4.643735152134264021e-01
3.057181437599872931e-01
5.485234944935738488e-01
7.160138879739335049e-01
4.628310502219969980e-01
1.935137324282103777e-01
4.675268554355740402e-01
4.413156514274393927e-01
5.583268703098557273e-01
1.292019328936932498e-01
2.696650215540680740e-01
4.348986297243198074e-01
3.820535619746644462e-01
5.968142767006767713e-01
5.748078848557626186e-01
2.644511954594265246e-01
4.184493943854017961e-01
2.089538540178187132e-01
4.718213057624778273e-01
3.186048474361076188e-01
6.835723325320252064e-01
6.780893429790151306e-01
3.198442300107818825e-01
2.946526212882948914e-01
4.657799374029356620e-01
3.640372784790570915e-01
3.465763954625256105e-01
5.296839332874576645e-01
3.741656968026157437e-01
5.613082261173328869e-01
4.158064562581111900e-01
4.215093036533403836e-01
6.888255696703575737e-01
3.774777624109225682e-01
4.759777288590116839e-01
2.279283073308112362e-01
4.423352979147252562e-01
5.592921306083740163e-01
2.987757734688569755e-01
2.598034644179357255e-01
5.547796692651212336e-01
3.082897302883806923e-01
2.033059741892062067e-01
4.124856999657163237e-01
5.086692008975703949e-01
6.278867357555050210e-01
2.962214462373459201e-01
2.491490907417048262e-01
6.961151357241499582e-01
1.889089705885792225e-01
2.829644780341136201e-01
2.103390133473037604e-01
5.742152829405222647e-01
4.603636018599427948e-01
2.046444723791736309e-01
3.136360646235620830e-01
5.467824937662040252e-01
7.169727110555783600e-01
4.683938454362819859e-01
4.561921411214373001e-01
1.915701595084334796e-01
4.672260188554688831e-01
1.989170305817146434e-01
4.425071271391615713e-01
5.595495242166033112e-01
4.678292702271548698e-01
6.247942261152195087e-01
1.323383180458027053e-01
2.695205394055475989e-01
7.150532644794851400e-01
2.910352626145878974e-01
4.383450903457987158e-01
3.810773500380888468e-01
2.623658638236355256e-01
5.583763474473110167e-01
5.979830374822560080e-01
5.716132285719418560e-01
5.571084130525091327e-01
7.303514495470159185e-01
2.647249337373501210e-01
5.780075626611460571e-01
1.945257037677732004e-01
4.848727881121691619e-01
4.131944278844192908e-01
3.830243008325187049e-01
5.502997362911841162e-01
5.470644654488199254e-01
2.061792061750551130e-01
4.237592077321264972e-01
1.265947229761069381e-01
2.115655907212554698e-01
4.738159391360294848e-01
2.617586548102878163e-01
4.398635077245488523e-01
2.551707560147669085e-01
4.725073114623410397e-01
5.936200599169958458e-01
4.697275770188362176e-01
4.012975049325187560e-01
2.117611987753629799e-01
4.314431124405991302e-01
2.979090091759554193e-01
2.660049983149410657e-01
2.946526212882948914e-01
4.657799374029356620e-01
3.640663564138053587e-01
3.465760412650695788e-01
5.296834607423013264e-01
3.741641319267390298e-01
5.613082261173328869e-01
4.158070850618145187e-01
4.215093036533403836e-01
6.888255696703575737e-01
3.774777624109225682e-01
4.759770363883724098e-01
2.279283073308112362e-01
4.423352979147252562e-01
5.592921306083740163e-01
2.987757734688569755e-01
2.971148138481194412e-01
6.781280874243413859e-01
4.086155531574036104e-01
2.197206256422809534e-01
3.255613508629582320e-01
5.818432258732679774e-01
6.227880930857622177e-01
4.489710644065449952e-01
4.674385251162618271e-01
5.464751727534599146e-01
5.827440824791326746e-01
7.245656020244024553e-01
2.802318183253448280e-01
4.917787502477952710e-01
3.444004087497238853e-01
2.935029363958215343e-01
1.988766487879051470e-01
6.208345838457047794e-01
7.056439860439263079e-01
1.597864065197144301e-01
5.052676748153364095e-01
5.744565564694381621e-01
5.411728422264062699e-01
6.854319587956181348e-01
8.013333233017729818e-01
4.756463816216679463e-01
5.702171710117497350e-01
5.977738219974866318e-01
1.872709609278478682e-01
8.229251125847438786e-01
5.049425797262407922e-01
2.038466736091623932e-01
2.260234580996642040e-01
7.001371096125330595e-01
5.556816013933292275e-01
2.488712101717285852e-01
8.184586198234358179e-01
5.805325112104325891e-01
5.463178930147402079e-01
5.484587260059377023e-01
7.914219298610456477e-01
5.730488155385271565e-01
5.758280301010895164e-01
7.329144576201218619e-01
2.102892494018382685e-01
8.015507467693618882e-01
8.865244625947537038e-01
2.298106486202089460e-01
2.218784111313135132e-01
8.061438536803895438e-01
7.850688292584249162e-01
2.274303764776208769e-01
7.401807187302527069e-01
5.793002907081181707e-01
5.946397599994182048e-01
7.962973088873952499e-01
7.473902260565186140e-01
5.183004661067035501e-01
5.774521399229535223e-01
8.550561459241721174e-01
2.396241488546791143e-01
7.435303110606485966e-01
7.549613124493248506e-01
2.262944211869333255e-01
1.983608637236432826e-01
7.111974804952694296e-01
7.573643613757499171e-01
1.854708035409066980e-01
6.139630268821876236e-01
5.143941228143946720e-01
5.957883688152862955e-01
7.217353133347186311e-01
8.009693732120974907e-01
5.771706855579825657e-01
5.068051931581603053e-01
7.621909049360007238e-01
1.875628228071768155e-01
7.846075743909899369e-01
6.741883317563648337e-01
2.040872441199575726e-01
2.598034644179357255e-01
5.547796692651213446e-01
3.082897302883806923e-01
2.033059741892062067e-01
4.124856999657163237e-01
5.086692008975703949e-01
6.278867357555050210e-01
2.962214462373458645e-01
2.491490907417048262e-01
6.961151357241501803e-01
1.889089705885791948e-01
2.829644780341136201e-01
2.103390133473037882e-01
5.742152829405222647e-01
4.603636018599427393e-01
2.046444723791736309e-01
3.136360646235620275e-01
5.467824937662040252e-01
7.169727110555781380e-01
4.683938454362819859e-01
4.561921411214373001e-01
1.915701595084334796e-01
4.672260188554688276e-01
1.989170305817146434e-01
4.425071271391615713e-01
5.595495242166033112e-01
4.678292702271549253e-01
6.247942261152195087e-01
1.323383180458027053e-01
2.695205394055475434e-01
7.150532644794852510e-01
2.910352626145878974e-01
4.383450903457987713e-01
3.810773500380888468e-01
2.623658638236354701e-01
5.583763474473109056e-01
5.979830374822558969e-01
5.716132285719417450e-01
5.571084130525090217e-01
7.303514495470161405e-01
2.647249337373501765e-01
5.780075626611458350e-01
1.945257037677731449e-01
4.848727881121690508e-01
4.131944278844192908e-01
3.830243008325187049e-01
5.502997362911841162e-01
5.470644654488199254e-01
2.061792061750550853e-01
4.237592077321264972e-01
1.265947229761069659e-01
2.115655907212554976e-01
4.738159391360294848e-01
2.617586548102878163e-01
4.398635077245489078e-01
2.551707560147668530e-01
4.725073114623410397e-01
5.936200599169958458e-01
4.697275770188363286e-01
4.012975049325188115e-01
2.117611987753629799e-01
4.314431124405991302e-01
2.979090091759553638e-01
2.660049983149410657e-01
