6.676339978456591329e-02
2.947263634606360205e-01
1.714687760230985403e-01
9.360932345783176678e-02
2.675320468688479059e-01
2.084306011054170016e-01
9.755535290095589396e-01
1.047764976644139923e-01
7.317631729719265010e-02
6.651433112640379175e-01
1.215895149814018861e-01
1.067134609887211150e-01
5.174810428697648734e-02
6.801315791324055171e-01
3.051016412357126506e-01
9.341910974051551020e-02
1.921705062149142162e-01
5.068130831021140370e-01
3.719728322204282067e-01
2.980777746587081611e-01
4.524579744059953335e-02
1.985684721185653756e-01
7.178908092203646341e-01
1.308442846099429901e-01
9.993871364807610513e-01
9.679660880719056504e-01
7.227823088691947007e-01
9.746601858477939029e-01
2.374605727713498260e-02
4.365490718477721965e-01
3.555739110669954295e-01
1.515374654954329270e-01
4.042557966448597773e-01
6.678226524201075209e-01
4.323985890935146958e-01
6.846149193412643941e-01
6.610650151469307234e-01
7.484458423937195848e-01
9.641007003759132221e-01
6.890944359682050768e-01
2.461087925156643652e-01
7.477872699085157393e-01
2.043340561108308862e-01
1.969916079887782390e-01
1.914135323342255890e-01
6.783737421309086191e-01
5.187799192073965227e-01
3.006204855379502328e-01
2.013008794721647329e-02
1.839580282618226426e-01
2.803450851523534015e-02
5.079388025884125357e-02
1.362756457179260527e-01
2.415463119772574552e-01
9.999999999999998890e-01
6.727703187746120195e-02
1.390928592387163931e-01
6.627797709995721931e-01
3.377778971930645024e-02
2.662148186541775652e-01
1.946688756680770363e-02
3.918336211381008849e-01
1.871914889489629807e-01
6.693647657470459811e-02
6.684899774186736643e-02
2.953360155741770465e-01
1.612918649094285117e-01
9.351407993853298739e-02
2.669896046465946027e-01
2.027352499684782483e-01
9.750879171721990035e-01
1.057427465708558334e-01
7.023008580244149979e-02
6.769245019522714957e-01
1.271110913883996552e-01
5.126850119587716970e-02
6.823518636956173999e-01
3.015942636434311153e-01
1.896637772966173474e-01
5.127365501976139939e-01
3.637810626177596651e-01
3.962092792008331532e-02
2.019180529461813145e-01
7.203301605339421654e-01
1.000000000000000000e+00
9.660300716228750195e-01
2.552747369183290538e-02
4.404813143814356180e-01
3.980528589789927851e-01
6.731130273741290360e-01
6.630517940216404948e-01
7.481168147422301296e-01
2.449380380075056041e-01
1.877051328490323967e-01
1.980043012847990808e-02
1.354850957721539517e-01
1.059671873411114351e-01
8.956281647879528185e-01
8.956951878392194200e-01
1.028255065188815598e-01
1.193651546807592834e-01
4.056106826369765272e-01
7.082545098547732287e-02
2.151832222244820791e-01
1.293624543017368733e-01
3.934730244379329167e-01
9.823883301313064420e-01
1.165652510275339004e-01
7.367378738995771226e-01
9.707975420391811161e-01
3.980170263470155789e-01
4.477692092575551452e-01
3.565470971945540468e-02
7.470282300299515565e-01
1.312039943240190798e-01
1.186858958567829220e-01
6.676339978456591329e-02
2.947263634606360205e-01
1.714687760230985403e-01
9.360932345783176678e-02
2.675320468688479059e-01
2.084306011054170016e-01
9.755535290095589396e-01
1.047764976644139923e-01
7.317631729719265010e-02
6.651433112640379175e-01
1.215895149814018861e-01
1.067134609887211150e-01
5.174810428697648734e-02
6.801315791324055171e-01
3.051016412357126506e-01
9.341910974051551020e-02
1.921705062149142162e-01
5.068130831021140370e-01
3.719728322204282067e-01
2.980777746587081611e-01
4.524579744059953335e-02
1.985684721185653756e-01
7.178908092203646341e-01
1.308442846099429901e-01
9.993871364807610513e-01
9.679660880719056504e-01
7.227823088691947007e-01
9.746601858477939029e-01
2.374605727713498260e-02
4.365490718477721965e-01
3.555739110669954295e-01
1.515374654954329270e-01
4.042557966448597773e-01
6.678226524201075209e-01
4.323985890935146958e-01
6.846149193412643941e-01
6.610650151469307234e-01
7.484458423937195848e-01
9.641007003759132221e-01
6.890944359682050768e-01
2.461087925156643652e-01
7.477872699085157393e-01
2.043340561108308862e-01
1.969916079887782390e-01
1.914135323342255890e-01
6.783737421309086191e-01
5.187799192073965227e-01
3.006204855379502328e-01
2.013008794721647329e-02
1.839580282618226426e-01
2.803450851523534015e-02
5.079388025884125357e-02
1.362756457179260527e-01
2.415463119772574552e-01
9.999999999999998890e-01
6.727703187746120195e-02
1.390928592387163931e-01
6.627797709995721931e-01
3.377778971930645024e-02
2.662148186541775652e-01
1.946688756680770363e-02
3.918336211381008849e-01
1.871914889489629807e-01
6.693647657470459811e-02
1.193651546807592834e-01
4.056106826369765272e-01
7.083110825731209204e-02
2.151827968035081862e-01
1.293623388940430274e-01
3.934713788128814116e-01
9.823883301313064420e-01
1.165654273034442134e-01
7.367378738995771226e-01
9.707975420391811161e-01
3.980170263470155789e-01
4.477685578257510901e-01
3.565470971945540468e-02
7.470282300299515565e-01
1.312039943240190798e-01
1.186858958567829220e-01
8.576883374778629388e-02
3.976413800497367035e-01
4.414087098689440936e-01
8.907197709424789778e-02
5.816131257419137057e-01
8.737740487986983551e-01
6.929070353556856521e-01
4.720415342534585168e-01
3.522440311116952216e-01
7.773010199876471127e-01
8.792926736368626983e-01
4.420216541640562546e-01
4.387119782939574719e-02
3.690190880770858328e-01
6.361913813517985350e-01
8.149388518367560452e-02
3.888911886939808160e-02
3.078862955152987801e-01
3.549917597338698716e-01
4.505648430922604142e-02
3.222794915354647571e-01
7.957155346659445794e-01
8.607579785461908495e-01
3.190809919722443766e-01
3.085215586029022017e-01
8.677483559630724264e-01
7.949660016738258062e-01
3.095890978910109670e-01
6.875595697558192776e-02
3.264917169802881158e-01
3.261246914251505480e-01
4.078719501966424077e-02
7.655071043051883684e-02
3.800308977457746984e-01
3.456986291737114136e-01
7.700021465454121028e-02
4.491176545401338593e-01
8.759829204534257396e-01
7.819656935472372172e-01
3.273035828509747169e-01
6.248000145908632064e-01
8.601152101792290949e-01
8.781852500496354352e-01
4.043034110796077663e-01
6.751507764986702798e-02
6.323726924199035704e-01
4.835745786643137478e-01
7.702677915538561071e-02
7.183000365010394628e-02
3.719806503388563002e-01
6.404460622537948566e-01
7.169333505468421242e-02
6.015052046516169426e-01
8.468197142820641510e-01
8.548062689770369316e-01
6.542843262835678075e-01
3.667788819415811474e-01
8.034792059653784735e-01
8.503633405849658766e-01
3.716768934621406117e-01
6.914304507027091429e-02
3.336932878199232455e-01
6.288191889299810100e-01
7.329478474313737280e-02
5.151957805168086435e-02
2.969351150393551020e-01
3.613798054056582831e-01
5.452316469496501505e-02
2.977929187497507790e-01
7.834012048644520831e-01
8.814149627311551605e-01
3.306189714450276096e-01
3.180739810804964485e-01
8.992233560093616518e-01
7.786648697534831465e-01
3.183375961375634056e-01
5.730162057695500910e-02
2.765767239838188285e-01
3.426301610896069771e-01
5.640831078611671656e-02
6.676339978456591329e-02
2.947263634606360760e-01
1.714687760230985403e-01
9.360932345783176678e-02
2.675320468688479614e-01
2.084306011054170016e-01
9.755535290095591616e-01
1.047764976644139923e-01
7.317631729719265010e-02
6.651433112640381395e-01
1.215895149814018583e-01
1.067134609887211427e-01
5.174810428697650122e-02
6.801315791324056281e-01
3.051016412357125951e-01
9.341910974051551020e-02
1.921705062149142162e-01
5.068130831021140370e-01
3.719728322204281512e-01
2.980777746587082722e-01
4.524579744059953335e-02
1.985684721185653479e-01
7.178908092203645230e-01
1.308442846099430457e-01
9.993871364807610513e-01
9.679660880719056504e-01
7.227823088691948117e-01
9.746601858477939029e-01
2.374605727713501035e-02
4.365490718477722520e-01
3.555739110669955405e-01
1.515374654954328992e-01
4.042557966448598328e-01
6.678226524201075209e-01
4.323985890935145848e-01
6.846149193412643941e-01
6.610650151469306124e-01
7.484458423937195848e-01
9.641007003759131111e-01
6.890944359682050768e-01
2.461087925156643930e-01
7.477872699085155173e-01
2.043340561108308584e-01
1.969916079887781279e-01
1.914135323342256445e-01
6.783737421309086191e-01
5.187799192073967447e-01
3.006204855379502328e-01
2.013008794721646982e-02
1.839580282618225870e-01
2.803450851523531240e-02
5.079388025884126051e-02
1.362756457179260527e-01
2.415463119772574552e-01
1.000000000000000000e+00
6.727703187746125746e-02
1.390928592387163931e-01
6.627797709995721931e-01
3.377778971930650576e-02
2.662148186541776207e-01
1.946688756680770363e-02
3.918336211381008849e-01
1.871914889489629807e-01
6.693647657470459811e-02
