5.452634565900833785e-02
2.520135052604741133e-01
3.156906292210800435e-01
4.387992965163484138e-02
2.754681187627576744e-01
6.007281966559531172e-01
6.337698347566668167e-01
1.222731221088127485e-01
2.042935180124990091e-01
5.643741126652943585e-01
4.042419465521471800e-01
1.194475359491244670e-01
5.429845360962883005e-02
5.776245858359193575e-01
2.913940416006619016e-01
4.333038373845667091e-02
2.654611279356348663e-01
4.357075696621333649e-01
6.390008159484106276e-01
3.011408981063232182e-01
6.197988902289295332e-01
3.655128926777353460e-01
6.733782922567885798e-01
4.123409981431610527e-01
7.087787783118898455e-01
6.485976202607215413e-01
6.762458670786181125e-01
6.222911550905128042e-01
1.046174474164120877e-01
3.909754984380051090e-01
6.085996056756809436e-01
2.924992795545365842e-01
2.993705290825308118e-01
7.525128534528991997e-01
3.819161940849652437e-01
5.671406447372809856e-01
3.271602648903947363e-01
9.336160273085795103e-01
6.419965583642949225e-01
5.788001985413078199e-01
3.808935914299729775e-01
9.334458200331408051e-01
3.677064689019996502e-01
5.728136405754783445e-01
8.344409965144372610e-02
7.525497707569417383e-01
4.202656602041414113e-01
2.401588750118989757e-01
2.079055257550836353e-02
8.306631146429116486e-02
1.098842145732858988e-01
5.181478119792939929e-02
2.876978027856328390e-01
3.772068633608455790e-01
7.073322547902524127e-01
1.972965130145273305e-01
2.757946289870207845e-01
3.115414266760853645e-01
6.084775873778121014e-01
2.519696066975696258e-01
2.083258353484108288e-02
2.913797659389891215e-01
2.444624209474521859e-01
5.537129778475230468e-02
5.494423055231641151e-02
2.435697202200818867e-01
3.038491447469481299e-01
4.360476186917504327e-02
2.640520207555396848e-01
5.868298406477813201e-01
6.277508469925549006e-01
1.208635861085207985e-01
2.007990614762878434e-01
5.714700829251201375e-01
4.112253966113957326e-01
5.305013358120010125e-02
5.724326237053336541e-01
2.962611480196624125e-01
2.548891489199998084e-01
4.280639751680359595e-01
6.238144687572509950e-01
6.142459770388255524e-01
3.675188600058267863e-01
6.748083286281669757e-01
7.082693911449122748e-01
6.452914151869585391e-01
1.069100003174451724e-01
3.918411456775097723e-01
2.953803901849497704e-01
7.525313639940880428e-01
3.198850030705325809e-01
9.335309905034252509e-01
3.807948133753040754e-01
8.325618619782032548e-02
2.081144495552252061e-02
2.799298479507723592e-01
1.175066289537807229e-01
8.915029171917362438e-01
8.826992615212567728e-01
1.083210201772085712e-01
1.127735237540873070e-01
3.527257551729676699e-01
3.955511621932181754e-01
1.719957397140839672e-01
3.210431591751943259e-01
5.979273509503888473e-01
7.203160142971016811e-01
4.190349039948135790e-01
6.561923479427356209e-01
7.893504530874029257e-01
6.002313484901906637e-01
3.525606666934981703e-01
3.510311683545233596e-02
6.722439746206589906e-01
2.977298573804341153e-01
1.107014818508336579e-01
5.452634565900833785e-02
2.520135052604741133e-01
3.156906292210800435e-01
4.387992965163484138e-02
2.754681187627576744e-01
6.007281966559531172e-01
6.337698347566668167e-01
1.222731221088127485e-01
2.042935180124990091e-01
5.643741126652943585e-01
4.042419465521471800e-01
1.194475359491244670e-01
5.429845360962883005e-02
5.776245858359193575e-01
2.913940416006619016e-01
4.333038373845667091e-02
2.654611279356348663e-01
4.357075696621333649e-01
6.390008159484106276e-01
3.011408981063232182e-01
6.197988902289295332e-01
3.655128926777353460e-01
6.733782922567885798e-01
4.123409981431610527e-01
7.087787783118898455e-01
6.485976202607215413e-01
6.762458670786181125e-01
6.222911550905128042e-01
1.046174474164120877e-01
3.909754984380051090e-01
6.085996056756809436e-01
2.924992795545365842e-01
2.993705290825308118e-01
7.525128534528991997e-01
3.819161940849652437e-01
5.671406447372809856e-01
3.271602648903947363e-01
9.336160273085795103e-01
6.419965583642949225e-01
5.788001985413078199e-01
3.808935914299729775e-01
9.334458200331408051e-01
3.677064689019996502e-01
5.728136405754783445e-01
8.344409965144372610e-02
7.525497707569417383e-01
4.202656602041414113e-01
2.401588750118989757e-01
2.079055257550836353e-02
8.306631146429116486e-02
1.098842145732858988e-01
5.181478119792939929e-02
2.876978027856328390e-01
3.772068633608455790e-01
7.073322547902524127e-01
1.972965130145273305e-01
2.757946289870207845e-01
3.115414266760853645e-01
6.084775873778121014e-01
2.519696066975696258e-01
2.083258353484108288e-02
2.913797659389891215e-01
2.444624209474521859e-01
5.537129778475230468e-02
1.127735237540873070e-01
3.527257551729676699e-01
3.955827573390007235e-01
1.719952908827277194e-01
3.210428727640344260e-01
5.979248502345414495e-01
7.203160142971016811e-01
4.190355376807399779e-01
6.561923479427356209e-01
7.893504530874029257e-01
6.002313484901906637e-01
3.525601537747304892e-01
3.510311683545233596e-02
6.722439746206589906e-01
2.977298573804341153e-01
1.107014818508336579e-01
1.011642372482428609e-01
4.727664535707896132e-01
5.492947267189449700e-01
5.177061965887547190e-02
7.017282487454317152e-01
7.285383790751905897e-01
7.528676693652079921e-01
5.769023360155571822e-01
7.046667719193333568e-02
9.371164374292496602e-01
7.216839186239872861e-01
4.871464672142664654e-01
8.041935427473489995e-02
8.789386140635824241e-02
7.316515563297161240e-01
9.374607009164982740e-02
4.757579183551377544e-02
2.897916358585299612e-01
4.063697815934870228e-01
5.260854143135551553e-02
3.837409273550063116e-01
8.125955810583480599e-01
8.110869174260242342e-01
3.660560923397919719e-01
2.800009874306363944e-01
8.521020748917161880e-01
8.009122240632162715e-01
2.658420159141241523e-01
7.719314358807208287e-02
2.978799973993464523e-01
3.533739237235449249e-01
4.440100847237585246e-02
6.127426191843324266e-02
6.713100526093187526e-01
1.434100765340531325e-01
9.559951754102402610e-02
5.113986294676435840e-01
8.276466139631618590e-01
8.387373775974285017e-01
1.212494787019080533e-01
7.578490035102567468e-01
8.042551484210338497e-01
8.193462386919054818e-01
6.598298726262386005e-01
6.604646073399669803e-02
7.538676579991168136e-01
5.095640045629852288e-01
5.795667065809437246e-02
5.981922267223066525e-02
5.588327312598249108e-01
6.667130623066404027e-01
7.102214021095291929e-02
7.362741432937496278e-01
8.429814894506857392e-01
8.158110771637795411e-01
6.685275702603452608e-01
3.806868120651674126e-01
7.688630400036445822e-01
8.339702280438862081e-01
5.368646196256929848e-01
7.669121558340905032e-02
3.415177024041238241e-01
7.271975940571375752e-01
5.743406390263612604e-02
5.724293009311356983e-02
3.354650423646530211e-01
4.029681945208782867e-01
5.725077018225235848e-02
2.929714280607991217e-01
8.223035165854714057e-01
8.243538663037472958e-01
3.714992403219337103e-01
4.373571489574130666e-01
8.180466505044319270e-01
8.077815515524509049e-01
3.270580983729618474e-01
5.480633118019570538e-02
4.018556700563997719e-01
3.010554389698454347e-01
5.552617789629107903e-02
5.452634565900834479e-02
2.520135052604740578e-01
3.156906292210800435e-01
4.387992965163485526e-02
2.754681187627577299e-01
6.007281966559532282e-01
6.337698347566669277e-01
1.222731221088126929e-01
2.042935180124991201e-01
5.643741126652945805e-01
4.042419465521470689e-01
1.194475359491244948e-01
5.429845360962884393e-02
5.776245858359192464e-01
2.913940416006618461e-01
4.333038373845668478e-02
2.654611279356349218e-01
4.357075696621333649e-01
6.390008159484106276e-01
3.011408981063232182e-01
6.197988902289293112e-01
3.655128926777354015e-01
6.733782922567884688e-01
4.123409981431610527e-01
7.087787783118899565e-01
6.485976202607215413e-01
6.762458670786181125e-01
6.222911550905128042e-01
1.046174474164120877e-01
3.909754984380051646e-01
6.085996056756811656e-01
2.924992795545365842e-01
2.993705290825308674e-01
7.525128534528993107e-01
3.819161940849651327e-01
5.671406447372808746e-01
3.271602648903946808e-01
9.336160273085793992e-01
6.419965583642948115e-01
5.788001985413078199e-01
3.808935914299730330e-01
9.334458200331405830e-01
3.677064689019996502e-01
5.728136405754782334e-01
8.344409965144372610e-02
7.525497707569418493e-01
4.202656602041414113e-01
2.401588750118988647e-01
2.079055257550836699e-02
8.306631146429116486e-02
1.098842145732858711e-01
5.181478119792941317e-02
2.876978027856328390e-01
3.772068633608455790e-01
7.073322547902525237e-01
1.972965130145273860e-01
2.757946289870206735e-01
3.115414266760853645e-01
6.084775873778123234e-01
2.519696066975696258e-01
2.083258353484108288e-02
2.913797659389891215e-01
2.444624209474521859e-01
5.537129778475230468e-02
