5.468515738758249478e-01
8.533245923955308232e-01
6.545936705587500626e-01
5.386094024419211257e-01
7.549519726464009040e-01
4.010929681740431629e-01
3.120103688776192929e-01
7.846454644795448630e-01
4.269726028802414697e-01
4.237156522928098301e-01
1.214400283074977549e-01
7.919860339973894270e-01
4.268560900149337423e-01
5.473574327300767539e-01
7.437172907063129834e-01
5.403997296262315064e-01
8.224443913582408783e-01
3.775878770571394205e-01
3.398611896187938575e-01
7.610052978240640087e-01
3.620425640997625982e-01
8.278767763785335743e-02
1.050449297757080763e-01
1.290171267109278264e-01
1.988452058975176684e-01
1.007207795473403916e-01
1.054374265171637293e-01
3.107809377995892075e-01
5.172548630332011177e-01
1.697804436093637293e-01
3.229134635785758656e-01
6.212384046028135431e-01
5.608138515155720594e-01
2.181345322945552889e-01
1.588344231254303351e-01
5.379525350263971717e-01
4.519473883433871020e-01
1.774966115782699028e-01
1.000588633476489492e-01
4.402375623728584930e-01
1.345169090530353162e-01
1.769192121261048967e-01
8.587027993489476652e-02
3.826216774495987405e-01
7.388749456538823424e-01
2.256997415764291359e-01
3.762413129591180572e-01
8.701738466526645066e-01
5.114770059056636953e-01
7.447519238846300738e-01
5.311451811853470373e-01
4.219691680611534768e-01
7.895438870363056250e-01
1.353332446857555826e-01
1.994226161226200777e-01
4.310087583108462850e-01
7.857984107667713713e-01
4.534214295822435736e-01
3.542769156394388053e-01
7.737637583504124450e-01
5.179095893422905883e-01
5.600626088158424665e-01
8.184338518902760651e-01
5.669038280478044811e-01
5.567687441390113401e-01
8.612954708040658769e-01
6.375624986077027545e-01
5.395058523096586400e-01
7.644684232143149627e-01
3.918963120037400882e-01
3.109140298042432082e-01
7.883072876954361208e-01
4.289883467206029866e-01
4.318425263161009831e-01
1.261188071694288038e-01
4.243998713431251790e-01
5.426998452579496757e-01
7.523500812235079938e-01
8.204252508882795558e-01
3.769213409688672023e-01
3.313952749582095292e-01
3.582336410162514362e-01
8.451956704241728180e-02
1.052406647262510431e-01
1.991957164016089632e-01
1.003892524790954283e-01
5.239493403611276134e-01
1.666699788799234083e-01
5.604387230498839578e-01
2.219277702257791696e-01
4.534569955627724136e-01
1.772081385703849488e-01
1.355574736333738650e-01
7.417981796610997325e-01
5.146744579687224652e-01
7.871344423835238135e-01
6.867112571270049814e-01
3.095101210612666298e-01
3.040680479486291832e-01
6.998813356146423859e-01
6.273350057985616068e-01
5.714100766664000908e-01
4.585192704113458806e-01
6.487446423436188381e-01
6.723550852775825870e-01
1.602697434697220036e-01
1.640243295476191687e-01
4.880820334259192705e-01
3.090663146672716355e-01
2.390441746061780226e-01
1.588042396991568572e-01
6.061901659119628416e-01
5.474606145023064308e-01
3.353484964129853640e-01
7.137838101205717933e-01
6.444504923532468066e-01
5.468515738758249478e-01
8.533245923955308232e-01
6.545936705587500626e-01
5.386094024419211257e-01
7.549519726464009040e-01
4.010929681740431629e-01
3.120103688776192929e-01
7.846454644795448630e-01
4.269726028802414697e-01
4.237156522928098301e-01
1.214400283074977549e-01
7.919860339973894270e-01
4.268560900149337423e-01
5.473574327300767539e-01
7.437172907063129834e-01
5.403997296262315064e-01
8.224443913582408783e-01
3.775878770571394205e-01
3.398611896187938575e-01
7.610052978240640087e-01
3.620425640997625982e-01
8.278767763785335743e-02
1.050449297757080763e-01
1.290171267109278264e-01
1.988452058975176684e-01
1.007207795473403916e-01
1.054374265171637293e-01
3.107809377995892075e-01
5.172548630332011177e-01
1.697804436093637293e-01
3.229134635785758656e-01
6.212384046028135431e-01
5.608138515155720594e-01
2.181345322945552889e-01
1.588344231254303351e-01
5.379525350263971717e-01
4.519473883433871020e-01
1.774966115782699028e-01
1.000588633476489492e-01
4.402375623728584930e-01
1.345169090530353162e-01
1.769192121261048967e-01
8.587027993489476652e-02
3.826216774495987405e-01
7.388749456538823424e-01
2.256997415764291359e-01
3.762413129591180572e-01
8.701738466526645066e-01
5.114770059056636953e-01
7.447519238846300738e-01
5.311451811853470373e-01
4.219691680611534768e-01
7.895438870363056250e-01
1.353332446857555826e-01
1.994226161226200777e-01
4.310087583108462850e-01
7.857984107667713713e-01
4.534214295822435736e-01
3.542769156394388053e-01
7.737637583504124450e-01
5.179095893422905883e-01
5.600626088158424665e-01
8.184338518902760651e-01
5.669038280478044811e-01
6.273350057985616068e-01
5.714100766664000908e-01
4.585558952138428790e-01
6.487444519407113974e-01
6.723544854516885216e-01
1.602690731724246420e-01
1.640243295476191687e-01
4.880827715284319357e-01
3.090663146672716355e-01
2.390441746061780226e-01
1.588042396991568572e-01
6.061892840032805374e-01
5.474606145023064308e-01
3.353484964129853640e-01
7.137838101205717933e-01
6.444504923532468066e-01
6.076545988648128782e-01
5.646067756321191400e-01
4.723693132426818320e-01
6.033358629138673157e-01
5.664019336803856053e-01
1.941684803716655083e-01
1.939407776050904031e-01
5.136116383426814203e-01
4.950848161456093965e-01
2.075920841887636814e-01
1.927620577089048104e-01
6.180683681055350043e-01
6.057814769243259345e-01
5.239975483214289742e-01
6.135687915567231698e-01
6.060187677112522930e-01
5.310350314743631506e-01
6.225375447925505235e-01
6.380562795678903498e-01
5.874644890135214403e-01
6.829422050410953737e-01
1.771379644492064309e-01
1.791918601769224850e-01
6.121788384575335140e-01
5.580970653422463457e-01
1.819177173020210536e-01
1.676261347852111283e-01
6.360223024591737939e-01
6.067478037388953638e-01
5.942100946646857729e-01
7.134273726885977940e-01
5.435610560092081212e-01
5.875134366687103649e-01
5.396383559514190686e-01
6.017885318986588850e-01
6.293667050147757625e-01
7.340963920106466922e-01
2.039189654250931905e-01
1.867142347576377370e-01
6.096115025731605463e-01
6.083161291046295105e-01
2.007682059783422179e-01
1.997974587398700097e-01
5.783134566697945012e-01
5.799998712322681493e-01
6.296657352386521023e-01
8.159827483871908704e-01
6.036683339986050889e-01
5.866354403257917349e-01
6.251981697085819967e-01
6.053936411877081092e-01
6.163511778040611233e-01
6.001943758061369927e-01
2.080336023096033826e-01
2.060756252854835657e-01
6.345390356636100293e-01
7.797721991526613827e-01
1.832987249167934984e-01
2.090161539931795764e-01
6.463081552538696428e-01
6.014118345425186751e-01
7.700466058165136296e-01
6.176928116139825953e-01
6.083247231777875186e-01
5.615933599932171338e-01
6.885137313384162017e-01
7.547340355590119731e-01
5.669659122558621256e-01
6.473566093197775650e-01
1.795371825051778059e-01
1.818153874251260405e-01
7.240038225771343594e-01
7.433854515147766406e-01
1.842302387962637122e-01
1.697318146663487348e-01
7.666290741649337548e-01
5.668327875046776931e-01
7.275062705123278572e-01
7.431847000855411611e-01
5.768957984293526797e-01
5.468515738758249478e-01
8.533245923955309342e-01
6.545936705587501736e-01
5.386094024419212367e-01
7.549519726464009040e-01
4.010929681740432740e-01
3.120103688776192929e-01
7.846454644795446409e-01
4.269726028802414697e-01
4.237156522928098856e-01
1.214400283074977271e-01
7.919860339973896490e-01
4.268560900149337978e-01
5.473574327300767539e-01
7.437172907063128724e-01
5.403997296262316175e-01
8.224443913582408783e-01
3.775878770571394205e-01
3.398611896187938020e-01
7.610052978240640087e-01
3.620425640997627093e-01
8.278767763785335743e-02
1.050449297757080486e-01
1.290171267109278819e-01
1.988452058975176684e-01
1.007207795473403777e-01
1.054374265171637431e-01
3.107809377995892075e-01
5.172548630332011177e-01
1.697804436093637570e-01
3.229134635785759766e-01
6.212384046028135431e-01
5.608138515155720594e-01
2.181345322945553167e-01
1.588344231254303074e-01
5.379525350263970607e-01
4.519473883433871575e-01
1.774966115782699028e-01
1.000588633476489492e-01
4.402375623728584930e-01
1.345169090530353440e-01
1.769192121261048412e-01
8.587027993489476652e-02
3.826216774495987405e-01
7.388749456538823424e-01
2.256997415764291914e-01
3.762413129591180572e-01
8.701738466526645066e-01
5.114770059056635843e-01
7.447519238846300738e-01
5.311451811853471483e-01
4.219691680611534768e-01
7.895438870363056250e-01
1.353332446857555826e-01
1.994226161226200777e-01
4.310087583108463405e-01
7.857984107667710383e-01
4.534214295822435736e-01
3.542769156394389163e-01
7.737637583504126670e-01
5.179095893422904773e-01
5.600626088158424665e-01
8.184338518902759541e-01
5.669038280478043701e-01
