8.258010984715856706e-01
7.912440948271575181e-01
6.878105743023192886e-01
7.097458195430232930e-01
7.635889526431063334e-01
1.814372259984037283e-01
2.047957465828655343e-01
6.970539677901876896e-01
6.363216929684529788e-01
2.016178505064236681e-01
1.852032990587273720e-01
7.789107787290173723e-01
6.168589700521198704e-01
5.091985088489406897e-01
6.053420756856255913e-01
6.989092553772484617e-01
7.144078126122117567e-01
7.820414115328039317e-02
1.522069873854877131e-01
5.304183718362704969e-01
1.481836767841458458e-01
6.807734783084583297e-02
5.550818032484840236e-02
1.630751340026845575e-01
1.119875517543604954e-01
3.967519786726434600e-02
5.866531500788881720e-02
2.089766674102643274e-01
7.836541754603821852e-01
1.187242493738354665e-01
1.121962674097607138e-01
5.833233079818392897e-01
7.547498837944032202e-01
7.911438651693822321e-02
1.372985856695478346e-01
5.625358833101191669e-01
1.098007426454432056e-01
8.183955003476160728e-02
4.098005006724257659e-02
1.981481366699477942e-01
2.652322158231236737e-01
7.733512421059476893e-02
7.881938382391484588e-02
1.939093467008811134e-01
9.074382460721819310e-01
9.509565885236584415e-02
1.039374544386158505e-01
8.778752681733954510e-01
6.662884733045278951e-01
8.683093247783192359e-01
8.609096112013115976e-01
6.041813362918960761e-01
5.177071691904227002e-01
2.212898258772736937e-01
1.170103151304797695e-01
5.599314454453221401e-01
5.394605719430881630e-01
1.136114202931433614e-01
1.500927865902584313e-01
8.345948902505075928e-01
6.739925219290801017e-01
6.896725017012177439e-01
7.166249734503450375e-01
8.294250298834923152e-01
8.275933730221549656e-01
8.340436518681382250e-01
6.344594602158719621e-01
7.043197518397178447e-01
7.987024578383687956e-01
1.876469602030313988e-01
2.063415717420078177e-01
7.378880161492376022e-01
5.981707412630630216e-01
1.999111515164587738e-01
1.754390036201340375e-01
6.104870572099013737e-01
5.356127767031613196e-01
5.679288194497635889e-01
7.155240612397214539e-01
9.094188011475812239e-02
1.322203921325775799e-01
1.491200638027718739e-01
7.355640519948172806e-02
5.708261785712097358e-02
1.145423590684024606e-01
4.032874558909590318e-02
8.217393901596785621e-01
1.295900147445326889e-01
7.222538894846941560e-01
8.712748518391211228e-02
1.118989773449043379e-01
7.958910580344188967e-02
2.441579423050101727e-01
8.879753539359620529e-01
6.701179341131073830e-01
5.273597929636861803e-01
8.383436500228090837e-01
1.495567414767676739e-01
1.745098867062812031e-01
8.376748299304325185e-01
8.143769712251424098e-01
2.817938643727588843e-01
4.994156465435630743e-01
7.844491051713174956e-01
2.355615833276549775e-01
1.101822505468088853e-01
9.029271436062184797e-02
4.041163814052575187e-01
3.145569564402417306e-01
7.863396911091408148e-02
1.221440153089714958e-01
4.119105476412197042e-01
7.532186682915836817e-01
2.698672302843359017e-01
2.851712946565312379e-01
8.171679762186485618e-01
8.258010984715856706e-01
7.912440948271575181e-01
6.878105743023192886e-01
7.097458195430232930e-01
7.635889526431063334e-01
1.814372259984037283e-01
2.047957465828655343e-01
6.970539677901876896e-01
6.363216929684529788e-01
2.016178505064236681e-01
1.852032990587273720e-01
7.789107787290173723e-01
6.168589700521198704e-01
5.091985088489406897e-01
6.053420756856255913e-01
6.989092553772484617e-01
7.144078126122117567e-01
7.820414115328039317e-02
1.522069873854877131e-01
5.304183718362704969e-01
1.481836767841458458e-01
6.807734783084583297e-02
5.550818032484840236e-02
1.630751340026845575e-01
1.119875517543604954e-01
3.967519786726434600e-02
5.866531500788881720e-02
2.089766674102643274e-01
7.836541754603821852e-01
1.187242493738354665e-01
1.121962674097607138e-01
5.833233079818392897e-01
7.547498837944032202e-01
7.911438651693822321e-02
1.372985856695478346e-01
5.625358833101191669e-01
1.098007426454432056e-01
8.183955003476160728e-02
4.098005006724257659e-02
1.981481366699477942e-01
2.652322158231236737e-01
7.733512421059476893e-02
7.881938382391484588e-02
1.939093467008811134e-01
9.074382460721819310e-01
9.509565885236584415e-02
1.039374544386158505e-01
8.778752681733954510e-01
6.662884733045278951e-01
8.683093247783192359e-01
8.609096112013115976e-01
6.041813362918960761e-01
5.177071691904227002e-01
2.212898258772736937e-01
1.170103151304797695e-01
5.599314454453221401e-01
5.394605719430881630e-01
1.136114202931433614e-01
1.500927865902584313e-01
8.345948902505075928e-01
6.739925219290801017e-01
6.896725017012177439e-01
7.166249734503450375e-01
8.294250298834923152e-01
8.143793788075791573e-01
2.817908151510868375e-01
4.994446661288955980e-01
7.844535394941136719e-01
2.355601103830722298e-01
1.101828462057345970e-01
9.029153719562325875e-02
4.041154333186294245e-01
3.145632115779388727e-01
7.863050001379218168e-02
1.221451695148576405e-01
4.118734535465689017e-01
7.532201274177314776e-01
2.698657836408535626e-01
2.851701610528707409e-01
8.171723752142602271e-01
8.657831485632476731e-01
2.153809216599538168e-01
4.065837632157005554e-01
7.264051327213424392e-01
3.826638044250307846e-01
9.036227665607636517e-02
8.227709205238983858e-02
3.261856018773361399e-01
5.692215356787715397e-01
8.852358173945203135e-02
1.049524236549306960e-01
3.327133281493344086e-01
6.673931888516621003e-01
4.877586561313245195e-01
4.695729699118926792e-01
8.419910758718538446e-01
7.790269384480436043e-01
4.455497662506102685e-01
5.558287735511133754e-01
6.993536693263340265e-01
4.640743909160578440e-01
7.021156323622512740e-02
5.435845323925525552e-02
4.176241239403368777e-01
4.332924444464567593e-01
6.637359942118789546e-02
8.383845602196099422e-02
5.036990639098062328e-01
7.259922202200786989e-01
3.490326950374988968e-01
5.491218966854363170e-01
7.784119984297496186e-01
7.823807161132340093e-01
3.083521174703531820e-01
5.765768098510934969e-01
7.743596640647014695e-01
3.213693870799239072e-01
9.029120386585652580e-02
9.053881706868147083e-02
4.361511606541346175e-01
3.664081357704267461e-01
1.011207759905405346e-01
1.066011680631428760e-01
4.160700694520325094e-01
7.876994636265439720e-01
2.835723728459058623e-01
4.526514643450472164e-01
7.814500365306531471e-01
8.045262448125992671e-01
3.146476626378054142e-01
4.094010016556119957e-01
7.686262179228413594e-01
3.006065154859522970e-01
8.819937785034873134e-02
1.095442659850629497e-01
3.133162577182333486e-01
5.584474579810527750e-01
1.023597103596976393e-01
1.040720462436843380e-01
4.435917855796622788e-01
7.647954136088007671e-01
3.966885109499012074e-01
4.138189603707247421e-01
8.050379272157304200e-01
7.592555580161408635e-01
4.169581477236057321e-01
5.866149820305126550e-01
7.559512506741555837e-01
3.901064213378293566e-01
6.971722839247787573e-02
8.390326231391939671e-02
4.192543086418896170e-01
5.970120363880737635e-01
7.979286040978753047e-02
8.180525091513926594e-02
5.531547989005267674e-01
7.521349579975500355e-01
4.474094432261284116e-01
5.239756721440855802e-01
7.567641058509154695e-01
8.258010984715857816e-01
7.912440948271576291e-01
6.878105743023193996e-01
7.097458195430232930e-01
7.635889526431065555e-01
1.814372259984037283e-01
2.047957465828655899e-01
6.970539677901876896e-01
6.363216929684529788e-01
2.016178505064237236e-01
1.852032990587273442e-01
7.789107787290174834e-01
6.168589700521198704e-01
5.091985088489405786e-01
6.053420756856254803e-01
6.989092553772484617e-01
7.144078126122117567e-01
7.820414115328044868e-02
1.522069873854877131e-01
5.304183718362704969e-01
1.481836767841459013e-01
6.807734783084584684e-02
5.550818032484838849e-02
1.630751340026846130e-01
1.119875517543604954e-01
3.967519786726435294e-02
5.866531500788881026e-02
2.089766674102643274e-01
7.836541754603821852e-01
1.187242493738354943e-01
1.121962674097607138e-01
5.833233079818392897e-01
7.547498837944033312e-01
7.911438651693819546e-02
1.372985856695478624e-01
5.625358833101190559e-01
1.098007426454432056e-01
8.183955003476160728e-02
4.098005006724257659e-02
1.981481366699477942e-01
2.652322158231237292e-01
7.733512421059475506e-02
7.881938382391483200e-02
1.939093467008811134e-01
9.074382460721821531e-01
9.509565885236584415e-02
1.039374544386158505e-01
8.778752681733954510e-01
6.662884733045277841e-01
8.683093247783192359e-01
8.609096112013117086e-01
6.041813362918962982e-01
5.177071691904227002e-01
2.212898258772736937e-01
1.170103151304797834e-01
5.599314454453221401e-01
5.394605719430880519e-01
1.136114202931433614e-01
1.500927865902584313e-01
8.345948902505078149e-01
6.739925219290799907e-01
6.896725017012177439e-01
7.166249734503449265e-01
8.294250298834922042e-01
