3.179122345849240139e-01
7.758210583476528033e-01
3.511374918758274344e-01
3.123536046122204479e-01
5.800493185302524335e-01
5.543068276897601399e-01
5.461262725048832145e-01
5.158495820708379753e-01
3.078800872424155011e-01
4.878702266172738611e-01
1.651671811242443055e-01
5.129363110866637099e-01
2.730042475745216302e-01
6.539996600469880628e-01
6.107051125939679803e-01
3.130590067544766764e-01
5.159380375894548898e-01
5.232381639913707971e-01
6.728986670509522483e-01
6.220734649901591418e-01
5.182979180265339103e-01
1.710087493693186467e-01
3.398050526505386748e-01
1.742528583093858330e-01
3.494160378775820752e-01
3.376813698406496145e-01
3.408718507736708814e-01
5.403071833215196129e-01
2.018454712455942657e-01
1.915771751740172335e-01
6.439928756145093525e-01
3.313209065923338192e-01
5.303510527778935169e-01
3.424488804693216482e-01
1.784919302093965765e-01
6.505090965689205307e-01
5.849044800734185534e-01
4.033197595831056748e-01
3.327988222764407533e-01
5.007621840883011988e-01
2.926677719387847931e-01
3.993041181434777154e-01
1.731889711976254131e-01
5.290752805111287316e-01
5.833330170833981310e-01
3.415378140591620593e-01
5.164262464406601527e-01
7.769491837292947789e-01
2.769945717346499192e-01
5.839419027915696558e-01
2.126888700261754528e-01
2.682309069551829239e-01
6.206501940094839576e-01
2.890222050086204697e-01
3.524206226100918271e-01
2.941179804530961173e-01
6.102877882902076889e-01
5.777037409920722233e-01
5.058918443711171165e-01
5.797451189005087269e-01
2.798138118433948773e-01
5.315567864993280267e-01
5.032264146699092500e-01
3.276170580558896983e-01
3.227119137586611508e-01
7.756406061119127671e-01
3.410191593794946741e-01
3.127068124854343045e-01
5.801244875484810049e-01
5.417443128385608375e-01
5.428882295172301475e-01
5.143963047334190186e-01
3.010069916771110354e-01
4.942115826574079440e-01
1.709187007424260996e-01
2.706051160829592295e-01
6.522710283023014366e-01
6.163819152522224121e-01
5.095382620777660909e-01
5.198663312768674327e-01
6.584593279374419961e-01
5.122129425652717227e-01
1.725173836130257099e-01
3.403370562465333760e-01
3.510305867653087941e-01
3.352358991295789070e-01
2.069261147533899003e-01
1.877024625779029621e-01
5.309531285666009293e-01
3.419920667135989412e-01
5.822902748974606579e-01
4.013135156209174381e-01
2.921792334888834164e-01
5.836358794284248752e-01
2.783959348402782474e-01
6.145008722871057039e-01
4.474082972310118311e-01
5.555978007971146271e-01
5.478841094158399816e-01
4.491990241813687001e-01
3.895974244102518025e-01
6.409784243834018014e-01
3.397729787510341826e-01
4.646246836671191760e-01
6.925470589225279916e-01
3.205650954143616227e-01
3.993639006022184912e-01
3.661045780997786991e-01
4.302331411961080043e-01
4.729420412664490092e-01
3.189656268792871452e-01
6.561739477011456767e-01
3.152759969311561550e-01
4.497918644059224480e-01
7.156964371692731142e-01
3.973796639695220678e-01
3.179122345849240139e-01
7.758210583476528033e-01
3.511374918758274344e-01
3.123536046122204479e-01
5.800493185302524335e-01
5.543068276897601399e-01
5.461262725048832145e-01
5.158495820708379753e-01
3.078800872424155011e-01
4.878702266172738611e-01
1.651671811242443055e-01
5.129363110866637099e-01
2.730042475745216302e-01
6.539996600469880628e-01
6.107051125939679803e-01
3.130590067544766764e-01
5.159380375894548898e-01
5.232381639913707971e-01
6.728986670509522483e-01
6.220734649901591418e-01
5.182979180265339103e-01
1.710087493693186467e-01
3.398050526505386748e-01
1.742528583093858330e-01
3.494160378775820752e-01
3.376813698406496145e-01
3.408718507736708814e-01
5.403071833215196129e-01
2.018454712455942657e-01
1.915771751740172335e-01
6.439928756145093525e-01
3.313209065923338192e-01
5.303510527778935169e-01
3.424488804693216482e-01
1.784919302093965765e-01
6.505090965689205307e-01
5.849044800734185534e-01
4.033197595831056748e-01
3.327988222764407533e-01
5.007621840883011988e-01
2.926677719387847931e-01
3.993041181434777154e-01
1.731889711976254131e-01
5.290752805111287316e-01
5.833330170833981310e-01
3.415378140591620593e-01
5.164262464406601527e-01
7.769491837292947789e-01
2.769945717346499192e-01
5.839419027915696558e-01
2.126888700261754528e-01
2.682309069551829239e-01
6.206501940094839576e-01
2.890222050086204697e-01
3.524206226100918271e-01
2.941179804530961173e-01
6.102877882902076889e-01
5.777037409920722233e-01
5.058918443711171165e-01
5.797451189005087269e-01
2.798138118433948773e-01
5.315567864993280267e-01
5.032264146699092500e-01
3.276170580558896983e-01
3.895974244102518025e-01
6.409784243834018014e-01
3.398001185443726424e-01
4.646243934593982106e-01
6.925464410828361395e-01
3.205637547126644060e-01
3.993639006022184912e-01
3.661051317417702844e-01
4.302331411961080043e-01
4.729420412664490092e-01
3.189656268792871452e-01
6.561729930741422301e-01
3.152759969311561550e-01
4.497918644059224480e-01
7.156964371692731142e-01
3.973796639695220678e-01
3.831008845011885100e-01
7.242596946671742142e-01
4.251785936272973743e-01
3.580144663223463475e-01
4.456186863062336911e-01
4.114015307772922458e-01
5.008340492182662418e-01
4.631302846700096065e-01
6.439836610145832640e-01
4.097993567051533281e-01
4.063703729816125487e-01
7.749595157391175881e-01
3.717547993601514333e-01
6.623021899447547600e-01
4.736372908695807293e-01
3.755406451657120059e-01
3.070941405895341036e-01
6.523436441066081670e-01
8.451318473846543000e-01
2.730776669453433558e-01
6.271984576248166299e-01
4.212625992858239354e-01
3.894865755884528991e-01
8.081887693719964627e-01
9.761133721993435763e-01
3.296653318718080761e-01
4.115766186454621334e-01
6.285546050712371713e-01
2.725096463487834964e-01
9.896635017617354535e-01
6.213991232783990792e-01
3.132291043170861711e-01
3.453479132972799848e-01
7.038511944227971995e-01
5.958237349998003474e-01
3.738471783554226380e-01
8.707529869800580968e-01
4.399854314555906587e-01
4.141919320737079691e-01
5.998182570935020053e-01
8.603413387660192591e-01
4.142834449618815751e-01
4.334013602251987063e-01
7.118558719793948164e-01
3.047221615775485004e-01
8.548775056367585723e-01
9.445918868703300220e-01
3.509122857215636881e-01
3.318299679637522481e-01
8.346889634576037942e-01
8.063007405145676820e-01
3.516288284680281762e-01
8.200679825359151742e-01
4.296614163434867573e-01
4.439052308907835975e-01
8.028887986090538220e-01
8.914860788067113795e-01
3.912435861427753236e-01
4.235295427397181567e-01
8.684495790240123192e-01
3.385104339490352388e-01
8.696164597021729392e-01
8.261612185883815407e-01
3.404088541789837552e-01
2.994585148113567685e-01
8.514880139555376370e-01
9.245623227185462145e-01
2.870021622083049895e-01
7.591073096898046657e-01
3.786782678161918492e-01
4.207378063990677153e-01
8.706961510173336638e-01
9.733249135567452193e-01
4.016250513344882811e-01
3.676888763833707774e-01
9.119272671788141160e-01
2.849589905511705767e-01
9.517359623333334628e-01
8.264387920994351600e-01
3.050716787742762115e-01
3.179122345849240139e-01
7.758210583476529143e-01
3.511374918758275454e-01
3.123536046122203924e-01
5.800493185302526555e-01
5.543068276897601399e-01
5.461262725048832145e-01
5.158495820708379753e-01
3.078800872424153900e-01
4.878702266172740276e-01
1.651671811242443333e-01
5.129363110866637099e-01
2.730042475745216857e-01
6.539996600469879517e-01
6.107051125939678693e-01
3.130590067544767319e-01
5.159380375894548898e-01
5.232381639913707971e-01
6.728986670509522483e-01
6.220734649901591418e-01
5.182979180265339103e-01
1.710087493693186744e-01
3.398050526505386193e-01
1.742528583093858330e-01
3.494160378775821307e-01
3.376813698406496145e-01
3.408718507736709924e-01
5.403071833215196129e-01
2.018454712455942102e-01
1.915771751740172057e-01
6.439928756145094635e-01
3.313209065923338192e-01
5.303510527778934058e-01
3.424488804693217037e-01
1.784919302093964932e-01
6.505090965689203086e-01
5.849044800734186644e-01
4.033197595831056748e-01
3.327988222764406978e-01
5.007621840883011988e-01
2.926677719387847931e-01
3.993041181434776044e-01
1.731889711976253854e-01
5.290752805111287316e-01
5.833330170833981310e-01
3.415378140591621148e-01
5.164262464406601527e-01
7.769491837292947789e-01
2.769945717346498637e-01
5.839419027915696558e-01
2.126888700261754805e-01
2.682309069551829239e-01
6.206501940094839576e-01
2.890222050086204697e-01
3.524206226100918271e-01
2.941179804530961728e-01
6.102877882902075779e-01
5.777037409920722233e-01
5.058918443711171165e-01
5.797451189005089489e-01
2.798138118433948773e-01
5.315567864993282488e-01
5.032264146699092500e-01
3.276170580558896428e-01
