1.720280630587890658e-01
4.362519508203173690e-01
3.547549611252137636e-01
1.370562469509854775e-01
5.005343261817540856e-01
6.410460756781154457e-01
5.730148318721537404e-01
1.287812751434252445e-01
2.659829469096088306e-01
4.874102204043528896e-01
2.544357015602046745e-01
1.237416019800159639e-01
1.445561427142304234e-01
8.018926009138599431e-01
5.699643020409692618e-01
1.347626217027486362e-01
4.910173882756586061e-01
5.866077509521996358e-01
5.942429273727929395e-01
5.894699039627262493e-01
5.337673709808097300e-01
3.737296301884215355e-01
5.233282096112724657e-01
2.740283629814358468e-01
5.335032713886697087e-01
5.220770223777552177e-01
5.214912535306757135e-01
5.718910354365102089e-01
1.233876764446679292e-01
1.911593540686955528e-01
5.703987517769061322e-01
3.267096700755434124e-01
3.547524504027290693e-01
5.710391124368244808e-01
1.680430142973956542e-01
7.812941501534221844e-01
6.485895790625156865e-01
6.413547365574351344e-01
5.137710823664600746e-01
4.991288672068128207e-01
3.063618709923123240e-01
6.328105770196469360e-01
3.679508223105282250e-01
6.199002001223773428e-01
1.974108984116997312e-01
5.761583940882258892e-01
5.713568712055900889e-01
4.314615059168301348e-01
6.390294988888145511e-02
1.961725873993313274e-01
1.243666078991302881e-01
1.416917838777929650e-01
4.670188612682840690e-01
3.186735233663010591e-01
5.383310292190204294e-01
2.531802124289357359e-01
4.480998437562845327e-01
6.413471664564467378e-01
5.185175168275775182e-01
4.776509776408605634e-01
6.276243720354808542e-02
3.508610168606023927e-01
4.659366365917365638e-01
1.697512889860542940e-01
1.709020472035905902e-01
4.319686805395956397e-01
3.404350580875619148e-01
1.359077864525693458e-01
4.895069220477280547e-01
6.305177726045905207e-01
5.721532493090927263e-01
1.262672478400375387e-01
2.595889827491813517e-01
4.931744429322335588e-01
2.661035878899425389e-01
1.431164856615174674e-01
7.916916301824605817e-01
5.797044516230127620e-01
4.783902688702593720e-01
5.790587143011011184e-01
5.823320223187619105e-01
5.262875678708446303e-01
3.718174273534602947e-01
5.224121344707457482e-01
5.360889890269971980e-01
5.179169127713628695e-01
1.235687548444825562e-01
1.822914600221774428e-01
3.528092867693105594e-01
5.736059486758749992e-01
6.460630290422599842e-01
6.370860116868578560e-01
3.140382906320150491e-01
1.967949572390868540e-01
6.333603386290354020e-02
4.561983156960702779e-01
2.521967080961516894e-01
7.585379724868041018e-01
7.430963044097453896e-01
2.461914338458577323e-01
2.250522673689761555e-01
4.628894978676629801e-01
2.214410873826069270e-01
3.371513597826626407e-01
6.399652287282648899e-01
4.959094943689499324e-01
5.750734833778529120e-01
2.637323272716640687e-01
5.349561906273136991e-01
6.619929280813036110e-01
4.882231674083826189e-01
4.714744286909227089e-01
1.073636460676039017e-01
5.682937603312840924e-01
6.438152286186105133e-01
2.223354611514414270e-01
1.720280630587890658e-01
4.362519508203173690e-01
3.547549611252137636e-01
1.370562469509854775e-01
5.005343261817540856e-01
6.410460756781154457e-01
5.730148318721537404e-01
1.287812751434252445e-01
2.659829469096088306e-01
4.874102204043528896e-01
2.544357015602046745e-01
1.237416019800159639e-01
1.445561427142304234e-01
8.018926009138599431e-01
5.699643020409692618e-01
1.347626217027486362e-01
4.910173882756586061e-01
5.866077509521996358e-01
5.942429273727929395e-01
5.894699039627262493e-01
5.337673709808097300e-01
3.737296301884215355e-01
5.233282096112724657e-01
2.740283629814358468e-01
5.335032713886697087e-01
5.220770223777552177e-01
5.214912535306757135e-01
5.718910354365102089e-01
1.233876764446679292e-01
1.911593540686955528e-01
5.703987517769061322e-01
3.267096700755434124e-01
3.547524504027290693e-01
5.710391124368244808e-01
1.680430142973956542e-01
7.812941501534221844e-01
6.485895790625156865e-01
6.413547365574351344e-01
5.137710823664600746e-01
4.991288672068128207e-01
3.063618709923123240e-01
6.328105770196469360e-01
3.679508223105282250e-01
6.199002001223773428e-01
1.974108984116997312e-01
5.761583940882258892e-01
5.713568712055900889e-01
4.314615059168301348e-01
6.390294988888145511e-02
1.961725873993313274e-01
1.243666078991302881e-01
1.416917838777929650e-01
4.670188612682840690e-01
3.186735233663010591e-01
5.383310292190204294e-01
2.531802124289357359e-01
4.480998437562845327e-01
6.413471664564467378e-01
5.185175168275775182e-01
4.776509776408605634e-01
6.276243720354808542e-02
3.508610168606023927e-01
4.659366365917365638e-01
1.697512889860542940e-01
2.250522673689761555e-01
4.628894978676629801e-01
2.214587752675303278e-01
3.371510004762333645e-01
6.399646577982252005e-01
4.959074203231156330e-01
5.750734833778529120e-01
2.637327261011233048e-01
5.349561906273136991e-01
6.619929280813036110e-01
4.882231674083826189e-01
4.714737427718571627e-01
1.073636460676039017e-01
5.682937603312840924e-01
6.438152286186105133e-01
2.223354611514414270e-01
2.381002938799582636e-01
6.780827139535057224e-01
5.174297674645638168e-01
1.281400504156934295e-01
6.171351863766019186e-01
6.303586110400135611e-01
6.168897237006276679e-01
5.674696534276000293e-01
3.674191082683850862e-01
6.620861735609658849e-01
6.156342155701938212e-01
7.093140942974329732e-01
1.584545992985651741e-01
4.032908994884039089e-01
6.438905680126452147e-01
2.248769877256078797e-01
1.189692723640586591e-01
5.203691821866360812e-01
7.098166561743943781e-01
1.311920118696957571e-01
7.065214024087684841e-01
6.254761384332334639e-01
6.032146375679435790e-01
6.697518793790335767e-01
6.572696034970593182e-01
6.334566819294131790e-01
6.030771808958316216e-01
4.926264276704819256e-01
1.279407589434450043e-01
6.803309957587617696e-01
6.827742621970138703e-01
1.168271576995202621e-01
1.569075587931999805e-01
7.438436309361797782e-01
4.989748560716753545e-01
1.903356624562944632e-01
7.082161048106390133e-01
6.484121113378781276e-01
6.553404172913013248e-01
4.931153471097058372e-01
8.061415646217016118e-01
6.578650017914984272e-01
6.321477856730476352e-01
7.351482575309238321e-01
1.740587914429367056e-01
8.205676797868719508e-01
7.107550938311644195e-01
1.553964990423085668e-01
1.667854906392189362e-01
7.333716415406796862e-01
7.671109785367780098e-01
1.722025296326832322e-01
7.263253217706115983e-01
6.749623788452558948e-01
6.688400694149503334e-01
7.825068623291686620e-01
7.881193501012568881e-01
5.790329622277065047e-01
6.584296552202273389e-01
7.138001095579382671e-01
1.628625781309359366e-01
7.674939762101260499e-01
7.103490413766220257e-01
1.667769268641779989e-01
1.295691435042340134e-01
6.825606021878438678e-01
7.612166556468829004e-01
1.259938102318206854e-01
5.919694092240543881e-01
6.260350352075663150e-01
6.354915008418855482e-01
7.132305364430433503e-01
7.613082744410553104e-01
6.268246364420690941e-01
6.017464307388924460e-01
6.988326059768690257e-01
1.347316215163707753e-01
7.279282758067908699e-01
6.238464812610879928e-01
1.303452623982166714e-01
1.720280630587890658e-01
4.362519508203174246e-01
3.547549611252138746e-01
1.370562469509854775e-01
5.005343261817543077e-01
6.410460756781154457e-01
5.730148318721538514e-01
1.287812751434251890e-01
2.659829469096089416e-01
4.874102204043530562e-01
2.544357015602046745e-01
1.237416019800159361e-01
1.445561427142304234e-01
8.018926009138598321e-01
5.699643020409692618e-01
1.347626217027486362e-01
4.910173882756586061e-01
5.866077509521996358e-01
5.942429273727927175e-01
5.894699039627264714e-01
5.337673709808097300e-01
3.737296301884215910e-01
5.233282096112723547e-01
2.740283629814358468e-01
5.335032713886698197e-01
5.220770223777552177e-01
5.214912535306758246e-01
5.718910354365102089e-01
1.233876764446679569e-01
1.911593540686955806e-01
5.703987517769063542e-01
3.267096700755434124e-01
3.547524504027290138e-01
5.710391124368244808e-01
1.680430142973956265e-01
7.812941501534219624e-01
6.485895790625155755e-01
6.413547365574351344e-01
5.137710823664600746e-01
4.991288672068128207e-01
3.063618709923123795e-01
6.328105770196468249e-01
3.679508223105282250e-01
6.199002001223773428e-01
1.974108984116997312e-01
5.761583940882260002e-01
5.713568712055900889e-01
4.314615059168301348e-01
6.390294988888145511e-02
1.961725873993313829e-01
1.243666078991303159e-01
1.416917838777929650e-01
4.670188612682839580e-01
3.186735233663011146e-01
5.383310292190204294e-01
2.531802124289357914e-01
4.480998437562844217e-01
6.413471664564467378e-01
5.185175168275777402e-01
4.776509776408605079e-01
6.276243720354807154e-02
3.508610168606023927e-01
4.659366365917364528e-01
1.697512889860542662e-01
