5.953783200315939661e-01
8.399032607405274575e-01
6.154702694476846814e-01
7.108492901318332891e-01
9.225817607850377300e-01
2.409784197549118545e-01
2.668002955292542722e-01
8.004148716744967640e-01
5.322420336167092980e-01
2.012322682135849750e-01
9.524673938548447460e-02
8.132645204044325338e-01
6.816119255693054990e-01
6.115785356923277849e-01
8.457464195476764868e-01
7.050698587716162091e-01
7.576881514909599158e-01
2.793641939308287303e-01
1.676962725905763452e-01
8.385601588881403945e-01
1.893925889999281131e-01
4.461255866944742465e-02
5.083116284146450836e-02
9.355364620100459216e-02
1.437378001928116822e-01
6.079584183077179488e-02
5.233466474535888174e-02
2.584422633727915253e-01
7.181181253484431037e-01
9.186746129421435869e-02
1.390340443340973564e-01
5.655302873853036427e-01
6.256724693556422467e-01
1.532941296558477384e-01
8.271516506798004542e-02
6.253620597153487504e-01
2.241119035621403910e-01
8.106598724050827209e-02
6.041335165763477011e-02
2.045157826202380624e-01
1.304609560980197758e-01
8.350534589615880854e-02
4.778335952321129815e-02
2.243835488606249484e-01
9.066379456048632157e-01
1.562277742955373583e-01
2.649941720613648299e-01
8.231214759979945672e-01
6.784808094256197242e-01
9.102193693805132879e-01
7.490319858533797115e-01
6.664169839332709788e-01
7.709422201723985513e-01
1.201113509134110746e-01
1.414237918620657730e-01
5.095985361317005857e-01
7.541793870858387594e-01
2.147115578717067597e-01
1.812567967589416296e-01
9.009816639896353063e-01
6.824523319863982085e-01
6.186634368274539497e-01
7.146413266502968931e-01
6.011848442434700734e-01
5.982500315485443920e-01
8.309442461412472891e-01
5.899709548009296478e-01
7.079554221707882178e-01
9.123468344217958714e-01
2.327160127535776724e-01
2.620928551354093639e-01
8.068248841293810258e-01
5.209333782974538973e-01
2.028473785614347547e-01
9.508529167448703801e-02
6.739747871585725081e-01
6.184045502683575002e-01
8.421579502433091946e-01
7.360158585654329455e-01
2.722511733331948180e-01
1.533786008376985532e-01
1.854021164685389911e-01
4.629170812079697744e-02
5.158094708096831738e-02
1.426204622278335887e-01
6.060426796418304229e-02
7.332905838674736998e-01
8.857872441224728943e-02
6.221725516603293649e-01
1.547650753639413790e-01
2.197795947964509278e-01
8.228470874442909977e-02
1.258138775954457944e-01
9.084193610473199065e-01
6.804549389694574124e-01
7.619742048568145520e-01
8.150897532822752867e-01
1.879164275959774866e-01
1.839607331447618011e-01
8.130324805190215498e-01
7.031186543927332444e-01
5.342122926888441814e-01
3.512476888509310502e-01
8.694914468583075928e-01
5.039867853879800297e-01
8.903718742160898758e-02
1.115352077044546170e-01
3.541082245473872181e-01
2.919339906292113263e-01
1.090443569412282432e-01
9.030449057549382041e-02
5.384569358625568292e-01
7.731248117929316876e-01
3.006464366536165667e-01
4.986784650139239883e-01
7.056431740228011895e-01
5.953783200315939661e-01
8.399032607405274575e-01
6.154702694476846814e-01
7.108492901318332891e-01
9.225817607850377300e-01
2.409784197549118545e-01
2.668002955292542722e-01
8.004148716744967640e-01
5.322420336167092980e-01
2.012322682135849750e-01
9.524673938548447460e-02
8.132645204044325338e-01
6.816119255693054990e-01
6.115785356923277849e-01
8.457464195476764868e-01
7.050698587716162091e-01
7.576881514909599158e-01
2.793641939308287303e-01
1.676962725905763452e-01
8.385601588881403945e-01
1.893925889999281131e-01
4.461255866944742465e-02
5.083116284146450836e-02
9.355364620100459216e-02
1.437378001928116822e-01
6.079584183077179488e-02
5.233466474535888174e-02
2.584422633727915253e-01
7.181181253484431037e-01
9.186746129421435869e-02
1.390340443340973564e-01
5.655302873853036427e-01
6.256724693556422467e-01
1.532941296558477384e-01
8.271516506798004542e-02
6.253620597153487504e-01
2.241119035621403910e-01
8.106598724050827209e-02
6.041335165763477011e-02
2.045157826202380624e-01
1.304609560980197758e-01
8.350534589615880854e-02
4.778335952321129815e-02
2.243835488606249484e-01
9.066379456048632157e-01
1.562277742955373583e-01
2.649941720613648299e-01
8.231214759979945672e-01
6.784808094256197242e-01
9.102193693805132879e-01
7.490319858533797115e-01
6.664169839332709788e-01
7.709422201723985513e-01
1.201113509134110746e-01
1.414237918620657730e-01
5.095985361317005857e-01
7.541793870858387594e-01
2.147115578717067597e-01
1.812567967589416296e-01
9.009816639896353063e-01
6.824523319863982085e-01
6.186634368274539497e-01
7.146413266502968931e-01
6.011848442434700734e-01
7.031186543927332444e-01
5.342122926888441814e-01
3.512757452011474602e-01
8.694913761143108211e-01
5.039863357679343903e-01
8.903681504074159592e-02
1.115352077044546170e-01
3.541087600478818320e-01
2.919339906292113263e-01
1.090443569412282432e-01
9.030449057549382041e-02
5.384561524947732991e-01
7.731248117929316876e-01
3.006464366536165667e-01
4.986784650139239883e-01
7.056431740228011895e-01
7.666364092755649784e-01
3.392933021076074418e-01
4.350503896671840121e-01
7.446226453549881219e-01
4.458522023900517439e-01
1.181238756903843085e-01
8.573145143975183236e-02
4.361356599406340795e-01
4.447368069942825297e-01
1.158185004266656520e-01
1.159928665256403507e-01
3.648414871663616665e-01
7.337971958981176490e-01
4.477256270828480211e-01
4.579766723260110250e-01
7.428575097021481444e-01
7.063885577684617667e-01
4.070268047797331867e-01
5.828774853153251279e-01
7.329427009036957319e-01
4.601896075409142028e-01
1.032110115296974717e-01
7.501369772926075319e-02
5.203775159519714588e-01
5.104046757136546653e-01
8.446686489554322552e-02
9.559416806287787671e-02
3.887442385764470210e-01
7.388684534562248718e-01
5.019943873073531293e-01
4.472900736191312010e-01
7.041667257412583814e-01
7.478257486974559942e-01
3.047044918933234925e-01
5.152130115958502010e-01
7.770979102011559281e-01
4.248626650458069420e-01
1.150757970542369141e-01
1.157519167253722447e-01
4.729770758433353706e-01
3.897966941548276498e-01
1.342470783486441888e-01
1.123518377482005393e-01
3.095614982243732882e-01
7.562333179073816858e-01
3.922929476537755367e-01
4.354384222359435341e-01
7.469105253716004089e-01
7.540412755938474820e-01
3.794308410128959252e-01
4.320507081245268388e-01
7.606934043196104112e-01
4.231428052708507970e-01
1.111540140069472993e-01
1.213842956557988906e-01
4.176337124285209867e-01
6.330920261326795639e-01
1.148767949796530990e-01
1.088659800248460846e-01
3.627942279543585613e-01
7.363263695279138599e-01
5.724530865098258481e-01
4.127897822924819771e-01
7.578023853196709236e-01
7.278772209631132473e-01
4.842543085667683211e-01
6.403036818141247810e-01
7.180974952646864695e-01
4.670026852892039670e-01
1.003252729622001738e-01
8.765133749903633587e-02
5.557954639239002237e-01
5.915633087856213557e-01
9.673539661301860937e-02
9.249768467211899603e-02
5.094207259776606378e-01
7.218922888972482133e-01
5.313002669260440403e-01
4.963744418945827963e-01
7.284156293729016074e-01
5.953783200315939661e-01
8.399032607405275686e-01
6.154702694476846814e-01
7.108492901318331780e-01
9.225817607850377300e-01
2.409784197549118545e-01
2.668002955292542722e-01
8.004148716744967640e-01
5.322420336167092980e-01
2.012322682135850305e-01
9.524673938548450236e-02
8.132645204044325338e-01
6.816119255693056100e-01
6.115785356923277849e-01
8.457464195476763757e-01
7.050698587716163201e-01
7.576881514909599158e-01
2.793641939308288413e-01
1.676962725905762897e-01
8.385601588881403945e-01
1.893925889999281131e-01
4.461255866944742465e-02
5.083116284146450142e-02
9.355364620100459216e-02
1.437378001928116822e-01
6.079584183077178794e-02
5.233466474535887480e-02
2.584422633727915253e-01
7.181181253484431037e-01
9.186746129421433094e-02
1.390340443340973564e-01
5.655302873853037537e-01
6.256724693556421357e-01
1.532941296558477107e-01
8.271516506798001767e-02
6.253620597153487504e-01
2.241119035621404465e-01
8.106598724050828597e-02
6.041335165763477011e-02
2.045157826202380624e-01
1.304609560980197480e-01
8.350534589615879466e-02
4.778335952321127733e-02
2.243835488606249484e-01
9.066379456048634378e-01
1.562277742955373583e-01
2.649941720613647189e-01
8.231214759979943452e-01
6.784808094256196132e-01
9.102193693805130659e-01
7.490319858533798225e-01
6.664169839332710898e-01
7.709422201723983292e-01
1.201113509134110746e-01
1.414237918620657730e-01
5.095985361317005857e-01
7.541793870858386484e-01
2.147115578717067597e-01
1.812567967589416296e-01
9.009816639896355284e-01
6.824523319863982085e-01
6.186634368274537277e-01
7.146413266502967820e-01
6.011848442434700734e-01
