7.037928436811692612e-02
2.750109451984283360e-01
2.827259579516402388e-01
5.383823868620328523e-02
3.093287570429333333e-01
7.176592804564673189e-01
6.793099381450058427e-01
2.650236322170397840e-01
1.660582717797520202e-01
6.063296425223699826e-01
3.980490440904510541e-01
2.628101313566169051e-01
3.613760240373459914e-02
4.163379790252466073e-01
3.554528909210500909e-01
5.460191609510779698e-02
2.592930496221306225e-01
7.184083630822835076e-01
4.277429156988078462e-01
3.490458135037303733e-01
5.385135562571055079e-01
3.707381939634941670e-01
6.085278155682067869e-01
4.060207805060939146e-01
7.154623217147899616e-01
5.631325453309085072e-01
6.176122847569012198e-01
6.775545840523388152e-01
1.621002646062795205e-01
6.465440575094087983e-01
4.042667031908981912e-01
2.715221958061311280e-01
2.603789906495865836e-01
6.709378527207666698e-01
6.526910655712907516e-01
4.161046918485727941e-01
4.496856256834336207e-01
7.128503343557589522e-01
5.653714270291714250e-01
6.217148032288992709e-01
4.848621273481978355e-01
7.151764373231086491e-01
3.895529476659870260e-01
7.309880186328823193e-01
2.634071913926920305e-01
6.770107107504046429e-01
7.376267978312875950e-01
2.905625098647714455e-01
4.176295390316722700e-02
2.496729768550864093e-01
1.797877783733290713e-01
3.599552019302971334e-02
2.141376577113822677e-01
4.801393243180987480e-01
7.139166371770239161e-01
1.650568896049808276e-01
2.221582477473689199e-01
4.544276167744723538e-01
5.467204722565581765e-01
3.094480247881029045e-01
4.317712596822936844e-02
2.555343032420105964e-01
2.640527365822029071e-01
7.303969372378285585e-02
7.169503332699361797e-02
2.804036403122273646e-01
2.770053260175140419e-01
5.422062606109542132e-02
3.095068741513800070e-01
7.242955152502958960e-01
6.782052219741097066e-01
2.639194333099402767e-01
1.655581597336852617e-01
6.138973669733726046e-01
4.049238838880523939e-01
3.606619038157304197e-02
4.162224482171806295e-01
3.522535078577254675e-01
2.616893548180264650e-01
7.279213007427639548e-01
4.160158196167690337e-01
5.425389138244053333e-01
3.809693391148364361e-01
6.130581668795672678e-01
7.149052139207819900e-01
5.642539106728028386e-01
1.705478044627107836e-01
6.584804052958377341e-01
2.579598255054897926e-01
6.739828174495222646e-01
4.528302704646745003e-01
7.140124724858267768e-01
4.847212846183281965e-01
2.565757345755309005e-01
4.246589812946461456e-02
2.161480987497141903e-01
1.469059633171040380e-01
8.506410849090083603e-01
8.546282093748942543e-01
1.479869855406313883e-01
1.212173876685286866e-01
5.721496853819680872e-01
4.627741543810022229e-01
1.525116296443456421e-01
3.326816086448274312e-01
5.604957880330192488e-01
6.777426206600025704e-01
4.862924262019372446e-01
6.894042873902179736e-01
6.998104649516970754e-01
5.743608213586208766e-01
6.237954203352409355e-01
6.963379456908977416e-02
7.005565841984293662e-01
3.570047006911398757e-01
1.251043519046861618e-01
7.037928436811692612e-02
2.750109451984283360e-01
2.827259579516402388e-01
5.383823868620328523e-02
3.093287570429333333e-01
7.176592804564673189e-01
6.793099381450058427e-01
2.650236322170397840e-01
1.660582717797520202e-01
6.063296425223699826e-01
3.980490440904510541e-01
2.628101313566169051e-01
3.613760240373459914e-02
4.163379790252466073e-01
3.554528909210500909e-01
5.460191609510779698e-02
2.592930496221306225e-01
7.184083630822835076e-01
4.277429156988078462e-01
3.490458135037303733e-01
5.385135562571055079e-01
3.707381939634941670e-01
6.085278155682067869e-01
4.060207805060939146e-01
7.154623217147899616e-01
5.631325453309085072e-01
6.176122847569012198e-01
6.775545840523388152e-01
1.621002646062795205e-01
6.465440575094087983e-01
4.042667031908981912e-01
2.715221958061311280e-01
2.603789906495865836e-01
6.709378527207666698e-01
6.526910655712907516e-01
4.161046918485727941e-01
4.496856256834336207e-01
7.128503343557589522e-01
5.653714270291714250e-01
6.217148032288992709e-01
4.848621273481978355e-01
7.151764373231086491e-01
3.895529476659870260e-01
7.309880186328823193e-01
2.634071913926920305e-01
6.770107107504046429e-01
7.376267978312875950e-01
2.905625098647714455e-01
4.176295390316722700e-02
2.496729768550864093e-01
1.797877783733290713e-01
3.599552019302971334e-02
2.141376577113822677e-01
4.801393243180987480e-01
7.139166371770239161e-01
1.650568896049808276e-01
2.221582477473689199e-01
4.544276167744723538e-01
5.467204722565581765e-01
3.094480247881029045e-01
4.317712596822936844e-02
2.555343032420105964e-01
2.640527365822029071e-01
7.303969372378285585e-02
1.212173876685286866e-01
5.721496853819680872e-01
4.628111190476993375e-01
1.525111702513534395e-01
3.326813118506963818e-01
5.604934438674659125e-01
6.777426206600025704e-01
4.862931615981147537e-01
6.894042873902179736e-01
6.998104649516970754e-01
5.743608213586208766e-01
6.237945128137600825e-01
6.963379456908977416e-02
7.005565841984293662e-01
3.570047006911398757e-01
1.251043519046861618e-01
1.016827260313712955e-01
4.879674020351731922e-01
5.878482181284385710e-01
9.207182952752999971e-02
6.832298567862935545e-01
7.806677146227604114e-01
6.272571650685353495e-01
6.227987108420323104e-01
3.434811652047236041e-01
7.537189485198415584e-01
7.928604868424811158e-01
5.542326415820140184e-01
8.217696267126070597e-02
3.686430985457078702e-01
7.544214290290793823e-01
9.951221533707992062e-02
9.617040058234252453e-02
2.900921558003470846e-01
2.466393478584043564e-01
9.805143002340283021e-02
3.054389663843752878e-01
8.108626820945852298e-01
7.754032959087591159e-01
2.336113028598223451e-01
3.324608209211095122e-01
7.520044133079755166e-01
8.234174526516890857e-01
2.911637012305439143e-01
8.984815150372191250e-02
3.732516200693118957e-01
3.050700107490156299e-01
1.013240722235494162e-01
9.760427305114613428e-02
6.534516450843468327e-01
2.087387740701887040e-01
1.074178739392152027e-01
3.048078507780251911e-01
7.561948427641178583e-01
8.534792823710199983e-01
1.888891198018871620e-01
9.292292942591937610e-01
7.446466092390562341e-01
7.636610764898613679e-01
7.109578468482675717e-01
8.549203128803550822e-02
9.268818720506841746e-01
3.384541407013319514e-01
1.005751094312442862e-01
8.961033794947614872e-02
4.917161408466408368e-01
7.519243115561016211e-01
9.216806101829315423e-02
8.623935227115291369e-01
7.474044148361552731e-01
7.774374803451791216e-01
7.622391535559858156e-01
3.092472750619528199e-01
7.984661795018030972e-01
7.535834306786106662e-01
5.468354005421476316e-01
9.192344806784941147e-02
2.806731366594377164e-01
9.328662995643068889e-01
9.130187323373990804e-02
9.150922791322815830e-02
3.174410565922531902e-01
3.556492752943698488e-01
9.369049300910783917e-02
2.523384246345197202e-01
7.999918823330918194e-01
7.764491279331784401e-01
3.542535525120971140e-01
4.062223919058065569e-01
7.610287218993381231e-01
8.078746525317774818e-01
3.540208375269315866e-01
9.347621158309346590e-02
4.056351624385745591e-01
2.948042575205034321e-01
9.617348694258412434e-02
7.037928436811692612e-02
2.750109451984282805e-01
2.827259579516402388e-01
5.383823868620328523e-02
3.093287570429333888e-01
7.176592804564673189e-01
6.793099381450059537e-01
2.650236322170397285e-01
1.660582717797520202e-01
6.063296425223700936e-01
3.980490440904509430e-01
2.628101313566169051e-01
3.613760240373459914e-02
4.163379790252466628e-01
3.554528909210500354e-01
5.460191609510781086e-02
2.592930496221306225e-01
7.184083630822835076e-01
4.277429156988076797e-01
3.490458135037303733e-01
5.385135562571055079e-01
3.707381939634942225e-01
6.085278155682066759e-01
4.060207805060940256e-01
7.154623217147899616e-01
5.631325453309085072e-01
6.176122847569012198e-01
6.775545840523388152e-01
1.621002646062795760e-01
6.465440575094087983e-01
4.042667031908983022e-01
2.715221958061311280e-01
2.603789906495866391e-01
6.709378527207666698e-01
6.526910655712906406e-01
4.161046918485726831e-01
4.496856256834335652e-01
7.128503343557589522e-01
5.653714270291714250e-01
6.217148032288992709e-01
4.848621273481978911e-01
7.151764373231084271e-01
3.895529476659870260e-01
7.309880186328820972e-01
2.634071913926920860e-01
6.770107107504046429e-01
7.376267978312875950e-01
2.905625098647715565e-01
4.176295390316722006e-02
2.496729768550864093e-01
1.797877783733290991e-01
3.599552019302972028e-02
2.141376577113822677e-01
4.801393243180988590e-01
7.139166371770240271e-01
1.650568896049808276e-01
2.221582477473688089e-01
4.544276167744723538e-01
5.467204722565583985e-01
3.094480247881029600e-01
4.317712596822936844e-02
2.555343032420105964e-01
2.640527365822029071e-01
7.303969372378284197e-02
