2.515289129388145750e-01
5.229528731929891094e-01
3.079935027697019434e-01
1.966456482565715758e-01
3.822507326424746110e-01
4.875562077446766729e-01
6.250336188339116195e-01
2.639427326897105242e-01
2.579979694398874535e-01
7.121157689710595484e-01
1.964387885395526279e-01
2.738951262150189914e-01
2.107563153859682847e-01
5.743792174303149478e-01
4.539758841843523629e-01
1.938192067945671004e-01
2.872197909995241605e-01
5.040390203013465076e-01
7.300792793376431611e-01
4.524099597208520174e-01
4.698902265972549341e-01
1.979813109225245782e-01
4.866583468646115684e-01
2.026743363934335462e-01
4.627505601489067533e-01
5.868035746703715860e-01
4.909532490531098303e-01
6.191298647203489214e-01
1.183510743057402809e-01
2.769351610024538002e-01
6.957305582731432292e-01
2.788809166199873735e-01
4.347090683827944391e-01
3.972338084253890234e-01
2.720531237633080912e-01
5.711338420399675320e-01
5.663015140469557229e-01
6.014757482502477437e-01
5.863732015018868760e-01
7.200979071233134521e-01
2.794224820595382908e-01
5.977043690856583824e-01
2.031358388245584068e-01
4.712266025894856769e-01
4.057829608535156174e-01
3.981469020361310118e-01
5.006231035819237452e-01
5.283208338164249174e-01
2.031407531132807809e-01
3.882189962662283556e-01
1.312204594356369547e-01
2.058711663354516053e-01
4.461355099030225313e-01
2.784185784016104392e-01
4.591063496683402967e-01
2.428946604574303558e-01
4.366116190517900231e-01
5.645372409739441988e-01
4.493116272986868442e-01
3.768857273769707361e-01
2.008465585483266702e-01
4.293925759609379944e-01
2.748640750747107786e-01
2.550474780628946281e-01
2.532690768684326410e-01
5.240586908249282860e-01
2.931286397129820864e-01
1.952303968449937699e-01
3.797678064162720579e-01
4.794258736900911533e-01
6.218079968960973369e-01
2.689074572354106518e-01
2.504550483175696507e-01
7.160420602343321450e-01
2.009862352133591212e-01
2.083009877940952270e-01
5.727720101818494225e-01
4.531939376148563792e-01
2.809991999148547803e-01
5.023481748589545548e-01
7.129210281042800412e-01
4.597967614738829312e-01
2.010275069887744459e-01
4.888001798498610717e-01
4.610631376293284900e-01
5.865880181469542709e-01
1.244036334600508859e-01
2.783114323101953946e-01
4.320543102789593526e-01
3.976916386307375317e-01
5.663820134572213894e-01
5.995915395150221983e-01
2.802134208033535412e-01
3.970465700473531645e-01
2.020003750339227633e-01
4.399611601902728708e-01
3.065522250640848601e-01
6.975925320459818169e-01
6.942158405939253818e-01
3.016959810426107502e-01
2.850617801401661433e-01
4.129305594990235750e-01
3.848422920708232109e-01
3.403831005737255611e-01
4.934496147966085378e-01
3.872158947614370295e-01
5.830832555774306813e-01
3.906172312041451544e-01
4.409737702568607975e-01
7.077495888711298200e-01
3.885983329745650861e-01
4.419373164436630752e-01
2.203287163825705941e-01
4.549581649691749607e-01
5.004065561834589726e-01
2.859123981330458641e-01
2.515289129388145750e-01
5.229528731929891094e-01
3.079935027697019434e-01
1.966456482565715758e-01
3.822507326424746110e-01
4.875562077446766729e-01
6.250336188339116195e-01
2.639427326897105242e-01
2.579979694398874535e-01
7.121157689710595484e-01
1.964387885395526279e-01
2.738951262150189914e-01
2.107563153859682847e-01
5.743792174303149478e-01
4.539758841843523629e-01
1.938192067945671004e-01
2.872197909995241605e-01
5.040390203013465076e-01
7.300792793376431611e-01
4.524099597208520174e-01
4.698902265972549341e-01
1.979813109225245782e-01
4.866583468646115684e-01
2.026743363934335462e-01
4.627505601489067533e-01
5.868035746703715860e-01
4.909532490531098303e-01
6.191298647203489214e-01
1.183510743057402809e-01
2.769351610024538002e-01
6.957305582731432292e-01
2.788809166199873735e-01
4.347090683827944391e-01
3.972338084253890234e-01
2.720531237633080912e-01
5.711338420399675320e-01
5.663015140469557229e-01
6.014757482502477437e-01
5.863732015018868760e-01
7.200979071233134521e-01
2.794224820595382908e-01
5.977043690856583824e-01
2.031358388245584068e-01
4.712266025894856769e-01
4.057829608535156174e-01
3.981469020361310118e-01
5.006231035819237452e-01
5.283208338164249174e-01
2.031407531132807809e-01
3.882189962662283556e-01
1.312204594356369547e-01
2.058711663354516053e-01
4.461355099030225313e-01
2.784185784016104392e-01
4.591063496683402967e-01
2.428946604574303558e-01
4.366116190517900231e-01
5.645372409739441988e-01
4.493116272986868442e-01
3.768857273769707361e-01
2.008465585483266702e-01
4.293925759609379944e-01
2.748640750747107786e-01
2.550474780628946281e-01
2.850617801401661433e-01
4.129305594990235750e-01
3.848730318321573751e-01
3.403827430191069814e-01
4.934491745770537285e-01
3.872142753056238007e-01
5.830832555774306813e-01
3.906178219154192721e-01
4.409737702568607975e-01
7.077495888711298200e-01
3.885983329745650861e-01
4.419366734963201537e-01
2.203287163825705941e-01
4.549581649691749607e-01
5.004065561834589726e-01
2.859123981330458641e-01
2.901605104831379567e-01
6.597271337056136442e-01
4.105404589260674975e-01
2.080171833461175734e-01
3.311568773146438271e-01
5.969210998446744521e-01
6.384898038954873734e-01
4.316703775045624969e-01
4.485462140218692273e-01
5.697236908061693583e-01
5.997192685076537799e-01
7.049783113484888730e-01
2.667204529233884180e-01
4.629875674822157006e-01
3.392568369628383707e-01
2.806242033747203823e-01
1.950776079538859842e-01
5.773992707101711641e-01
6.802324747662340521e-01
1.552205861324806313e-01
4.801881723033414318e-01
6.034673870580367083e-01
5.580564784014515611e-01
6.242669042807735824e-01
7.571673132330305478e-01
4.971892885673888651e-01
5.971263716573116387e-01
5.696439370016299630e-01
1.815530331127472030e-01
7.662833443853114268e-01
4.703173666604028025e-01
1.931262977178015150e-01
2.162223816622205474e-01
6.979190234436862816e-01
5.359048685989860061e-01
2.388241052734562109e-01
8.055949846493697386e-01
5.957114691857244848e-01
5.667298278417089996e-01
5.146022421077027786e-01
8.044953811967525681e-01
5.941999804262647622e-01
5.947989546519231174e-01
6.963904259887359061e-01
1.974456363364242295e-01
7.845520703647406169e-01
8.617183457946717695e-01
2.171341061986508114e-01
2.129068264785462516e-01
7.966648320421949592e-01
7.894427785188309343e-01
2.144620337383465469e-01
7.290762954367591142e-01
5.978567736462715443e-01
6.136066418082867235e-01
7.771674706501752183e-01
7.399804926241144720e-01
5.367737136644010754e-01
5.962938665141314099e-01
8.234152169774842100e-01
2.286831641937136783e-01
6.948010181617858549e-01
7.386962203738822730e-01
2.135688716473395088e-01
1.930613671564145040e-01
6.715749915027846573e-01
7.340179667240327444e-01
1.783156284346767151e-01
5.767805218830304170e-01
5.372129817418341835e-01
6.172774571946688660e-01
6.715126362979899621e-01
7.746625665203410449e-01
5.995708704146709422e-01
5.280801519517822618e-01
7.214643862317249301e-01
1.809149856591702743e-01
7.285966625995949908e-01
6.363045804449056764e-01
1.918452209612834525e-01
2.515289129388146305e-01
5.229528731929891094e-01
3.079935027697019434e-01
1.966456482565715758e-01
3.822507326424746110e-01
4.875562077446767839e-01
6.250336188339117305e-01
2.639427326897105242e-01
2.579979694398874535e-01
7.121157689710597705e-01
1.964387885395526001e-01
2.738951262150189914e-01
2.107563153859683125e-01
5.743792174303148368e-01
4.539758841843521964e-01
1.938192067945671004e-01
2.872197909995241605e-01
5.040390203013465076e-01
7.300792793376431611e-01
4.524099597208520174e-01
4.698902265972550452e-01
1.979813109225245782e-01
4.866583468646115129e-01
2.026743363934335462e-01
4.627505601489067533e-01
5.868035746703715860e-01
4.909532490531098303e-01
6.191298647203488104e-01
1.183510743057402809e-01
2.769351610024538557e-01
6.957305582731434512e-01
2.788809166199873735e-01
4.347090683827944946e-01
3.972338084253890234e-01
2.720531237633080357e-01
5.711338420399674209e-01
5.663015140469558339e-01
6.014757482502477437e-01
5.863732015018867649e-01
7.200979071233134521e-01
2.794224820595382353e-01
5.977043690856582714e-01
2.031358388245583790e-01
4.712266025894856769e-01
4.057829608535156174e-01
3.981469020361311228e-01
5.006231035819237452e-01
5.283208338164246953e-01
2.031407531132807809e-01
3.882189962662283556e-01
1.312204594356369269e-01
2.058711663354516608e-01
4.461355099030225313e-01
2.784185784016104392e-01
4.591063496683402967e-01
2.428946604574303003e-01
4.366116190517899120e-01
5.645372409739441988e-01
4.493116272986870663e-01
3.768857273769709026e-01
2.008465585483266425e-01
4.293925759609379944e-01
2.748640750747107231e-01
2.550474780628945726e-01
