1.198447601202937557e-01
5.354321014666434397e-01
3.035903002969060349e-01
1.439184494872799425e-01
4.743222699359996297e-01
6.776358045086540161e-01
4.516421483899931699e-01
3.678868278715006768e-01
2.732227862341453650e-01
7.453339006312451609e-01
3.530548633654385648e-01
3.506794558670217610e-01
6.601608776951320423e-02
7.493430528122363432e-01
4.504402146615211211e-01
1.454768667591894438e-01
5.052374323886152929e-01
7.184646515069990080e-01
8.855763037064467991e-01
4.500649306554740936e-01
7.644599481258420592e-01
3.325450644843912507e-01
4.314512223213128883e-01
3.681812544292309974e-01
4.169371153589330747e-01
2.935331978350189663e-01
4.324439457573472367e-01
4.522467787262243188e-01
1.024444451449872812e-01
4.405396493497835686e-01
8.870506865053926493e-01
2.896704619486969445e-01
3.774584601586422616e-01
4.469938755079864157e-01
4.428347577103004529e-01
7.474246211259890638e-01
6.637602125799610953e-01
5.956567862021718840e-01
2.931995078745034400e-01
7.722135988926569494e-01
5.017401442199034278e-01
5.945121516913395299e-01
3.386507863044703748e-01
6.709890547272145955e-01
1.585861307223284666e-01
4.489788876868212597e-01
7.407762422346122477e-01
5.506284036868729359e-01
6.492434580194766935e-02
1.778803895591998530e-01
9.204157776349350395e-02
6.775947363734488582e-02
6.412677310772669781e-01
4.923600785505439226e-01
4.146735541100916023e-01
2.865847034520351277e-01
6.459694888651080769e-01
6.700469888980471467e-01
7.930719543807882577e-01
4.781815971795393971e-01
7.003365421690706250e-02
3.849161393080680615e-01
4.913152833188851876e-01
1.314418597406780409e-01
1.255802954126399862e-01
5.415140219784242426e-01
2.964828420397207509e-01
1.446987777811951648e-01
4.763981591072133925e-01
6.743264595742992640e-01
4.515639950370183842e-01
3.593029769676566731e-01
2.798960184201881307e-01
7.585556117104238494e-01
3.631943096988817232e-01
6.689233194964031015e-02
7.483929878918598178e-01
4.502528160685780323e-01
4.982282071110514243e-01
7.295086711927819545e-01
8.863128036311735958e-01
7.784936674793309086e-01
3.364007203123995926e-01
4.319462854699504528e-01
4.159285544252080413e-01
2.933660660223150751e-01
9.699632594558856014e-02
4.477314377733822570e-01
3.811824068112037445e-01
4.479891716339957641e-01
6.680444762177164542e-01
5.950849183920610130e-01
4.993134466523720949e-01
1.681831772590862695e-01
6.746403594248977231e-02
6.427059132621724125e-01
2.686980912990886150e-01
7.296722017239075653e-01
7.259364178802594214e-01
2.758769344089779807e-01
2.064866598473882875e-01
4.862767853267542240e-01
6.241448051734119762e-01
2.811566974664360119e-01
8.412064045124953982e-01
5.033088395352709465e-01
4.112577589874680251e-01
6.674435313963809069e-01
6.250482930779452939e-01
5.742714087194858985e-01
5.086979942750059491e-01
5.145305974690732587e-01
7.063100517454665161e-02
6.412093526906008645e-01
9.162328889091433393e-01
2.157656200214374542e-01
1.198447601202937557e-01
5.354321014666434397e-01
3.035903002969060349e-01
1.439184494872799425e-01
4.743222699359996297e-01
6.776358045086540161e-01
4.516421483899931699e-01
3.678868278715006768e-01
2.732227862341453650e-01
7.453339006312451609e-01
3.530548633654385648e-01
3.506794558670217610e-01
6.601608776951320423e-02
7.493430528122363432e-01
4.504402146615211211e-01
1.454768667591894438e-01
5.052374323886152929e-01
7.184646515069990080e-01
8.855763037064467991e-01
4.500649306554740936e-01
7.644599481258420592e-01
3.325450644843912507e-01
4.314512223213128883e-01
3.681812544292309974e-01
4.169371153589330747e-01
2.935331978350189663e-01
4.324439457573472367e-01
4.522467787262243188e-01
1.024444451449872812e-01
4.405396493497835686e-01
8.870506865053926493e-01
2.896704619486969445e-01
3.774584601586422616e-01
4.469938755079864157e-01
4.428347577103004529e-01
7.474246211259890638e-01
6.637602125799610953e-01
5.956567862021718840e-01
2.931995078745034400e-01
7.722135988926569494e-01
5.017401442199034278e-01
5.945121516913395299e-01
3.386507863044703748e-01
6.709890547272145955e-01
1.585861307223284666e-01
4.489788876868212597e-01
7.407762422346122477e-01
5.506284036868729359e-01
6.492434580194766935e-02
1.778803895591998530e-01
9.204157776349350395e-02
6.775947363734488582e-02
6.412677310772669781e-01
4.923600785505439226e-01
4.146735541100916023e-01
2.865847034520351277e-01
6.459694888651080769e-01
6.700469888980471467e-01
7.930719543807882577e-01
4.781815971795393971e-01
7.003365421690706250e-02
3.849161393080680615e-01
4.913152833188851876e-01
1.314418597406780409e-01
2.064866598473882875e-01
4.862767853267542240e-01
6.241946595234777462e-01
2.811563078073123778e-01
8.412056540498384916e-01
5.033067345431023742e-01
4.112577589874680251e-01
6.674445407384870244e-01
6.250482930779452939e-01
5.742714087194858985e-01
5.086979942750059491e-01
5.145298489102434480e-01
7.063100517454665161e-02
6.412093526906008645e-01
9.162328889091433393e-01
2.157656200214374542e-01
1.778773864406714977e-01
9.097861573868619711e-01
4.272952403908363284e-01
1.868657949957122089e-01
6.252327615389217108e-01
5.462380560440049937e-01
6.574902482461330022e-01
4.715220656002052646e-01
5.581472684422272845e-01
5.854571273796836950e-01
5.501285204535694140e-01
1.000000000000000000e+00
2.079312701063177060e-01
6.049160033758551602e-01
6.689711169188445883e-01
1.819846117837973232e-01
1.483322468598380628e-01
5.362808388094821854e-01
6.883586275783279973e-01
1.348799651431326629e-01
5.848555920284081999e-01
6.481400795019720551e-01
5.443693755408681723e-01
6.704235801924356419e-01
5.125240732403462118e-01
5.763718589694475369e-01
6.449868143978046975e-01
5.324973168067255180e-01
1.873014197441922601e-01
5.459329187680008744e-01
6.026313576832051933e-01
1.610620427253919018e-01
2.032820292268962825e-01
7.289699787359396055e-01
5.438522514956343201e-01
1.664072961731395961e-01
7.348337232258499441e-01
6.037694199742212886e-01
6.258997851172314331e-01
5.595450116490758852e-01
6.656401102817635085e-01
6.801242170025769695e-01
5.986050419871866701e-01
7.899735766638205092e-01
1.814593668419094696e-01
6.890538471359441974e-01
8.349777673286062907e-01
2.109740475971497164e-01
1.919958732562041526e-01
6.835471510909942872e-01
5.284879426767528088e-01
2.281466026256450674e-01
6.590670299061018866e-01
6.371675376815814085e-01
7.120246704503568891e-01
5.588633649334187048e-01
6.795003931726264490e-01
5.789932769337340357e-01
6.368124805379774545e-01
7.493368968904352556e-01
1.995377050380338357e-01
6.924814996589074845e-01
6.844266922333979153e-01
2.035817801590583120e-01
1.488627060846584305e-01
6.123000892224392810e-01
7.118280853790912577e-01
1.624053726117301866e-01
6.299689021997698646e-01
6.107951302057781362e-01
5.902756762675935853e-01
6.829498647289800051e-01
7.474689283885198599e-01
5.969434107755524632e-01
6.042421401690943883e-01
6.694009427143061686e-01
1.429541340009883588e-01
7.347681694514174300e-01
7.070553928575920022e-01
1.638869208467316485e-01
1.198447601202937834e-01
5.354321014666436618e-01
3.035903002969060349e-01
1.439184494872799425e-01
4.743222699359996297e-01
6.776358045086542381e-01
4.516421483899931699e-01
3.678868278715005657e-01
2.732227862341454760e-01
7.453339006312451609e-01
3.530548633654385648e-01
3.506794558670218720e-01
6.601608776951320423e-02
7.493430528122364542e-01
4.504402146615210656e-01
1.454768667591894438e-01
5.052374323886152929e-01
7.184646515069990080e-01
8.855763037064465770e-01
4.500649306554742046e-01
7.644599481258422813e-01
3.325450644843913062e-01
4.314512223213127773e-01
3.681812544292311085e-01
4.169371153589330747e-01
2.935331978350189663e-01
4.324439457573472922e-01
4.522467787262243188e-01
1.024444451449873089e-01
4.405396493497836241e-01
8.870506865053928713e-01
2.896704619486969445e-01
3.774584601586424282e-01
4.469938755079864157e-01
4.428347577103003418e-01
7.474246211259888417e-01
6.637602125799610953e-01
5.956567862021718840e-01
2.931995078745034400e-01
7.722135988926569494e-01
5.017401442199035388e-01
5.945121516913394188e-01
3.386507863044703193e-01
6.709890547272145955e-01
1.585861307223284666e-01
4.489788876868212597e-01
7.407762422346120257e-01
5.506284036868729359e-01
6.492434580194766935e-02
1.778803895591997974e-01
9.204157776349350395e-02
6.775947363734489970e-02
6.412677310772669781e-01
4.923600785505440336e-01
4.146735541100916023e-01
2.865847034520350722e-01
6.459694888651079658e-01
6.700469888980473687e-01
7.930719543807882577e-01
4.781815971795395637e-01
7.003365421690706250e-02
3.849161393080680615e-01
4.913152833188850765e-01
1.314418597406780409e-01
