3.161318815731587462e-01
6.831944670144178833e-01
3.281314791940891373e-01
3.016019062427466313e-01
5.084095514976463281e-01
4.843060867486216337e-01
5.871406655920274886e-01
4.160103282272377689e-01
2.718118171120652016e-01
5.071149158506723653e-01
1.803501235691817028e-01
4.184659999251131302e-01
2.988747180415749494e-01
6.343987562456377960e-01
5.974874504848810552e-01
3.009338743687279827e-01
4.458228582317984023e-01
3.790002473502474545e-01
6.193745797755524363e-01
5.939294057298172280e-01
4.656725742717849337e-01
1.827249231611067781e-01
3.893501286845604814e-01
1.945729522409257173e-01
3.677193065342859724e-01
4.159112329413853781e-01
3.874155761311359192e-01
5.859109295647234594e-01
2.411177003219515669e-01
1.955622098069781933e-01
6.239984017650069825e-01
2.989829554354618280e-01
4.752802988395281591e-01
3.762352262380381784e-01
1.851916070883237730e-01
6.290792647060797771e-01
4.766576651743591464e-01
4.613334404055993154e-01
4.120867111329745702e-01
5.392334191056511461e-01
3.180422690993284784e-01
4.631527949795922749e-01
1.878202356109518467e-01
4.674720093881671312e-01
6.106405202882063676e-01
3.806413650320780162e-01
3.859592069989035701e-01
6.810908757488993714e-01
2.808813776034621568e-01
6.091118013236701545e-01
2.405420731181817373e-01
2.978524169389005216e-01
5.353805979819261651e-01
3.169440930230256193e-01
3.671302290005475366e-01
2.711943423594485036e-01
5.393281665603569808e-01
4.794856864926064222e-01
4.843422608996638679e-01
5.074297912288863177e-01
2.826414730184991786e-01
4.699262704272671454e-01
4.264489394287283019e-01
3.215177750069310725e-01
3.187955632592175403e-01
6.810828772868187109e-01
3.132482664231829306e-01
3.012674103526342684e-01
5.081257485102480542e-01
4.759245814311018341e-01
5.862357199272159036e-01
4.172353334004776926e-01
2.715034367856466457e-01
5.229135147115319127e-01
1.887887170314213603e-01
2.983608986926374884e-01
6.317643844604947656e-01
5.957107358634642358e-01
4.360688927542126780e-01
3.824448644683451359e-01
6.216843222315943107e-01
4.748297490682200639e-01
1.857033708021628704e-01
3.883853829723717399e-01
3.675360234382599178e-01
4.139956845635509031e-01
2.405715343389814298e-01
1.930919457103004722e-01
4.726067973675465161e-01
3.784444886894861027e-01
4.788884200137826230e-01
4.622424033157665479e-01
3.189651075315965700e-01
6.098801289630810807e-01
2.817562703695544735e-01
5.361718701740851856e-01
4.195788522819136057e-01
5.808184540492479231e-01
5.769840555343312971e-01
4.227364260507554539e-01
3.717660419308291830e-01
5.353330172333006232e-01
3.009813743318963120e-01
4.646292103507140281e-01
5.303584877554798904e-01
3.409700133951341638e-01
4.560488695430078288e-01
3.519032529294099376e-01
4.193488719405902287e-01
5.229460767315975422e-01
3.433357544675056383e-01
5.646412271902718771e-01
3.363522038385671209e-01
4.385803964568562030e-01
5.725915751361527750e-01
3.747550242402322707e-01
3.161318815731587462e-01
6.831944670144178833e-01
3.281314791940891373e-01
3.016019062427466313e-01
5.084095514976463281e-01
4.843060867486216337e-01
5.871406655920274886e-01
4.160103282272377689e-01
2.718118171120652016e-01
5.071149158506723653e-01
1.803501235691817028e-01
4.184659999251131302e-01
2.988747180415749494e-01
6.343987562456377960e-01
5.974874504848810552e-01
3.009338743687279827e-01
4.458228582317984023e-01
3.790002473502474545e-01
6.193745797755524363e-01
5.939294057298172280e-01
4.656725742717849337e-01
1.827249231611067781e-01
3.893501286845604814e-01
1.945729522409257173e-01
3.677193065342859724e-01
4.159112329413853781e-01
3.874155761311359192e-01
5.859109295647234594e-01
2.411177003219515669e-01
1.955622098069781933e-01
6.239984017650069825e-01
2.989829554354618280e-01
4.752802988395281591e-01
3.762352262380381784e-01
1.851916070883237730e-01
6.290792647060797771e-01
4.766576651743591464e-01
4.613334404055993154e-01
4.120867111329745702e-01
5.392334191056511461e-01
3.180422690993284784e-01
4.631527949795922749e-01
1.878202356109518467e-01
4.674720093881671312e-01
6.106405202882063676e-01
3.806413650320780162e-01
3.859592069989035701e-01
6.810908757488993714e-01
2.808813776034621568e-01
6.091118013236701545e-01
2.405420731181817373e-01
2.978524169389005216e-01
5.353805979819261651e-01
3.169440930230256193e-01
3.671302290005475366e-01
2.711943423594485036e-01
5.393281665603569808e-01
4.794856864926064222e-01
4.843422608996638679e-01
5.074297912288863177e-01
2.826414730184991786e-01
4.699262704272671454e-01
4.264489394287283019e-01
3.215177750069310725e-01
3.717660419308291830e-01
5.353330172333006232e-01
3.010054155971202405e-01
4.646289201454467666e-01
5.303580146085355995e-01
3.409685873538021994e-01
4.560488695430078288e-01
3.519037850954340740e-01
4.193488719405902287e-01
5.229460767315975422e-01
3.433357544675056383e-01
5.646404057285778766e-01
3.363522038385671209e-01
4.385803964568562030e-01
5.725915751361527750e-01
3.747550242402322707e-01
3.769142830337751660e-01
6.336466483055629428e-01
4.499800314612907304e-01
3.271981688320954040e-01
4.009197832296864661e-01
4.442265551315472960e-01
5.253000733624161311e-01
4.820768137821134225e-01
5.557887379001005268e-01
4.662057188280090414e-01
4.446799232232528376e-01
6.935045438817200036e-01
3.551005337286824437e-01
5.804542395017457945e-01
4.300846865209404513e-01
3.708799764478722394e-01
2.837850588646778638e-01
6.490670086566909802e-01
8.448955445976551459e-01
2.407910526330729883e-01
5.981957260341350668e-01
4.516197237998947345e-01
4.131456809017232112e-01
8.148163436626292278e-01
9.487500454903932123e-01
3.562962004761578427e-01
4.467641849191907877e-01
6.361154648981417470e-01
2.522279626488759252e-01
9.621694350667069351e-01
6.136055948587337827e-01
2.891682247872046085e-01
3.143739122260023056e-01
6.712831178139415655e-01
5.986934700851915814e-01
3.572763382477866512e-01
8.653871222699529575e-01
4.682858632522803877e-01
4.398808453981747357e-01
5.826648030389258714e-01
8.644518590365142252e-01
4.454150321763712950e-01
4.661610022905393613e-01
7.083266413093483038e-01
2.846624313348380397e-01
8.688639854996644818e-01
9.384013821929957366e-01
3.205614963912021831e-01
3.145032210746530055e-01
7.732781893116111860e-01
8.238550975340417359e-01
3.232585775378554183e-01
7.636799329768138023e-01
4.606528751615022177e-01
4.733455046289545276e-01
8.339779549715351514e-01
8.554682175391445931e-01
4.232968157304567991e-01
4.606919608221050066e-01
8.261869930826772901e-01
3.185877035435543680e-01
8.471464786751776721e-01
7.924256887720591003e-01
3.196201885299144174e-01
2.779600234569271633e-01
8.024558247772251018e-01
9.043268268652855379e-01
2.657119271354141388e-01
7.187333032300218250e-01
4.035010771318233713e-01
4.586883035920549800e-01
8.473357589925047950e-01
9.618707012068274942e-01
4.402402211397720699e-01
3.961022837252071715e-01
8.710926091907356117e-01
2.608819075522923470e-01
9.321411102732397591e-01
7.978144158248186013e-01
2.854711993289232863e-01
3.161318815731587462e-01
6.831944670144179943e-01
3.281314791940892484e-01
3.016019062427466313e-01
5.084095514976463281e-01
4.843060867486217447e-01
5.871406655920275997e-01
4.160103282272376579e-01
2.718118171120653126e-01
5.071149158506724763e-01
1.803501235691816751e-01
4.184659999251131302e-01
2.988747180415750049e-01
6.343987562456379070e-01
5.974874504848809442e-01
3.009338743687279827e-01
4.458228582317982913e-01
3.790002473502474545e-01
6.193745797755523252e-01
5.939294057298172280e-01
4.656725742717849337e-01
1.827249231611068059e-01
3.893501286845603704e-01
1.945729522409257728e-01
3.677193065342859724e-01
4.159112329413853781e-01
3.874155761311360302e-01
5.859109295647233484e-01
2.411177003219515669e-01
1.955622098069782211e-01
6.239984017650070935e-01
2.989829554354619390e-01
4.752802988395282147e-01
3.762352262380382895e-01
1.851916070883237453e-01
6.290792647060797771e-01
4.766576651743592019e-01
4.613334404055992599e-01
4.120867111329745702e-01
5.392334191056512571e-01
3.180422690993285340e-01
4.631527949795921639e-01
1.878202356109518190e-01
4.674720093881670202e-01
6.106405202882064787e-01
3.806413650320781272e-01
3.859592069989034591e-01
6.810908757488993714e-01
2.808813776034621013e-01
6.091118013236700435e-01
2.405420731181817651e-01
2.978524169389004661e-01
5.353805979819263872e-01
3.169440930230256193e-01
3.671302290005475921e-01
2.711943423594485592e-01
5.393281665603568698e-01
4.794856864926064222e-01
4.843422608996639789e-01
5.074297912288863177e-01
2.826414730184991786e-01
4.699262704272671454e-01
4.264489394287283019e-01
3.215177750069310725e-01
