5.609141837511141815e-02
3.509845063285996214e-01
2.340992286543109591e-01
6.082986858842114042e-02
2.805810243524448633e-01
7.054585221528598682e-01
5.119809992892125905e-01
2.513454147541582251e-01
9.899748480623538072e-02
6.923500074546069527e-01
4.343718416140502914e-01
2.491226953261743426e-01
5.286979211691950065e-02
4.265673917101874268e-01
3.071614496850216258e-01
6.099549021476213806e-02
2.498606372457639058e-01
4.880569887926732853e-01
8.243308920188829880e-01
3.122610100876304640e-01
6.440817106610876586e-01
2.943747955156417739e-01
6.461429772949013328e-01
4.472508766958614990e-01
6.465872179847025336e-01
5.972492471685276749e-01
6.485006304617869644e-01
5.105100234954995653e-01
1.221409888463845100e-01
4.142546776668650232e-01
8.095343844891718099e-01
2.167980602797604239e-01
3.607658205700362553e-01
5.553229782925703795e-01
4.099101706046803795e-01
4.149545849397008324e-01
6.300923360966074194e-01
8.740834576344636009e-01
5.937040115682288288e-01
7.209436904817249081e-01
4.212533398105121063e-01
8.757198967834459724e-01
3.011099693090892870e-01
6.821504189214977476e-01
2.765775122220823223e-01
5.591756014613843417e-01
4.805677493959260027e-01
3.552478232459205798e-01
1.911617907805219022e-02
2.792107012598104010e-01
1.205516303651644749e-01
5.220120789345196466e-02
1.503706683260456201e-01
4.187899021339236971e-01
6.458877565198568593e-01
9.703711343843651749e-02
1.390481626979468421e-01
6.281004767518969523e-01
6.467455945376161530e-01
2.658736465164691642e-01
1.868580976887411482e-02
3.640775055228233081e-01
2.360320734165413659e-01
5.853410964395201754e-02
5.729949129328447410e-02
3.509628018289226437e-01
2.252652660071461643e-01
6.091279839383826472e-02
2.734776889693698587e-01
6.938536692707006903e-01
5.109025887275342459e-01
2.502366171896071023e-01
9.801843269156751415e-02
7.064148013372414381e-01
4.439711360922555250e-01
5.253375461337654595e-02
4.208163814350527887e-01
3.097079222995720027e-01
2.428985282596637651e-01
4.843498883739276728e-01
8.169395777078090060e-01
6.453883019703575696e-01
2.984451396996204431e-01
6.473187198610851345e-01
6.464337331027985023e-01
5.954735819629434213e-01
1.210530456327352095e-01
4.177842456154088890e-01
3.624194902770816462e-01
5.572547049367588823e-01
6.301674347199869297e-01
8.749010346545964545e-01
4.219634652255157548e-01
2.778872716665271581e-01
1.890225488273226950e-02
1.425434201672787227e-01
1.320742997099223492e-01
8.724985807925585979e-01
8.665684676897844607e-01
1.289549483692649101e-01
1.180686749892748411e-01
3.795046313569179208e-01
5.128363092880872109e-01
1.574542488785947436e-01
4.613032742814715537e-01
5.723758615255654103e-01
6.603684444722105473e-01
5.447945259924227290e-01
5.178983346081083017e-01
8.166589978577506459e-01
5.773935303628583426e-01
3.960436300894725203e-01
6.159041182559205074e-02
5.413184881499706336e-01
4.724261342515063689e-01
1.192561444207179272e-01
5.609141837511141815e-02
3.509845063285996214e-01
2.340992286543109591e-01
6.082986858842114042e-02
2.805810243524448633e-01
7.054585221528598682e-01
5.119809992892125905e-01
2.513454147541582251e-01
9.899748480623538072e-02
6.923500074546069527e-01
4.343718416140502914e-01
2.491226953261743426e-01
5.286979211691950065e-02
4.265673917101874268e-01
3.071614496850216258e-01
6.099549021476213806e-02
2.498606372457639058e-01
4.880569887926732853e-01
8.243308920188829880e-01
3.122610100876304640e-01
6.440817106610876586e-01
2.943747955156417739e-01
6.461429772949013328e-01
4.472508766958614990e-01
6.465872179847025336e-01
5.972492471685276749e-01
6.485006304617869644e-01
5.105100234954995653e-01
1.221409888463845100e-01
4.142546776668650232e-01
8.095343844891718099e-01
2.167980602797604239e-01
3.607658205700362553e-01
5.553229782925703795e-01
4.099101706046803795e-01
4.149545849397008324e-01
6.300923360966074194e-01
8.740834576344636009e-01
5.937040115682288288e-01
7.209436904817249081e-01
4.212533398105121063e-01
8.757198967834459724e-01
3.011099693090892870e-01
6.821504189214977476e-01
2.765775122220823223e-01
5.591756014613843417e-01
4.805677493959260027e-01
3.552478232459205798e-01
1.911617907805219022e-02
2.792107012598104010e-01
1.205516303651644749e-01
5.220120789345196466e-02
1.503706683260456201e-01
4.187899021339236971e-01
6.458877565198568593e-01
9.703711343843651749e-02
1.390481626979468421e-01
6.281004767518969523e-01
6.467455945376161530e-01
2.658736465164691642e-01
1.868580976887411482e-02
3.640775055228233081e-01
2.360320734165413659e-01
5.853410964395201754e-02
1.180686749892748411e-01
3.795046313569179208e-01
5.128772727322716829e-01
1.574537921648188343e-01
4.613028627405240112e-01
5.723734676738954086e-01
6.603684444722105473e-01
5.447953498584554577e-01
5.178983346081083017e-01
8.166589978577506459e-01
5.773935303628583426e-01
3.960430539100232572e-01
6.159041182559205074e-02
5.413184881499706336e-01
4.724261342515063689e-01
1.192561444207179272e-01
8.593521098053882867e-02
5.911132615715246619e-01
4.368896899613363694e-01
9.449435444276006735e-02
6.396535617414422781e-01
6.771206680875297979e-01
8.024033607247753608e-01
4.754410207992507686e-01
5.096045574013452484e-01
8.226640659867496819e-01
6.765164908557711465e-01
6.366004793156370134e-01
4.488983792372938653e-02
5.425446508144953217e-01
6.760606523051040373e-01
8.199844410317784493e-02
6.633553281194351503e-02
3.084393508614198254e-01
3.675962601788935746e-01
6.706180153424201595e-02
2.162006275696544133e-01
8.180406522653935752e-01
8.053973959342181077e-01
3.436619848240998198e-01
4.339416150681023598e-01
7.619003009860610964e-01
8.117829578651858391e-01
3.070715400473973400e-01
8.631754465165733525e-02
4.733386993154788946e-01
2.000413636781139815e-01
6.581642673233570329e-02
8.663141996741979822e-02
5.781180219107406870e-01
2.985044533275948986e-01
8.831182887728405984e-02
3.708434912644600345e-01
7.940727157266699310e-01
8.323073843213785183e-01
2.913747999452453996e-01
8.594595520742802641e-01
7.894890400346532555e-01
7.883512679747695096e-01
5.923309612984288819e-01
7.154895034926139763e-02
8.593623178269209628e-01
3.813079763022058088e-01
8.759301649925890776e-02
7.126551720145607449e-02
5.997606392994354607e-01
6.006180922409427581e-01
9.218845591316569832e-02
7.444085886627718196e-01
8.084355367946213233e-01
8.217133670549474633e-01
6.126360623980695586e-01
4.516159555797258918e-01
7.423123308002222975e-01
8.054603169032872323e-01
6.152115308279242356e-01
7.997800018043266235e-02
4.422760784283203961e-01
7.426202698153336890e-01
7.415327249129448350e-02
7.606150734247721368e-02
3.291563447810370580e-01
3.454687862080441096e-01
7.878100283429731454e-02
3.341658561471874123e-01
7.781940825643042237e-01
8.309565985367606267e-01
3.352219555320916644e-01
2.984958990467569961e-01
8.487989850009320936e-01
7.689790895059276377e-01
3.437624570823407666e-01
8.105911214814895405e-02
2.868350112956796760e-01
3.642843402257522900e-01
7.863531057650327560e-02
5.609141837511143203e-02
3.509845063285996769e-01
2.340992286543109591e-01
6.082986858842114042e-02
2.805810243524449188e-01
7.054585221528598682e-01
5.119809992892125905e-01
2.513454147541582251e-01
9.899748480623538072e-02
6.923500074546071748e-01
4.343718416140501803e-01
2.491226953261743704e-01
5.286979211691951452e-02
4.265673917101873713e-01
3.071614496850215703e-01
6.099549021476213806e-02
2.498606372457638503e-01
4.880569887926732853e-01
8.243308920188829880e-01
3.122610100876304640e-01
6.440817106610876586e-01
2.943747955156418294e-01
6.461429772949012218e-01
4.472508766958614990e-01
6.465872179847025336e-01
5.972492471685276749e-01
6.485006304617870754e-01
5.105100234954995653e-01
1.221409888463845100e-01
4.142546776668649677e-01
8.095343844891720320e-01
2.167980602797603962e-01
3.607658205700361997e-01
5.553229782925703795e-01
4.099101706046802684e-01
4.149545849397006103e-01
6.300923360966075304e-01
8.740834576344636009e-01
5.937040115682288288e-01
7.209436904817249081e-01
4.212533398105121618e-01
8.757198967834457504e-01
3.011099693090892870e-01
6.821504189214977476e-01
2.765775122220823778e-01
5.591756014613843417e-01
4.805677493959260027e-01
3.552478232459205798e-01
1.911617907805218675e-02
2.792107012598104010e-01
1.205516303651645027e-01
5.220120789345197854e-02
1.503706683260456201e-01
4.187899021339236971e-01
6.458877565198568593e-01
9.703711343843657300e-02
1.390481626979468421e-01
6.281004767518971743e-01
6.467455945376161530e-01
2.658736465164691642e-01
1.868580976887411482e-02
3.640775055228233081e-01
2.360320734165413659e-01
5.853410964395201754e-02
