6.510073400035274460e-01
7.263714654895323530e-01
6.622211411556262473e-01
6.291457666294858475e-01
7.174112792624900425e-01
3.309833653277295396e-01
2.207117803164991843e-01
7.310732407554529910e-01
6.890371981219096664e-01
2.754420555693752881e-01
1.709161815406624318e-01
7.243842588572538821e-01
5.703474478548141713e-01
5.484133544669153038e-01
6.601706892833734130e-01
6.302272215583163417e-01
6.690248104811815644e-01
1.739565071565919996e-01
1.941387953126844645e-01
6.762011031000663142e-01
2.600666961107943043e-01
8.081941439983711395e-02
8.680372355470730716e-02
1.892144224119839679e-01
9.494061495181875532e-02
6.577302337667512155e-02
8.790214112644731403e-02
2.193450042073203932e-01
8.885306146661490212e-01
1.685671944170401004e-01
1.865507565622867847e-01
6.677478229814144406e-01
6.529303151943727235e-01
9.523750537813963080e-02
1.415521608256483099e-01
5.393341575502992313e-01
2.419089256558476508e-01
1.225632516300116520e-01
6.430564951761678916e-02
2.994810135686579722e-01
2.202873224739400615e-01
1.217629240454786987e-01
7.916045531252557943e-02
3.120653340771469830e-01
9.828842977799145952e-01
1.001544039285106047e-01
1.754655746554754647e-01
7.366793496821997245e-01
6.098733658423403092e-01
9.847938950278912751e-01
9.081861047755183103e-01
5.637039485614740997e-01
4.783382130610135397e-01
2.344762699807692030e-01
9.839816033438694709e-02
7.351431406230424237e-01
4.706896232539281577e-01
2.528176620278544395e-01
2.430686378480832466e-01
7.503033093522775143e-01
6.140448979480666036e-01
7.061710734089887698e-01
6.642638576683665974e-01
6.931994681984527951e-01
6.718741470710321018e-01
7.306351655989731242e-01
6.650430604477124419e-01
6.296872710742658086e-01
7.338175428670065115e-01
3.215642818740532816e-01
2.194829111053952231e-01
7.277364602582504505e-01
7.120635089760480874e-01
2.872664501075873345e-01
1.813313370331680607e-01
5.670083548296378506e-01
5.439170637949539699e-01
6.681754988279833274e-01
6.666278679808727015e-01
1.747034808425255159e-01
1.903483346721460689e-01
2.517294275848623863e-01
8.020368341768041587e-02
8.735149551399215562e-02
9.670473420198086312e-02
6.503807512531087354e-02
8.982008660947996548e-01
1.574505808655525252e-01
6.795157634766868515e-01
9.770286560682939214e-02
2.477920569818503616e-01
1.221634020895629585e-01
2.285161700332608292e-01
9.838341395857201910e-01
6.119469143736540051e-01
4.731838893176342209e-01
7.620371426863902231e-01
2.297761578490993273e-01
2.157722010057030460e-01
7.927277022575410781e-01
6.947863579400909151e-01
3.858234193328304862e-01
5.440871025533313698e-01
7.443817790637687892e-01
3.413051142756100553e-01
1.510279423693120515e-01
1.073404969178520102e-01
6.197018642996057203e-01
2.687195850344763493e-01
1.433888677041093296e-01
1.445455492301435108e-01
4.197138450065716064e-01
7.340856329839587913e-01
3.281901424795148348e-01
3.614719036659717055e-01
7.275640804235756764e-01
6.510073400035274460e-01
7.263714654895323530e-01
6.622211411556262473e-01
6.291457666294858475e-01
7.174112792624900425e-01
3.309833653277295396e-01
2.207117803164991843e-01
7.310732407554529910e-01
6.890371981219096664e-01
2.754420555693752881e-01
1.709161815406624318e-01
7.243842588572538821e-01
5.703474478548141713e-01
5.484133544669153038e-01
6.601706892833734130e-01
6.302272215583163417e-01
6.690248104811815644e-01
1.739565071565919996e-01
1.941387953126844645e-01
6.762011031000663142e-01
2.600666961107943043e-01
8.081941439983711395e-02
8.680372355470730716e-02
1.892144224119839679e-01
9.494061495181875532e-02
6.577302337667512155e-02
8.790214112644731403e-02
2.193450042073203932e-01
8.885306146661490212e-01
1.685671944170401004e-01
1.865507565622867847e-01
6.677478229814144406e-01
6.529303151943727235e-01
9.523750537813963080e-02
1.415521608256483099e-01
5.393341575502992313e-01
2.419089256558476508e-01
1.225632516300116520e-01
6.430564951761678916e-02
2.994810135686579722e-01
2.202873224739400615e-01
1.217629240454786987e-01
7.916045531252557943e-02
3.120653340771469830e-01
9.828842977799145952e-01
1.001544039285106047e-01
1.754655746554754647e-01
7.366793496821997245e-01
6.098733658423403092e-01
9.847938950278912751e-01
9.081861047755183103e-01
5.637039485614740997e-01
4.783382130610135397e-01
2.344762699807692030e-01
9.839816033438694709e-02
7.351431406230424237e-01
4.706896232539281577e-01
2.528176620278544395e-01
2.430686378480832466e-01
7.503033093522775143e-01
6.140448979480666036e-01
7.061710734089887698e-01
6.642638576683665974e-01
6.931994681984527951e-01
6.947863579400909151e-01
3.858234193328304862e-01
5.441305621938701265e-01
7.443816405023166993e-01
3.413048097882196430e-01
1.510273107240657497e-01
1.073404969178520102e-01
6.197028014443308752e-01
2.687195850344763493e-01
1.433888677041093296e-01
1.445455492301435108e-01
4.197132343907865604e-01
7.340856329839587913e-01
3.281901424795148348e-01
3.614719036659717055e-01
7.275640804235756764e-01
7.539831257288884814e-01
3.460189563447164662e-01
4.144976734518983630e-01
6.633785704853314424e-01
4.558449243895315028e-01
1.391430646815331462e-01
1.277026078360727346e-01
4.926940568762125938e-01
6.063587951852642544e-01
1.223416334842048342e-01
1.319853976243823279e-01
3.862988347775555553e-01
6.068889658237028861e-01
6.888232211292673046e-01
4.901851982697642551e-01
7.700914364942785806e-01
6.590776347795893608e-01
5.028659783234048497e-01
6.084651785550145853e-01
6.431095349734702316e-01
5.959643907879415003e-01
1.300152503682844851e-01
8.342480417990921771e-02
6.132558890851591560e-01
5.128308320625345473e-01
1.013086040012634581e-01
1.149508104380501938e-01
4.981792683580197334e-01
6.527677595451216730e-01
5.767254607125988919e-01
6.017397960456942752e-01
7.029197387905214978e-01
6.589076664690483032e-01
4.750600342026944922e-01
4.712966291017672837e-01
7.415411129470257379e-01
6.427828803621626896e-01
1.330703797236338914e-01
1.283480761817678562e-01
5.375740841735998643e-01
3.759126218289474686e-01
1.583964386689725168e-01
1.236957547543190983e-01
4.964983152104021080e-01
7.120397941707229394e-01
4.465955824699732180e-01
7.056662775373947483e-01
6.990082968331396973e-01
6.841248221313991351e-01
5.725117437350788485e-01
3.713303854289393691e-01
7.106954529545362886e-01
5.411503934066783650e-01
1.342327604628905380e-01
1.582022045677058952e-01
4.550473524683096294e-01
5.106355584710726703e-01
1.426854466322579618e-01
1.260357244240606356e-01
6.107415032376035668e-01
7.034798259356276340e-01
5.634124116326444387e-01
5.595599098455168452e-01
7.274254040150324174e-01
6.592786284455354195e-01
5.789341182094445148e-01
6.701643141033437612e-01
6.564777795434443286e-01
5.528648379673453128e-01
1.237109455724971219e-01
1.053316668647800713e-01
6.876865564877652215e-01
6.549337106621728744e-01
1.114426582482640204e-01
1.077385872147764712e-01
6.308673510925286720e-01
6.552012852052141456e-01
6.796712841213523593e-01
6.284284279016423280e-01
7.030686982830477438e-01
6.510073400035274460e-01
7.263714654895324641e-01
6.622211411556262473e-01
6.291457666294858475e-01
7.174112792624900425e-01
3.309833653277296506e-01
2.207117803164992398e-01
7.310732407554527690e-01
6.890371981219096664e-01
2.754420555693754546e-01
1.709161815406624041e-01
7.243842588572539931e-01
5.703474478548142823e-01
5.484133544669151927e-01
6.601706892833733020e-01
6.302272215583163417e-01
6.690248104811815644e-01
1.739565071565919996e-01
1.941387953126844090e-01
6.762011031000665362e-01
2.600666961107944153e-01
8.081941439983711395e-02
8.680372355470729329e-02
1.892144224119840235e-01
9.494061495181872756e-02
6.577302337667510768e-02
8.790214112644732791e-02
2.193450042073203932e-01
8.885306146661490212e-01
1.685671944170401282e-01
1.865507565622868402e-01
6.677478229814144406e-01
6.529303151943728345e-01
9.523750537813963080e-02
1.415521608256482822e-01
5.393341575502992313e-01
2.419089256558475953e-01
1.225632516300116243e-01
6.430564951761677528e-02
2.994810135686580832e-01
2.202873224739400893e-01
1.217629240454786849e-01
7.916045531252559331e-02
3.120653340771468720e-01
9.828842977799148173e-01
1.001544039285106047e-01
1.754655746554754092e-01
7.366793496821999465e-01
6.098733658423401982e-01
9.847938950278910530e-01
9.081861047755181993e-01
5.637039485614742107e-01
4.783382130610135397e-01
2.344762699807692030e-01
9.839816033438696097e-02
7.351431406230424237e-01
4.706896232539281577e-01
2.528176620278545506e-01
2.430686378480833576e-01
7.503033093522776253e-01
6.140448979480664926e-01
7.061710734089887698e-01
6.642638576683664864e-01
6.931994681984527951e-01
