6.097952283189570499e-01
7.982030483764084305e-01
7.094171648640734684e-01
6.204911336793480503e-01
8.726992119047380925e-01
1.720869992505367208e-01
3.225528460976287426e-01
7.468184746561910003e-01
5.911662774695436440e-01
2.467945848203941805e-01
1.203132458885025347e-01
7.564254695868287692e-01
5.830144818965402598e-01
5.578558236359216771e-01
7.886213845222933561e-01
6.168396797326034520e-01
6.944347352794100203e-01
2.380810020524219417e-01
1.786963185259471398e-01
7.788380257043352461e-01
1.965239136888447535e-01
7.836092482129587700e-02
9.047312758626552265e-02
1.257745310327564037e-01
2.001328198635632660e-01
7.913604200607023131e-02
9.253359117901721609e-02
3.185526480351538736e-01
5.844260554718473388e-01
1.832808597609024148e-01
1.600953738623077383e-01
6.634121213320299804e-01
8.664255795674079552e-01
1.268956626455369496e-01
1.716382111363243257e-01
5.505435352610285049e-01
2.472118556570027659e-01
8.713394978036674565e-02
7.920060356458781536e-02
2.560859088765198299e-01
2.855898236783023236e-01
8.867846169914098131e-02
8.086767183561374694e-02
1.591247842014167357e-01
9.504053064822024499e-01
1.281080087173182558e-01
2.418430726737879621e-01
8.027981371528425392e-01
5.520974902268998008e-01
9.527487025046740277e-01
6.045530786402996126e-01
5.791780796489243155e-01
5.884111174222477203e-01
2.806192440835199031e-01
2.000827940053962750e-01
5.859603640327207819e-01
5.936251912011701881e-01
2.453733629552256601e-01
1.893594601775500652e-01
8.808457969832343970e-01
5.613249366652023342e-01
8.526879674738407910e-01
6.692872068935478147e-01
6.160303840051354340e-01
6.128789265419585242e-01
7.998378245487998139e-01
6.859270266638651803e-01
6.186627832882607425e-01
8.770314565765454651e-01
1.656332523635080101e-01
3.200725065148254389e-01
7.516108980487411495e-01
5.885663310293842709e-01
2.513648445390262998e-01
1.239223440689015687e-01
5.810862655423025824e-01
5.542345590777588704e-01
7.837360506226294099e-01
6.817739965710679639e-01
2.399431902983838460e-01
1.694045699010915951e-01
1.930098668581985422e-01
7.979713374988803287e-02
9.150066411542787104e-02
2.001688546836307148e-01
7.916837828100448116e-02
5.942242921582487902e-01
1.800094564314802525e-01
8.595657866552974813e-01
1.275035396961123613e-01
2.467112282958001668e-01
8.790559928098934384e-02
2.843956530049391862e-01
9.515709216463743569e-01
5.566841882373629868e-01
5.899709434135838038e-01
7.613710720555769695e-01
2.377670601535781802e-01
2.343232105771486662e-01
7.666221958034294959e-01
6.872913953440321633e-01
4.820300908473609258e-01
4.213048314043184028e-01
7.642713370445004539e-01
4.232562169417524167e-01
1.262434263344808238e-01
1.528341011715546038e-01
4.426604599304870824e-01
4.118585998306285578e-01
1.331633454277341977e-01
1.261871755980180088e-01
5.103788786696878965e-01
6.669439843935121015e-01
4.249696424037294751e-01
4.411141330368566482e-01
6.937645009023890585e-01
6.097952283189570499e-01
7.982030483764084305e-01
7.094171648640734684e-01
6.204911336793480503e-01
8.726992119047380925e-01
1.720869992505367208e-01
3.225528460976287426e-01
7.468184746561910003e-01
5.911662774695436440e-01
2.467945848203941805e-01
1.203132458885025347e-01
7.564254695868287692e-01
5.830144818965402598e-01
5.578558236359216771e-01
7.886213845222933561e-01
6.168396797326034520e-01
6.944347352794100203e-01
2.380810020524219417e-01
1.786963185259471398e-01
7.788380257043352461e-01
1.965239136888447535e-01
7.836092482129587700e-02
9.047312758626552265e-02
1.257745310327564037e-01
2.001328198635632660e-01
7.913604200607023131e-02
9.253359117901721609e-02
3.185526480351538736e-01
5.844260554718473388e-01
1.832808597609024148e-01
1.600953738623077383e-01
6.634121213320299804e-01
8.664255795674079552e-01
1.268956626455369496e-01
1.716382111363243257e-01
5.505435352610285049e-01
2.472118556570027659e-01
8.713394978036674565e-02
7.920060356458781536e-02
2.560859088765198299e-01
2.855898236783023236e-01
8.867846169914098131e-02
8.086767183561374694e-02
1.591247842014167357e-01
9.504053064822024499e-01
1.281080087173182558e-01
2.418430726737879621e-01
8.027981371528425392e-01
5.520974902268998008e-01
9.527487025046740277e-01
6.045530786402996126e-01
5.791780796489243155e-01
5.884111174222477203e-01
2.806192440835199031e-01
2.000827940053962750e-01
5.859603640327207819e-01
5.936251912011701881e-01
2.453733629552256601e-01
1.893594601775500652e-01
8.808457969832343970e-01
5.613249366652023342e-01
8.526879674738407910e-01
6.692872068935478147e-01
6.160303840051354340e-01
6.872913953440321633e-01
4.820300908473609258e-01
4.213384836567688474e-01
7.642712092644629029e-01
4.232558393435987831e-01
1.262428983456936327e-01
1.528341011715546038e-01
4.426611293441826689e-01
4.118585998306285578e-01
1.331633454277341977e-01
1.261871755980180088e-01
5.103781361509378556e-01
6.669439843935121015e-01
4.249696424037294751e-01
4.411141330368566482e-01
6.937645009023890585e-01
7.407697752385892231e-01
2.758321675803132589e-01
5.390985748752914475e-01
6.596829107270033576e-01
3.985481566842647982e-01
1.598457281572740474e-01
1.232554279747097581e-01
5.553786415101245044e-01
8.040354232263735579e-01
1.095190176817761180e-01
1.592779168508678400e-01
3.018712621166628196e-01
5.910286135537614616e-01
8.101658686345414306e-01
4.212893412484886024e-01
7.276191985480722213e-01
6.572679904057489031e-01
4.216059782364027786e-01
7.200650239522241591e-01
6.383691381561551470e-01
4.598452121131861858e-01
1.406987614618302462e-01
1.035481376450150537e-01
6.674842390802859793e-01
6.326189962731527672e-01
1.119500634030344555e-01
1.345894654214205011e-01
4.153253862672536822e-01
6.538510231086153146e-01
6.394996945481996597e-01
4.575814117655203628e-01
6.647405367023340172e-01
6.923577223835768457e-01
3.266887327982965772e-01
8.001676327211972861e-01
6.731745259690573580e-01
3.745009933363769861e-01
1.653334824008064752e-01
1.250071760146300170e-01
7.829980159160054853e-01
5.045387611158793639e-01
1.611613248772781892e-01
1.607016637284365002e-01
3.398827029861872795e-01
6.981790897699606813e-01
4.962153308556369602e-01
4.110244236063929080e-01
7.013166773305112844e-01
7.009616738227958388e-01
4.390934625381914813e-01
5.920884553329979205e-01
6.749476054611381892e-01
4.245106596868382098e-01
1.571422492666755821e-01
1.465243612670875661e-01
5.843951755914882362e-01
7.373555223006418302e-01
1.383881416360215888e-01
1.553513029411920376e-01
4.418214279600132244e-01
6.687882965488249898e-01
6.878844238684833634e-01
4.329430840251329293e-01
7.144140449410095739e-01
6.585276657047373083e-01
5.699000098404154446e-01
7.321820159771015302e-01
6.469661545268061698e-01
5.394262540678536055e-01
1.305539044179991337e-01
1.195108134446751791e-01
6.754020482041733775e-01
7.132545783379340421e-01
1.255299046803031171e-01
1.251214733479829033e-01
6.020924738981299207e-01
6.471044575195036286e-01
6.620512925085766387e-01
5.981802682534682614e-01
6.683530972317999197e-01
6.097952283189571610e-01
7.982030483764085416e-01
7.094171648640734684e-01
6.204911336793480503e-01
8.726992119047380925e-01
1.720869992505368318e-01
3.225528460976287426e-01
7.468184746561910003e-01
5.911662774695436440e-01
2.467945848203942361e-01
1.203132458885025624e-01
7.564254695868289913e-01
5.830144818965403708e-01
5.578558236359216771e-01
7.886213845222932450e-01
6.168396797326034520e-01
6.944347352794100203e-01
2.380810020524219417e-01
1.786963185259470843e-01
7.788380257043352461e-01
1.965239136888448646e-01
7.836092482129587700e-02
9.047312758626549489e-02
1.257745310327564037e-01
2.001328198635632660e-01
7.913604200607021744e-02
9.253359117901722997e-02
3.185526480351538736e-01
5.844260554718473388e-01
1.832808597609023871e-01
1.600953738623077383e-01
6.634121213320300914e-01
8.664255795674080662e-01
1.268956626455369219e-01
1.716382111363242979e-01
5.505435352610282829e-01
2.472118556570027104e-01
8.713394978036674565e-02
7.920060356458781536e-02
2.560859088765198299e-01
2.855898236783023236e-01
8.867846169914098131e-02
8.086767183561374694e-02
1.591247842014167357e-01
9.504053064822024499e-01
1.281080087173182558e-01
2.418430726737879621e-01
8.027981371528425392e-01
5.520974902268998008e-01
9.527487025046740277e-01
6.045530786402997236e-01
5.791780796489244265e-01
5.884111174222477203e-01
2.806192440835199031e-01
2.000827940053963028e-01
5.859603640327208929e-01
5.936251912011702991e-01
2.453733629552257711e-01
1.893594601775500652e-01
8.808457969832346190e-01
5.613249366652022232e-01
8.526879674738407910e-01
6.692872068935477037e-01
6.160303840051354340e-01
