4.197196250600543355e-01
6.992465181695304288e-01
6.210123710913010298e-01
4.176421544025942234e-01
7.775978398597809260e-01
3.715266964754010415e-01
3.771222037532152571e-01
6.986125433485075309e-01
5.687406861734851660e-01
2.614542879298782374e-01
1.884761952199376089e-01
6.925168798531484704e-01
4.798587248535523542e-01
7.102633713145943828e-01
7.299709995627807757e-01
4.155491507691946307e-01
6.142959611421741073e-01
3.440128284688175886e-01
3.721483881259881610e-01
7.136783408099320880e-01
3.035437734507557273e-01
1.498517189016537188e-01
2.793019292031060363e-01
1.975660713978981964e-01
2.765536481702242089e-01
9.756654630352806779e-02
2.826846093340908417e-01
3.716766067738295765e-01
3.895990152626657710e-01
2.568880319773950149e-01
3.572763940318565146e-01
5.702789919281155973e-01
8.214475085013394073e-01
2.997593561215916580e-01
2.545074858036757148e-01
7.102238670015642574e-01
3.484876628259241382e-01
2.229444770632138806e-01
9.775557865526907086e-02
2.720849511737389870e-01
4.776532918703769170e-01
2.218616298251843144e-01
1.518565123553965723e-01
3.646907119938326280e-01
8.382443038718904171e-01
2.913275607209304119e-01
3.603881573669784344e-01
6.852645536765100687e-01
3.245287324815609442e-01
8.341257764962444199e-01
3.916647548927399969e-01
4.787664623163306876e-01
6.236011304780564313e-01
4.616125196522343210e-01
2.754088275244442330e-01
5.433232741957138012e-01
6.399589663694734698e-01
3.535450765792302330e-01
3.112043335263480759e-01
7.766886566792448043e-01
3.266443115630128791e-01
7.905398868569986082e-01
5.942107722371970935e-01
4.179212122827241083e-01
4.188301906072836589e-01
6.912246153832379836e-01
5.951079485234423982e-01
4.165941488498787204e-01
7.774527538273042770e-01
3.681231336274992660e-01
3.739540486779741046e-01
6.955717381290615897e-01
5.560466776019548085e-01
2.666833480414699808e-01
1.943981924201181322e-01
4.793097421475025488e-01
7.102438075937267392e-01
7.218352376427696893e-01
6.041839006354019492e-01
3.521184564771618897e-01
3.647193659353501483e-01
3.073011524067601474e-01
1.512203002605448376e-01
2.809888444261101070e-01
2.760636234068487016e-01
9.766122496739117198e-02
3.904087673876876496e-01
2.592326996699758634e-01
8.060139759163478246e-01
2.955316070996658606e-01
3.516179963165575462e-01
2.224034786284855014e-01
4.717329483041524663e-01
8.361957308107965670e-01
3.255803259455548604e-01
6.308246139283963938e-01
6.041017992908860323e-01
3.972923417207284702e-01
3.968519459235719804e-01
6.017948088131520601e-01
5.048591576178859119e-01
5.807171271021782655e-01
4.599759300148600349e-01
6.343984614137069267e-01
5.174484277908815155e-01
2.610160991243993811e-01
2.427911544694026091e-01
4.778356479519330069e-01
6.145521976818733023e-01
2.095578883891977273e-01
2.637898501877420920e-01
6.003428899226286308e-01
4.802955968069584358e-01
6.036802704102781636e-01
5.574733475343476297e-01
5.029695189995432303e-01
4.197196250600543355e-01
6.992465181695304288e-01
6.210123710913010298e-01
4.176421544025942234e-01
7.775978398597809260e-01
3.715266964754010415e-01
3.771222037532152571e-01
6.986125433485075309e-01
5.687406861734851660e-01
2.614542879298782374e-01
1.884761952199376089e-01
6.925168798531484704e-01
4.798587248535523542e-01
7.102633713145943828e-01
7.299709995627807757e-01
4.155491507691946307e-01
6.142959611421741073e-01
3.440128284688175886e-01
3.721483881259881610e-01
7.136783408099320880e-01
3.035437734507557273e-01
1.498517189016537188e-01
2.793019292031060363e-01
1.975660713978981964e-01
2.765536481702242089e-01
9.756654630352806779e-02
2.826846093340908417e-01
3.716766067738295765e-01
3.895990152626657710e-01
2.568880319773950149e-01
3.572763940318565146e-01
5.702789919281155973e-01
8.214475085013394073e-01
2.997593561215916580e-01
2.545074858036757148e-01
7.102238670015642574e-01
3.484876628259241382e-01
2.229444770632138806e-01
9.775557865526907086e-02
2.720849511737389870e-01
4.776532918703769170e-01
2.218616298251843144e-01
1.518565123553965723e-01
3.646907119938326280e-01
8.382443038718904171e-01
2.913275607209304119e-01
3.603881573669784344e-01
6.852645536765100687e-01
3.245287324815609442e-01
8.341257764962444199e-01
3.916647548927399969e-01
4.787664623163306876e-01
6.236011304780564313e-01
4.616125196522343210e-01
2.754088275244442330e-01
5.433232741957138012e-01
6.399589663694734698e-01
3.535450765792302330e-01
3.112043335263480759e-01
7.766886566792448043e-01
3.266443115630128791e-01
7.905398868569986082e-01
5.942107722371970935e-01
4.179212122827241083e-01
5.048591576178859119e-01
5.807171271021782655e-01
4.600126711698719895e-01
6.343982632342503036e-01
5.174479661613458070e-01
2.610150074748963656e-01
2.427911544694026091e-01
4.778363705593395849e-01
6.145521976818733023e-01
2.095578883891977273e-01
2.637898501877420920e-01
6.003420165207873360e-01
4.802955968069584358e-01
6.036802704102781636e-01
5.574733475343476297e-01
5.029695189995432303e-01
5.816658816687153566e-01
4.429993775321292571e-01
5.601922802134811086e-01
4.827132145101716842e-01
3.944491158508462991e-01
2.379576051156404581e-01
3.453960919840316501e-01
5.696372592426386383e-01
9.732464941819338744e-01
2.669233138723618448e-01
2.401522535859209606e-01
4.785585362091042683e-01
4.139997472241495613e-01
9.613537840561583447e-01
4.192101268427508298e-01
5.645087767711340909e-01
4.597027645962307174e-01
6.747694879983248128e-01
8.737595127318882327e-01
4.243596667672205891e-01
7.782773959153801435e-01
2.451651998617884742e-01
2.195922749018088538e-01
8.199985686051782796e-01
8.752668264491898498e-01
2.120627134344046372e-01
2.457984886393516921e-01
6.560585262874336632e-01
4.234879142403936703e-01
8.776492027017406272e-01
7.799778274800293065e-01
4.568891953763550839e-01
5.215636168805465323e-01
4.653746473047264409e-01
7.196245589974341605e-01
5.260832781703717043e-01
6.437908156126073145e-01
3.118676777689617929e-01
2.603013427521432277e-01
6.802490437132324708e-01
7.359258845669427451e-01
2.808139858403595479e-01
3.113339899817252343e-01
4.819344674800172257e-01
4.832227126286604557e-01
7.094999646722224274e-01
7.009917600594737230e-01
5.220179503500474993e-01
5.181314548502513606e-01
6.230824953044038494e-01
7.333834997104795583e-01
5.071865290429155015e-01
7.066949889624059011e-01
2.889759229226453452e-01
2.806498596731752948e-01
7.022694374442219889e-01
7.689858534959252978e-01
2.817084232623601747e-01
2.901757335133610116e-01
6.564997054284464895e-01
4.933118145207865402e-01
7.170441921231049953e-01
7.199657926960121301e-01
5.202182253442295679e-01
4.718178630461364875e-01
7.972666250489794937e-01
8.706118899384291954e-01
4.491368448648582756e-01
7.363526045784878349e-01
2.352831496149777601e-01
2.706617624694925839e-01
7.891892476477873064e-01
9.010102470893657234e-01
2.591684940423877870e-01
2.349186050622608657e-01
8.547097402868950589e-01
4.443194061562439900e-01
8.562900024195687632e-01
7.955024500868106418e-01
4.716443003415070612e-01
4.197196250600543910e-01
6.992465181695305398e-01
6.210123710913011408e-01
4.176421544025941679e-01
7.775978398597809260e-01
3.715266964754011525e-01
3.771222037532152571e-01
6.986125433485075309e-01
5.687406861734853880e-01
2.614542879298782929e-01
1.884761952199375812e-01
6.925168798531484704e-01
4.798587248535523542e-01
7.102633713145944938e-01
7.299709995627806647e-01
4.155491507691946307e-01
6.142959611421741073e-01
3.440128284688175886e-01
3.721483881259881055e-01
7.136783408099320880e-01
3.035437734507557273e-01
1.498517189016537465e-01
2.793019292031059808e-01
1.975660713978983074e-01
2.765536481702241534e-01
9.756654630352806779e-02
2.826846093340908972e-01
3.716766067738295765e-01
3.895990152626657710e-01
2.568880319773950704e-01
3.572763940318566256e-01
5.702789919281155973e-01
8.214475085013395184e-01
2.997593561215916025e-01
2.545074858036756593e-01
7.102238670015640354e-01
3.484876628259240827e-01
2.229444770632138806e-01
9.775557865526905699e-02
2.720849511737390980e-01
4.776532918703769726e-01
2.218616298251842867e-01
1.518565123553965446e-01
3.646907119938326280e-01
8.382443038718904171e-01
2.913275607209304674e-01
3.603881573669784344e-01
6.852645536765100687e-01
3.245287324815608887e-01
8.341257764962444199e-01
3.916647548927400524e-01
4.787664623163307431e-01
6.236011304780564313e-01
4.616125196522343210e-01
2.754088275244442330e-01
5.433232741957139122e-01
6.399589663694733588e-01
3.535450765792302330e-01
3.112043335263480759e-01
7.766886566792449154e-01
3.266443115630128791e-01
7.905398868569988302e-01
5.942107722371969825e-01
4.179212122827241083e-01
