6.366143249344994315e-01
4.920304084266227673e-01
7.803480530899058465e-01
5.850415646020662441e-01
8.497864703421418309e-01
1.321462435293644933e-01
1.870423062654136548e-01
6.089550223666926332e-01
6.654764923715097424e-01
3.013673630821352978e-01
1.920761376151373934e-01
6.214127239724412943e-01
6.731945106297944070e-01
6.916255607114302206e-01
8.955012107945319322e-01
5.842015906460934493e-01
7.130227167212956907e-01
1.933523485495687311e-01
2.489367010058377572e-01
8.784688979390646857e-01
2.321886734264402841e-01
6.591930835019514656e-02
7.347155116890308202e-02
2.050944495557287250e-01
1.380331517419525478e-01
6.205327289602555890e-02
7.029133186506464348e-02
1.852808350414156258e-01
5.635196719846735647e-01
1.725138410867811944e-01
2.507629755147318118e-01
7.208212829979402381e-01
6.117610762191661999e-01
2.080600491037367938e-01
1.726831625367916678e-01
7.018969753958904656e-01
3.228923785955637449e-01
1.634670287063560434e-01
6.141056244072042036e-02
3.124783085493819668e-01
2.690406330610187191e-01
1.572763041952729146e-01
6.673638194278283531e-02
1.138735685495682048e-01
7.846805234104384796e-01
2.160901069727416690e-01
1.920333458548335592e-01
5.116020980654010231e-01
5.344638698751950079e-01
7.713094144666706731e-01
5.862247809171503565e-01
6.685269982099425468e-01
6.488348233947591748e-01
2.678429784445119921e-01
1.338160733651282130e-01
6.457282582719150454e-01
6.704904634604945679e-01
3.344375905096590995e-01
2.245126585699021571e-01
8.924563795832383128e-01
5.404138995160290282e-01
5.846757113223790547e-01
7.086990010141160923e-01
6.511320194406937656e-01
6.437942881950908802e-01
5.001644927997934698e-01
7.499537321911906584e-01
5.846209741377458302e-01
8.710385717587841858e-01
1.230484759933634931e-01
1.855918001743575574e-01
6.151695130605934203e-01
6.556137945818183432e-01
3.068326666490038823e-01
1.999951053938855416e-01
6.708485695108310498e-01
6.967122733863218009e-01
8.869961015645850821e-01
7.108459049894305659e-01
1.926994550869691736e-01
2.498489817509009780e-01
2.284237141540983451e-01
6.648931319045464639e-02
7.188560152294150296e-02
1.359590449224814535e-01
6.173136520880320721e-02
5.745841253661067016e-01
1.749674472516888346e-01
5.982361642566342841e-01
2.120863646970956584e-01
3.292327461183923720e-01
1.603740972634826734e-01
2.696848841247901918e-01
7.780296768624397341e-01
5.374214583367792342e-01
6.587724980414775278e-01
7.599772520151856225e-01
2.356346076165358738e-01
2.346355559424008197e-01
7.698898970243787110e-01
6.649526414821586018e-01
2.369507254840297339e-01
5.204733840609834239e-01
8.259876262117826773e-01
5.041429703241999682e-01
1.396277495653570344e-01
1.052688740135075268e-01
5.334049094728567919e-01
4.066477228206253347e-01
1.717001667330334269e-01
1.352928975774522202e-01
2.837517272966607607e-01
6.693695926492154724e-01
4.047278574482613411e-01
5.608983482941420906e-01
6.754300453782193792e-01
6.366143249344994315e-01
4.920304084266227673e-01
7.803480530899058465e-01
5.850415646020662441e-01
8.497864703421418309e-01
1.321462435293644933e-01
1.870423062654136548e-01
6.089550223666926332e-01
6.654764923715097424e-01
3.013673630821352978e-01
1.920761376151373934e-01
6.214127239724412943e-01
6.731945106297944070e-01
6.916255607114302206e-01
8.955012107945319322e-01
5.842015906460934493e-01
7.130227167212956907e-01
1.933523485495687311e-01
2.489367010058377572e-01
8.784688979390646857e-01
2.321886734264402841e-01
6.591930835019514656e-02
7.347155116890308202e-02
2.050944495557287250e-01
1.380331517419525478e-01
6.205327289602555890e-02
7.029133186506464348e-02
1.852808350414156258e-01
5.635196719846735647e-01
1.725138410867811944e-01
2.507629755147318118e-01
7.208212829979402381e-01
6.117610762191661999e-01
2.080600491037367938e-01
1.726831625367916678e-01
7.018969753958904656e-01
3.228923785955637449e-01
1.634670287063560434e-01
6.141056244072042036e-02
3.124783085493819668e-01
2.690406330610187191e-01
1.572763041952729146e-01
6.673638194278283531e-02
1.138735685495682048e-01
7.846805234104384796e-01
2.160901069727416690e-01
1.920333458548335592e-01
5.116020980654010231e-01
5.344638698751950079e-01
7.713094144666706731e-01
5.862247809171503565e-01
6.685269982099425468e-01
6.488348233947591748e-01
2.678429784445119921e-01
1.338160733651282130e-01
6.457282582719150454e-01
6.704904634604945679e-01
3.344375905096590995e-01
2.245126585699021571e-01
8.924563795832383128e-01
5.404138995160290282e-01
5.846757113223790547e-01
7.086990010141160923e-01
6.511320194406937656e-01
6.649526414821586018e-01
2.369507254840297339e-01
5.205149575261052153e-01
8.259875318859278837e-01
5.041425205648175645e-01
1.396271655992188110e-01
1.052688740135075268e-01
5.334057161149314830e-01
4.066477228206253347e-01
1.717001667330334269e-01
1.352928975774522202e-01
2.837513144837746637e-01
6.693695926492154724e-01
4.047278574482613411e-01
5.608983482941420906e-01
6.754300453782193792e-01
7.975043295072857807e-01
2.039382348045186699e-01
6.067660836154513682e-01
6.017667205383183671e-01
3.496020876851906323e-01
1.338954985951365528e-01
1.374246137802453693e-01
6.198526548368914479e-01
5.777571487555779317e-01
1.920939767351600991e-01
1.340918164072925634e-01
2.389393454746830958e-01
5.924493687709921907e-01
5.849719440623830646e-01
3.809542510625987255e-01
7.902223164098576280e-01
6.262280260191236403e-01
4.828290631207581285e-01
7.299025537345569248e-01
6.517143335909489910e-01
4.933565303614928510e-01
1.481824013539294604e-01
8.263733116798194223e-02
6.752177212424397279e-01
6.601068568266938996e-01
7.859853772874222932e-02
1.445024402183607559e-01
4.838003401390633673e-01
6.709771375033752872e-01
6.644968162397595357e-01
5.028210929572762833e-01
6.406712778214370685e-01
6.503598693158866295e-01
4.707603409207825607e-01
6.050796851242390417e-01
7.242056598041186621e-01
4.822848872754161853e-01
1.464491481492454783e-01
1.513900118916608195e-01
5.718234946531293161e-01
5.262943456485684735e-01
1.415740164064432927e-01
1.438046825644389293e-01
4.916771987517858378e-01
7.148534727601040251e-01
5.061260091140302730e-01
5.384051980001318682e-01
6.682643690373035739e-01
6.810923088297655692e-01
4.791461943575381355e-01
5.407031602048366636e-01
6.946674572205425724e-01
5.187800894321550338e-01
1.437235651748510201e-01
1.472740436340070347e-01
5.349208458250918063e-01
7.227094390794057688e-01
1.416219786812260573e-01
1.448449290021637248e-01
5.057728789813986658e-01
6.714815880249851432e-01
6.782230157697335393e-01
5.408584919437147143e-01
7.003679748825567541e-01
6.362662090747797095e-01
5.575883912094254935e-01
8.054313537578987603e-01
6.569251783898613084e-01
5.486713719593243610e-01
1.268274334474836507e-01
1.074087612023829352e-01
7.275535536391639635e-01
8.357461441783566869e-01
1.080111529950800175e-01
1.199355235574561251e-01
6.110897144180120755e-01
6.436037908286369458e-01
7.705340029247909062e-01
6.264221072172027061e-01
6.538249831594248329e-01
6.366143249344994315e-01
4.920304084266228228e-01
7.803480530899058465e-01
5.850415646020662441e-01
8.497864703421418309e-01
1.321462435293645488e-01
1.870423062654136825e-01
6.089550223666926332e-01
6.654764923715097424e-01
3.013673630821353533e-01
1.920761376151373656e-01
6.214127239724414054e-01
6.731945106297945181e-01
6.916255607114303317e-01
8.955012107945318212e-01
5.842015906460935604e-01
7.130227167212956907e-01
1.933523485495687311e-01
2.489367010058377017e-01
8.784688979390646857e-01
2.321886734264402841e-01
6.591930835019514656e-02
7.347155116890305426e-02
2.050944495557287806e-01
1.380331517419525478e-01
6.205327289602556584e-02
7.029133186506465736e-02
1.852808350414156258e-01
5.635196719846735647e-01
1.725138410867812222e-01
2.507629755147318118e-01
7.208212829979402381e-01
6.117610762191663110e-01
2.080600491037368216e-01
1.726831625367916956e-01
7.018969753958904656e-01
3.228923785955638004e-01
1.634670287063560434e-01
6.141056244072042036e-02
3.124783085493818557e-01
2.690406330610187746e-01
1.572763041952728869e-01
6.673638194278282143e-02
1.138735685495682048e-01
7.846805234104385907e-01
2.160901069727417245e-01
1.920333458548335592e-01
5.116020980654010231e-01
5.344638698751948969e-01
7.713094144666706731e-01
5.862247809171503565e-01
6.685269982099426578e-01
6.488348233947591748e-01
2.678429784445120476e-01
1.338160733651282408e-01
6.457282582719150454e-01
6.704904634604944569e-01
3.344375905096590995e-01
2.245126585699021571e-01
8.924563795832385349e-01
5.404138995160290282e-01
5.846757113223790547e-01
7.086990010141160923e-01
6.511320194406938766e-01
