3.144114554622553515e-01
6.764354024369387819e-01
3.173130637907507490e-01
2.999077896220330164e-01
5.077944181309506089e-01
4.898516863676007915e-01
5.925386287101817029e-01
4.202736214120559866e-01
2.726285179614154619e-01
5.180694304980112408e-01
1.855858521236139203e-01
4.181917753122685877e-01
2.987615099353474468e-01
6.269109692980309179e-01
5.894798615797980368e-01
2.986993085629153222e-01
4.363575647021333270e-01
3.903570515972401567e-01
6.440791635775279245e-01
5.933685449125742917e-01
4.828726642127310620e-01
1.841846649440551653e-01
3.886596986892804084e-01
1.911007452426576603e-01
3.672417069936785849e-01
4.139931103289660186e-01
3.952243943465151288e-01
5.815082027474610671e-01
2.306705585215189092e-01
1.954781374510664582e-01
6.114048229775430610e-01
3.011590408711622979e-01
4.718859726020793177e-01
3.821740583339520159e-01
1.854117163131449031e-01
6.252679663499293161e-01
4.815792938390753841e-01
4.634450588120359593e-01
4.136824726312438583e-01
5.267821319366537969e-01
3.230433794484623977e-01
4.636124220385219319e-01
1.890326680744605081e-01
4.721186085758556361e-01
6.089758007177483723e-01
3.801771289302623424e-01
3.879498530256110800e-01
6.830327115340510957e-01
2.780988421509371644e-01
6.127134560881026815e-01
2.437279325605321845e-01
2.931718218898160533e-01
5.413251787748725175e-01
3.176582208861725154e-01
3.652496081201799250e-01
2.645658208350293306e-01
5.324161451294419090e-01
4.767204097093207804e-01
4.672170845045091059e-01
5.115482610072110692e-01
2.817784908157424661e-01
4.728001867513070278e-01
4.245006229790704300e-01
3.236344307675221854e-01
3.189728287448315158e-01
6.786697673614294768e-01
3.090648326896072717e-01
2.993026808491209279e-01
5.098315278263008121e-01
4.810225784441303221e-01
5.867160261846182667e-01
4.192350981256022235e-01
2.686018315890378871e-01
5.223550746306409032e-01
1.896933380412019754e-01
2.959520735913929723e-01
6.260973049511289190e-01
5.914216810371198951e-01
4.303880857643888058e-01
3.891655117945780340e-01
6.277573173042340082e-01
4.751938593787159437e-01
1.870446078650683241e-01
3.919334593198351979e-01
3.663541935477164779e-01
4.138375244628696437e-01
2.368547274442142081e-01
1.931579571993874422e-01
4.723424798682847037e-01
3.811727868452438051e-01
4.799634171253304160e-01
4.635286747094405357e-01
3.218130657482982659e-01
6.108349264209396168e-01
2.799278895827389535e-01
5.357008021874138937e-01
4.185531209474534498e-01
5.830790841898726429e-01
5.786495560481834666e-01
4.198154686884956188e-01
3.680754581411508353e-01
5.460908805609316907e-01
3.147759266164125158e-01
4.609957030671912870e-01
5.452713464174896441e-01
3.431099527105663793e-01
4.568561651695431380e-01
3.381635321309228726e-01
4.197967868181859963e-01
5.233979388717741044e-01
3.455447313497707618e-01
5.657305304146742486e-01
3.341619836875352467e-01
4.363517410675159525e-01
5.593555284447540021e-01
3.754752084730442752e-01
3.144114554622553515e-01
6.764354024369387819e-01
3.173130637907507490e-01
2.999077896220330164e-01
5.077944181309506089e-01
4.898516863676007915e-01
5.925386287101817029e-01
4.202736214120559866e-01
2.726285179614154619e-01
5.180694304980112408e-01
1.855858521236139203e-01
4.181917753122685877e-01
2.987615099353474468e-01
6.269109692980309179e-01
5.894798615797980368e-01
2.986993085629153222e-01
4.363575647021333270e-01
3.903570515972401567e-01
6.440791635775279245e-01
5.933685449125742917e-01
4.828726642127310620e-01
1.841846649440551653e-01
3.886596986892804084e-01
1.911007452426576603e-01
3.672417069936785849e-01
4.139931103289660186e-01
3.952243943465151288e-01
5.815082027474610671e-01
2.306705585215189092e-01
1.954781374510664582e-01
6.114048229775430610e-01
3.011590408711622979e-01
4.718859726020793177e-01
3.821740583339520159e-01
1.854117163131449031e-01
6.252679663499293161e-01
4.815792938390753841e-01
4.634450588120359593e-01
4.136824726312438583e-01
5.267821319366537969e-01
3.230433794484623977e-01
4.636124220385219319e-01
1.890326680744605081e-01
4.721186085758556361e-01
6.089758007177483723e-01
3.801771289302623424e-01
3.879498530256110800e-01
6.830327115340510957e-01
2.780988421509371644e-01
6.127134560881026815e-01
2.437279325605321845e-01
2.931718218898160533e-01
5.413251787748725175e-01
3.176582208861725154e-01
3.652496081201799250e-01
2.645658208350293306e-01
5.324161451294419090e-01
4.767204097093207804e-01
4.672170845045091059e-01
5.115482610072110692e-01
2.817784908157424661e-01
4.728001867513070278e-01
4.245006229790704300e-01
3.236344307675221854e-01
3.680754581411508353e-01
5.460908805609316907e-01
3.148010697388223811e-01
4.609954108923304261e-01
5.452708599663866895e-01
3.431085177193508029e-01
4.568561651695431380e-01
3.381640435190413907e-01
4.197967868181859963e-01
5.233979388717741044e-01
3.455447313497707618e-01
5.657297073682199251e-01
3.341619836875352467e-01
4.363517410675159525e-01
5.593555284447540021e-01
3.754752084730442752e-01
3.759667088386164924e-01
6.366448907759834075e-01
4.480542682711319280e-01
3.260405559405102349e-01
3.986231457727100747e-01
4.454547861283110199e-01
5.303514639546187404e-01
4.764491468375828820e-01
5.612173378634246479e-01
4.681322621412010165e-01
4.466006378095522256e-01
6.856948982436104068e-01
3.535034961848733115e-01
5.828624321773057115e-01
4.163689775028374118e-01
3.697741490471147530e-01
2.821052223229391087e-01
6.447234555697631819e-01
8.547437844290488584e-01
2.392858713995424380e-01
6.068762519228427799e-01
4.536964418729015347e-01
4.162750171136635480e-01
8.040532555598780551e-01
9.489804101361514199e-01
3.587373276477095474e-01
4.470528767560518757e-01
6.386206534191085638e-01
2.501145283766690319e-01
9.668242916842157975e-01
6.020854561267123817e-01
2.867036185535517534e-01
3.124834864751963037e-01
6.851926193747117644e-01
5.956757648997426102e-01
3.550053632128783998e-01
8.598513464622929980e-01
4.714961557469478093e-01
4.414520737096083725e-01
5.878560748164289862e-01
8.749071779296029305e-01
4.476950159025344100e-01
4.671544291084325229e-01
6.982231917062025062e-01
2.835222307358730154e-01
8.552755649218639622e-01
9.454428460356538721e-01
3.182010082337981549e-01
3.107105950389180138e-01
7.796316032919206052e-01
8.396370257879453014e-01
3.212880790964158240e-01
7.740419333411279190e-01
4.647908450077548048e-01
4.744990015924195337e-01
8.219877323034752159e-01
8.682223164961624384e-01
4.245698907123984789e-01
4.608406518173790434e-01
8.234852447852532009e-01
3.164441514906752850e-01
8.358451700540245888e-01
7.880083996915359101e-01
3.188426340161594208e-01
2.768525230003467952e-01
8.080520505687525112e-01
9.044695911860667348e-01
2.636073460009925595e-01
7.240599637803821764e-01
4.056531103445450981e-01
4.606746648098740127e-01
8.430906214084441519e-01
9.624437038961262125e-01
4.425194020591765587e-01
3.974288413579853962e-01
8.689420579553148727e-01
2.587080993852678423e-01
9.261225349362283144e-01
7.976188212712405079e-01
2.829457528293084501e-01
3.144114554622553515e-01
6.764354024369388929e-01
3.173130637907508600e-01
2.999077896220330164e-01
5.077944181309506089e-01
4.898516863676009025e-01
5.925386287101817029e-01
4.202736214120559866e-01
2.726285179614154619e-01
5.180694304980113518e-01
1.855858521236138925e-01
4.181917753122686987e-01
2.987615099353474468e-01
6.269109692980308068e-01
5.894798615797979258e-01
2.986993085629153777e-01
4.363575647021333270e-01
3.903570515972401567e-01
6.440791635775278134e-01
5.933685449125742917e-01
4.828726642127311730e-01
1.841846649440551931e-01
3.886596986892802974e-01
1.911007452426577158e-01
3.672417069936785849e-01
4.139931103289659631e-01
3.952243943465151843e-01
5.815082027474609561e-01
2.306705585215189092e-01
1.954781374510664305e-01
6.114048229775432830e-01
3.011590408711622979e-01
4.718859726020793732e-01
3.821740583339519048e-01
1.854117163131448753e-01
6.252679663499290941e-01
4.815792938390753286e-01
4.634450588120360148e-01
4.136824726312438583e-01
5.267821319366537969e-01
3.230433794484625087e-01
4.636124220385217654e-01
1.890326680744604804e-01
4.721186085758556361e-01
6.089758007177483723e-01
3.801771289302624535e-01
3.879498530256110800e-01
6.830327115340510957e-01
2.780988421509371089e-01
6.127134560881026815e-01
2.437279325605321567e-01
2.931718218898161088e-01
5.413251787748725175e-01
3.176582208861725154e-01
3.652496081201799805e-01
2.645658208350293861e-01
5.324161451294417979e-01
4.767204097093207804e-01
4.672170845045092169e-01
5.115482610072111802e-01
2.817784908157424661e-01
4.728001867513070278e-01
4.245006229790704300e-01
3.236344307675221854e-01
