1.181385391754764674e-01
5.116844360566292771e-01
3.209543505891210291e-01
1.341825841980756329e-01
4.362390924935120595e-01
6.306070797166514197e-01
4.632809192529722120e-01
3.243759843148372179e-01
2.804682697536143299e-01
7.588238499418595850e-01
3.633416479922144671e-01
3.096253340736643267e-01
4.142309004533230310e-02
7.580435487826530094e-01
4.436780815396320077e-01
1.338328839927624692e-01
5.020464753200946095e-01
7.850755207348165676e-01
8.484148576818997256e-01
4.450232374965997217e-01
7.726683661283368920e-01
3.455374885546210750e-01
4.113228615807550392e-01
3.871677058591742604e-01
4.406158704580905305e-01
3.360973849925155132e-01
4.139469581102139806e-01
4.613528888729070410e-01
3.294677702224609039e-02
5.185283077614846192e-01
8.568429623309330445e-01
3.113641510195811479e-01
4.102958302736724461e-01
3.881746150196888623e-01
5.080833581066594995e-01
7.591769255870061128e-01
6.865087278997720199e-01
6.065826878997060412e-01
3.337374213064292494e-01
7.970346907568054418e-01
4.953296909469619425e-01
6.046824711755456327e-01
3.515510735469981052e-01
6.200951595733892319e-01
1.085052331639784207e-01
3.893645117003097234e-01
8.003393340048827742e-01
5.223500162561931504e-01
4.399421151545675895e-02
1.028631858589744985e-01
3.685782589044184210e-02
3.958553019708800635e-02
6.441069113801967116e-01
4.950090908593329231e-01
4.422172874442200086e-01
2.907822381694585845e-01
6.534403594918846148e-01
6.985034805658107970e-01
7.947026103835885813e-01
4.519104587867743272e-01
4.328029416578225985e-02
4.150636733763101716e-01
4.989992936389651135e-01
1.224305894698209524e-01
1.202612428467002698e-01
5.154124957270229679e-01
3.160576024076056090e-01
1.340074828503733939e-01
4.440923568549756117e-01
6.253733082011975197e-01
4.619390936593090746e-01
3.170176624065283999e-01
2.856192899909115179e-01
7.776191761555090176e-01
3.779201789714283222e-01
4.049951302640079215e-02
7.586048309753439245e-01
4.443497870468294808e-01
5.005123455849705971e-01
7.926309593538164444e-01
8.526249572869954996e-01
7.834758012060841770e-01
3.493804024735882585e-01
4.126314772969231770e-01
4.415541224951954891e-01
3.349153745773338908e-01
3.454495233045416780e-02
5.204569096981599419e-01
4.126766236822186906e-01
3.887712358209115537e-01
6.936943456842791234e-01
6.056333256653004815e-01
4.974724965994932191e-01
1.056988548000043493e-01
4.363934375119699061e-02
6.478690654482686107e-01
2.521157238742011142e-01
7.474600217943011549e-01
7.417725407705797469e-01
2.588282826878797183e-01
2.022858512322607827e-01
4.192019436626965856e-01
6.297238271188172476e-01
2.649330152718503140e-01
8.439017982095529113e-01
5.063319725831173512e-01
4.297027289191591160e-01
6.855036115039083722e-01
6.503391909054834219e-01
6.073837630950282840e-01
5.091037762806926992e-01
4.515083709765110864e-01
3.224900342710809720e-02
6.720918853529020964e-01
9.271521696657105682e-01
2.077305916988874124e-01
1.181385391754764674e-01
5.116844360566292771e-01
3.209543505891210291e-01
1.341825841980756329e-01
4.362390924935120595e-01
6.306070797166514197e-01
4.632809192529722120e-01
3.243759843148372179e-01
2.804682697536143299e-01
7.588238499418595850e-01
3.633416479922144671e-01
3.096253340736643267e-01
4.142309004533230310e-02
7.580435487826530094e-01
4.436780815396320077e-01
1.338328839927624692e-01
5.020464753200946095e-01
7.850755207348165676e-01
8.484148576818997256e-01
4.450232374965997217e-01
7.726683661283368920e-01
3.455374885546210750e-01
4.113228615807550392e-01
3.871677058591742604e-01
4.406158704580905305e-01
3.360973849925155132e-01
4.139469581102139806e-01
4.613528888729070410e-01
3.294677702224609039e-02
5.185283077614846192e-01
8.568429623309330445e-01
3.113641510195811479e-01
4.102958302736724461e-01
3.881746150196888623e-01
5.080833581066594995e-01
7.591769255870061128e-01
6.865087278997720199e-01
6.065826878997060412e-01
3.337374213064292494e-01
7.970346907568054418e-01
4.953296909469619425e-01
6.046824711755456327e-01
3.515510735469981052e-01
6.200951595733892319e-01
1.085052331639784207e-01
3.893645117003097234e-01
8.003393340048827742e-01
5.223500162561931504e-01
4.399421151545675895e-02
1.028631858589744985e-01
3.685782589044184210e-02
3.958553019708800635e-02
6.441069113801967116e-01
4.950090908593329231e-01
4.422172874442200086e-01
2.907822381694585845e-01
6.534403594918846148e-01
6.985034805658107970e-01
7.947026103835885813e-01
4.519104587867743272e-01
4.328029416578225985e-02
4.150636733763101716e-01
4.989992936389651135e-01
1.224305894698209524e-01
2.022858512322607827e-01
4.192019436626965856e-01
6.297741271002665897e-01
2.649326168184515939e-01
8.439010453422632896e-01
5.063298549472776688e-01
4.297027289191591160e-01
6.855046481573876527e-01
6.503391909054834219e-01
6.073837630950282840e-01
5.091037762806926992e-01
4.515077141048313702e-01
3.224900342710809720e-02
6.720918853529020964e-01
9.271521696657105682e-01
2.077305916988874124e-01
1.640416552838986630e-01
8.837355718481167965e-01
4.550910843793163352e-01
1.688016615585439806e-01
6.195172933310222341e-01
6.074037778365163343e-01
6.297599184966886643e-01
5.104616844664706665e-01
5.655335708566144870e-01
5.706085852614291021e-01
6.056283093367673676e-01
9.768983070924170953e-01
1.899165787353786772e-01
6.099588863611942191e-01
6.814957327262083364e-01
1.640891745655451706e-01
1.250805328711430409e-01
6.184447959447623155e-01
7.307110002759071854e-01
9.513231476781830454e-02
6.208416916429140286e-01
6.321631443701161146e-01
5.808476408443079553e-01
7.128950001523011171e-01
5.224442379571274664e-01
6.060888586724766380e-01
6.243918211932886209e-01
6.228286184994893393e-01
1.685899612996819286e-01
5.632086609718860437e-01
6.439365767602998059e-01
1.347509985110094399e-01
1.906751656396873107e-01
7.495687988012287306e-01
4.579901666525567627e-01
1.571734585745566681e-01
7.036504255228135385e-01
6.318557366449468748e-01
6.526584576401566196e-01
4.776636191414653787e-01
6.678702976501518229e-01
6.802592365455457646e-01
6.287739843251812788e-01
8.012942679606256391e-01
1.685856808042805188e-01
7.083686914622682185e-01
7.710441483119856443e-01
1.986707519809056133e-01
1.736172644767429163e-01
6.822414791428994540e-01
5.613790861782157471e-01
2.096604378619122411e-01
6.979895406073737263e-01
6.576183589613976421e-01
7.114424939655992208e-01
6.029901250505105281e-01
6.039872476598948658e-01
6.070767974820286961e-01
6.523971803946375658e-01
7.429968221114342519e-01
1.915283385176444197e-01
6.078513853655147514e-01
7.430022722452021000e-01
1.826360286428529989e-01
1.336484673691993030e-01
6.222202962601321996e-01
7.159920322470954002e-01
1.415464320973894574e-01
6.090823919684118515e-01
6.227059516741400014e-01
6.167645674506827547e-01
6.915803978277927921e-01
7.823466346187402110e-01
6.124079942840567892e-01
6.099857381580313653e-01
6.935582189883393589e-01
1.230354561915069922e-01
7.692695812832803792e-01
7.015419255048442881e-01
1.448610660830535191e-01
1.181385391754764952e-01
5.116844360566292771e-01
3.209543505891211401e-01
1.341825841980756329e-01
4.362390924935121705e-01
6.306070797166514197e-01
4.632809192529722120e-01
3.243759843148372179e-01
2.804682697536143299e-01
7.588238499418598071e-01
3.633416479922143560e-01
3.096253340736644377e-01
4.142309004533231698e-02
7.580435487826531205e-01
4.436780815396319522e-01
1.338328839927624692e-01
5.020464753200946095e-01
7.850755207348165676e-01
8.484148576818995036e-01
4.450232374965998328e-01
7.726683661283371141e-01
3.455374885546210750e-01
4.113228615807549837e-01
3.871677058591742604e-01
4.406158704580904750e-01
3.360973849925155132e-01
4.139469581102140916e-01
4.613528888729070410e-01
3.294677702224609039e-02
5.185283077614847302e-01
8.568429623309332666e-01
3.113641510195811479e-01
4.102958302736725016e-01
3.881746150196888623e-01
5.080833581066594995e-01
7.591769255870061128e-01
6.865087278997719089e-01
6.065826878997060412e-01
3.337374213064292494e-01
7.970346907568052197e-01
4.953296909469619980e-01
6.046824711755455217e-01
3.515510735469979942e-01
6.200951595733891208e-01
1.085052331639784484e-01
3.893645117003098344e-01
8.003393340048827742e-01
5.223500162561931504e-01
4.399421151545675895e-02
1.028631858589744708e-01
3.685782589044184210e-02
3.958553019708802023e-02
6.441069113801969337e-01
4.950090908593329231e-01
4.422172874442200641e-01
2.907822381694586400e-01
6.534403594918845037e-01
6.985034805658107970e-01
7.947026103835885813e-01
4.519104587867743827e-01
4.328029416578226679e-02
4.150636733763101716e-01
4.989992936389650025e-01
1.224305894698209524e-01
