3.890207129816522502e-01
9.429306942761170873e-01
6.628072744419880591e-01
3.491396154182967448e-01
7.658428415136682155e-01
4.611401349962725993e-01
5.074614025580431731e-01
7.567388969740522775e-01
4.906289581121524024e-01
5.066162604248314327e-01
1.230413183261485910e-01
7.603509344068533071e-01
2.525283344975351452e-01
6.238283102192724305e-01
6.487438914933310041e-01
3.454138181777852701e-01
8.377360458329481396e-01
5.288430171041675898e-01
3.581912180896609232e-01
6.413127639062041752e-01
4.400437219272084755e-01
9.581646483342853848e-02
1.676474708820059611e-01
1.280410440924968640e-01
3.579775675409817004e-01
2.130322525543349999e-01
1.715392572879053668e-01
4.971664367425193687e-01
4.687465632030140550e-01
2.793892266676185065e-01
3.398145303362225533e-01
6.015601717420470118e-01
6.299520289499286330e-01
3.206923486796126044e-01
2.753537890206995686e-01
6.154118895500907405e-01
4.607570311330085877e-01
2.431276167351110462e-01
2.131861416928794162e-01
5.203221409982906609e-01
1.704260701173536119e-01
2.463219063001733100e-01
1.009520124467735147e-01
4.613013690411053025e-01
6.961824010475849978e-01
3.176689821984209905e-01
5.354959207333576110e-01
9.388044150805547883e-01
3.111156743560116733e-01
6.929770695168661065e-01
4.778202062900809288e-01
2.511132869451694338e-01
7.583313868893126752e-01
1.669905425127186649e-01
3.545409750169832841e-01
4.674417092296728748e-01
7.632365773042683044e-01
4.533719951139422721e-01
4.514217871981320296e-01
7.574144590012470424e-01
3.129460174800621219e-01
5.990485877312066165e-01
8.090629356403657990e-01
3.880555276885597760e-01
3.885433648089716141e-01
9.406688816068202730e-01
6.315345530982539035e-01
3.472740399677629042e-01
7.620061248926988107e-01
4.612204116859416336e-01
5.019488802115817938e-01
7.585407520611741061e-01
4.790487415141047589e-01
5.133579727485949595e-01
1.264385499110377564e-01
2.518171166281912843e-01
6.196602462270828227e-01
6.450331475464279318e-01
8.233003227458285389e-01
5.321361394792324395e-01
3.490114927450557181e-01
4.456244761523763254e-01
9.859552083333253392e-02
1.695882732867786957e-01
3.563623272692064692e-01
2.131093294032777030e-01
4.730451357689390846e-01
2.812201315840244242e-01
6.145205838350034089e-01
3.191764159421107694e-01
4.578387842220758008e-01
2.447235072671054279e-01
1.694751771072307289e-01
6.945880554898660186e-01
3.120254852361593056e-01
7.601694581925559913e-01
5.620085977773782160e-01
4.401703540437981177e-01
4.403165416734367010e-01
5.575319368582024593e-01
4.986872879105352929e-01
7.886374694262667795e-01
5.448488590449769298e-01
4.726161968248883127e-01
7.134858252507181309e-01
2.015327473298345606e-01
2.933868941396953200e-01
5.487100062903254027e-01
5.083947257102046091e-01
3.360365052821555620e-01
2.059284117383158308e-01
8.117310406040594284e-01
3.758430179791842907e-01
5.081839980404045942e-01
7.536168548488151320e-01
4.964617713773436525e-01
3.890207129816522502e-01
9.429306942761170873e-01
6.628072744419880591e-01
3.491396154182967448e-01
7.658428415136682155e-01
4.611401349962725993e-01
5.074614025580431731e-01
7.567388969740522775e-01
4.906289581121524024e-01
5.066162604248314327e-01
1.230413183261485910e-01
7.603509344068533071e-01
2.525283344975351452e-01
6.238283102192724305e-01
6.487438914933310041e-01
3.454138181777852701e-01
8.377360458329481396e-01
5.288430171041675898e-01
3.581912180896609232e-01
6.413127639062041752e-01
4.400437219272084755e-01
9.581646483342853848e-02
1.676474708820059611e-01
1.280410440924968640e-01
3.579775675409817004e-01
2.130322525543349999e-01
1.715392572879053668e-01
4.971664367425193687e-01
4.687465632030140550e-01
2.793892266676185065e-01
3.398145303362225533e-01
6.015601717420470118e-01
6.299520289499286330e-01
3.206923486796126044e-01
2.753537890206995686e-01
6.154118895500907405e-01
4.607570311330085877e-01
2.431276167351110462e-01
2.131861416928794162e-01
5.203221409982906609e-01
1.704260701173536119e-01
2.463219063001733100e-01
1.009520124467735147e-01
4.613013690411053025e-01
6.961824010475849978e-01
3.176689821984209905e-01
5.354959207333576110e-01
9.388044150805547883e-01
3.111156743560116733e-01
6.929770695168661065e-01
4.778202062900809288e-01
2.511132869451694338e-01
7.583313868893126752e-01
1.669905425127186649e-01
3.545409750169832841e-01
4.674417092296728748e-01
7.632365773042683044e-01
4.533719951139422721e-01
4.514217871981320296e-01
7.574144590012470424e-01
3.129460174800621219e-01
5.990485877312066165e-01
8.090629356403657990e-01
3.880555276885597760e-01
4.986872879105352929e-01
7.886374694262667795e-01
5.448923795317719421e-01
4.726159109490795096e-01
7.134851887309945351e-01
2.015319044579803320e-01
2.933868941396953200e-01
5.487108360775470040e-01
5.083947257102046091e-01
3.360365052821555620e-01
2.059284117383158308e-01
8.117298596666362442e-01
3.758430179791842907e-01
5.081839980404045942e-01
7.536168548488151320e-01
4.964617713773436525e-01
4.669562582723668642e-01
7.561147998492250277e-01
5.843886745753448242e-01
4.401911088084595747e-01
7.951187659875413871e-01
3.197007129821216598e-01
2.513931452153125301e-01
5.854825540324388733e-01
5.606451247053276798e-01
2.914522060515509216e-01
3.223802149832267205e-01
8.207360040487663433e-01
4.350182538684957967e-01
5.523933282140507384e-01
8.428890831618807145e-01
4.499558356180033969e-01
3.979004856342669427e-01
7.421517083862383402e-01
8.663818134877838695e-01
3.880000023050814706e-01
8.583117251677490067e-01
2.809911370583808576e-01
2.577411383159399216e-01
7.994726931040474494e-01
8.304892203004525797e-01
2.598433747103388591e-01
2.793215402828320704e-01
7.201829209688257460e-01
3.968104840000808986e-01
8.155579182649068670e-01
8.650789342893030476e-01
3.948691153196198789e-01
4.722365272604804876e-01
7.222225946896392301e-01
6.787618393950607398e-01
4.495799742319608883e-01
7.615899264875380936e-01
3.206956370646883436e-01
3.210333111630235825e-01
6.200956067536926852e-01
7.597443701623687318e-01
3.081144036187179469e-01
3.203300576197146698e-01
7.452835821816989892e-01
4.290451626203802826e-01
7.267326491878332018e-01
8.196598731310409391e-01
4.725545793901076430e-01
4.608841114529462768e-01
7.127967109243855681e-01
8.546429378589035508e-01
4.493776790284880196e-01
7.641104792815442970e-01
3.213830554264685002e-01
3.072344956531384286e-01
8.056838135932764544e-01
8.356642241503595692e-01
3.097759375959453498e-01
3.213016405448536061e-01
7.523553414697290442e-01
4.485201213875567028e-01
7.685047953036034940e-01
7.791202969382462484e-01
4.617311962184552088e-01
4.177561747529476843e-01
8.307603231380553677e-01
9.844667853655255652e-01
3.925981399426401453e-01
7.779174175375351830e-01
2.728642597205412357e-01
2.909193144247413931e-01
8.870912833866413383e-01
9.749726113551706597e-01
2.905641624700757708e-01
2.706533404266342480e-01
8.856348977635928321e-01
3.924115008964925710e-01
9.081744546825267772e-01
8.474552273443933803e-01
4.165545056897710374e-01
3.890207129816523057e-01
9.429306942761169763e-01
6.628072744419880591e-01
3.491396154182968004e-01
7.658428415136682155e-01
4.611401349962725993e-01
5.074614025580432841e-01
7.567388969740522775e-01
4.906289581121525134e-01
5.066162604248316548e-01
1.230413183261486187e-01
7.603509344068534181e-01
2.525283344975351452e-01
6.238283102192723195e-01
6.487438914933306711e-01
3.454138181777852701e-01
8.377360458329481396e-01
5.288430171041675898e-01
3.581912180896608677e-01
6.413127639062041752e-01
4.400437219272084755e-01
9.581646483342855236e-02
1.676474708820059056e-01
1.280410440924968640e-01
3.579775675409817559e-01
2.130322525543349999e-01
1.715392572879053945e-01
4.971664367425192577e-01
4.687465632030140550e-01
2.793892266676184510e-01
3.398145303362226644e-01
6.015601717420471228e-01
6.299520289499285219e-01
3.206923486796126599e-01
2.753537890206995131e-01
6.154118895500905184e-01
4.607570311330086432e-01
2.431276167351111017e-01
2.131861416928793607e-01
5.203221409982905499e-01
1.704260701173536396e-01
2.463219063001732545e-01
1.009520124467734870e-01
4.613013690411053025e-01
6.961824010475851088e-01
3.176689821984210460e-01
5.354959207333576110e-01
9.388044150805547883e-01
3.111156743560116178e-01
6.929770695168659955e-01
4.778202062900809843e-01
2.511132869451694338e-01
7.583313868893126752e-01
1.669905425127186649e-01
3.545409750169833396e-01
4.674417092296728193e-01
7.632365773042681933e-01
4.533719951139422721e-01
4.514217871981321406e-01
7.574144590012470424e-01
3.129460174800620664e-01
5.990485877312066165e-01
8.090629356403657990e-01
3.880555276885597760e-01
