8.480463501503789081e-02
2.606020731315456529e-01
1.880952604227431324e-01
7.680765815311717259e-02
3.203494935751880490e-01
6.095878901204319078e-01
8.999435156082489229e-01
2.423555698080261944e-01
2.245744709511921511e-01
4.280515101657282884e-01
3.953214151553654521e-01
2.352190234115762169e-01
3.315096583019446624e-02
2.906311602460270871e-01
2.257705259403571252e-01
7.550360783174343837e-02
2.044013084839223504e-01
7.035859918976916649e-01
4.087093229533772520e-01
2.221588819662748127e-01
4.570766074228377884e-01
5.271813019195584760e-01
6.982966708789887234e-01
4.026163316666059311e-01
6.967715125065628845e-01
4.495226403554388739e-01
6.983310354513641016e-01
8.976679902924220578e-01
9.404728610444891557e-02
6.724071846699681831e-01
3.946219954393338503e-01
1.632210335835689585e-01
3.119574270407996508e-01
7.833607606873168594e-01
6.869836737188000919e-01
2.814367821956962334e-01
3.970024059663489480e-01
7.471843553560766349e-01
4.477560282570628991e-01
4.374566065008679283e-01
6.179144006702939063e-01
7.403642026571178869e-01
5.435513297983196601e-01
5.919719812125766589e-01
3.354339872797605926e-01
7.855448244120047940e-01
7.046614167504945403e-01
2.699157497383189441e-01
2.740997863894496442e-02
3.369926464223548246e-01
9.480133336227919427e-02
3.211693396301684017e-02
1.217061041857427917e-01
6.024826615512575145e-01
6.913490035335453365e-01
2.157943313650206862e-01
1.180141760645773141e-01
4.066839285525130632e-01
4.491174822376994835e-01
3.119720044571215323e-01
2.705549798680997875e-02
2.970119911494658038e-01
1.962795403115716319e-01
8.431172296046655912e-02
8.456085729668083584e-02
2.628149004795529708e-01
1.753945002187330682e-01
7.615469608653900602e-02
3.163654374751878606e-01
6.008171193188804882e-01
8.987312012971001574e-01
2.387955229734749218e-01
2.201894782043472554e-01
4.326777327224589076e-01
4.018369794514244364e-01
3.263125047492015235e-02
2.860778284214324230e-01
2.239670464740093347e-01
2.003123346849039199e-01
7.041183167054534398e-01
4.016722660498979192e-01
4.531727871820533382e-01
5.365992927989610140e-01
6.983138082132995805e-01
6.942631707014130793e-01
4.486378157659007271e-01
9.410716093765096601e-02
6.888898770705473851e-01
3.044945146730977381e-01
7.844558623634261263e-01
4.025344486397531840e-01
7.437769569667533887e-01
6.129561146422020101e-01
3.362092709769936016e-01
2.723377651056996945e-02
1.176226190485311074e-01
1.342025031452729333e-01
8.699573957249172595e-01
8.679685926685958286e-01
1.279460111508928799e-01
1.205729651952932580e-01
7.055863096539427559e-01
3.583286534194243256e-01
1.210859471504902307e-01
2.210193333528021054e-01
6.416348950459087597e-01
6.844129562713384685e-01
3.836847225706110365e-01
7.439484857345111113e-01
6.111232952340631686e-01
6.489437435602922744e-01
7.318298688168949351e-01
6.081728210532974521e-02
7.453628876797706582e-01
2.213540102167288470e-01
1.187145234848154401e-01
8.480463501503789081e-02
2.606020731315456529e-01
1.880952604227431324e-01
7.680765815311717259e-02
3.203494935751880490e-01
6.095878901204319078e-01
8.999435156082489229e-01
2.423555698080261944e-01
2.245744709511921511e-01
4.280515101657282884e-01
3.953214151553654521e-01
2.352190234115762169e-01
3.315096583019446624e-02
2.906311602460270871e-01
2.257705259403571252e-01
7.550360783174343837e-02
2.044013084839223504e-01
7.035859918976916649e-01
4.087093229533772520e-01
2.221588819662748127e-01
4.570766074228377884e-01
5.271813019195584760e-01
6.982966708789887234e-01
4.026163316666059311e-01
6.967715125065628845e-01
4.495226403554388739e-01
6.983310354513641016e-01
8.976679902924220578e-01
9.404728610444891557e-02
6.724071846699681831e-01
3.946219954393338503e-01
1.632210335835689585e-01
3.119574270407996508e-01
7.833607606873168594e-01
6.869836737188000919e-01
2.814367821956962334e-01
3.970024059663489480e-01
7.471843553560766349e-01
4.477560282570628991e-01
4.374566065008679283e-01
6.179144006702939063e-01
7.403642026571178869e-01
5.435513297983196601e-01
5.919719812125766589e-01
3.354339872797605926e-01
7.855448244120047940e-01
7.046614167504945403e-01
2.699157497383189441e-01
2.740997863894496442e-02
3.369926464223548246e-01
9.480133336227919427e-02
3.211693396301684017e-02
1.217061041857427917e-01
6.024826615512575145e-01
6.913490035335453365e-01
2.157943313650206862e-01
1.180141760645773141e-01
4.066839285525130632e-01
4.491174822376994835e-01
3.119720044571215323e-01
2.705549798680997875e-02
2.970119911494658038e-01
1.962795403115716319e-01
8.431172296046655912e-02
1.205730772285787122e-01
7.055874990190087459e-01
3.583490403069902186e-01
1.210856214485166726e-01
2.210199184287742202e-01
6.416326373776414238e-01
6.844133599385717748e-01
3.836862009161794429e-01
7.439494576392837732e-01
6.111216123789741106e-01
6.489441781138385323e-01
7.318300067849796697e-01
6.081735459670795096e-02
7.453638280832370899e-01
2.213548643531511040e-01
1.187146365141303755e-01
1.189971482053726881e-01
2.102922359764840543e-01
6.277990645636626343e-01
1.043761179423050162e-01
5.293349668625748627e-01
7.850784098193036575e-01
6.894649052798541566e-01
6.520185101072659695e-01
5.027322213362863668e-01
8.160796027446503009e-01
7.902539394370607928e-01
2.252339524525683867e-01
4.547197293813703967e-02
5.229154985082067331e-01
5.559721091551861338e-01
1.121851754593401612e-01
7.448783269743128321e-02
2.753787192593255551e-01
4.215389732771108733e-01
5.854430124035459038e-02
4.381672788330313040e-01
8.135175687059303939e-01
7.508474687626723876e-01
3.838530805403952417e-01
2.054665787637375285e-01
8.278083576786269271e-01
8.113238405760880845e-01
2.652037820497654685e-01
8.858250382479185281e-02
2.210082086191997863e-01
4.340457895747549255e-01
7.296295624741780395e-02
9.454447931336884547e-02
4.387066923794722406e-01
4.518718786555031564e-01
8.476602798392188221e-02
4.979531103340253395e-01
8.164108154337976764e-01
7.634238711989465020e-01
4.226867684258546198e-01
6.560184725631144076e-01
8.477139205022257151e-01
8.146363129065717912e-01
4.521811714152210726e-01
8.654039033802882197e-02
6.526468313047295577e-01
5.242803869203771505e-01
9.301788084624906805e-02
9.212520263888787642e-02
4.078345705437533830e-01
6.782185589622899968e-01
9.216892053069970780e-02
7.107312825195921668e-01
8.325387283626740631e-01
7.808132514275747393e-01
6.767269880049711084e-01
4.123543896707766443e-01
7.574373354532574210e-01
8.325458403902622484e-01
3.988029507424584175e-01
7.550168063960518983e-02
3.710400674053522252e-01
7.253584403596082808e-01
9.151992465629170403e-02
7.668390121710108587e-02
3.716647548352447483e-01
3.543634464082463520e-01
7.242047727424624770e-02
2.898322103027461960e-01
7.796868925933493344e-01
8.352557068143886543e-01
3.262602388613065063e-01
4.120655565290491928e-01
8.163899676386670023e-01
7.736390181315045966e-01
3.962943645878929111e-01
7.394816334396883684e-02
3.800308652653365815e-01
3.229631116652875722e-01
7.506657964037252717e-02
8.480463501503789081e-02
2.606020731315457084e-01
1.880952604227431324e-01
7.680765815311717259e-02
3.203494935751881045e-01
6.095878901204320188e-01
8.999435156082489229e-01
2.423555698080261944e-01
2.245744709511921511e-01
4.280515101657284549e-01
3.953214151553654521e-01
2.352190234115762446e-01
3.315096583019446624e-02
2.906311602460271426e-01
2.257705259403570697e-01
7.550360783174343837e-02
2.044013084839223504e-01
7.035859918976916649e-01
4.087093229533771965e-01
2.221588819662748127e-01
4.570766074228378995e-01
5.271813019195584760e-01
6.982966708789886123e-01
4.026163316666059311e-01
6.967715125065628845e-01
4.495226403554388184e-01
6.983310354513642126e-01
8.976679902924220578e-01
9.404728610444888781e-02
6.724071846699682942e-01
3.946219954393339613e-01
1.632210335835689308e-01
3.119574270407995953e-01
7.833607606873168594e-01
6.869836737187999809e-01
2.814367821956962334e-01
3.970024059663488925e-01
7.471843553560766349e-01
4.477560282570628436e-01
4.374566065008679283e-01
6.179144006702939063e-01
7.403642026571177759e-01
5.435513297983195491e-01
5.919719812125766589e-01
3.354339872797605926e-01
7.855448244120047940e-01
7.046614167504945403e-01
2.699157497383189441e-01
2.740997863894496789e-02
3.369926464223548246e-01
9.480133336227922203e-02
3.211693396301684711e-02
1.217061041857427917e-01
6.024826615512575145e-01
6.913490035335453365e-01
2.157943313650207418e-01
1.180141760645773141e-01
4.066839285525131742e-01
4.491174822376994835e-01
3.119720044571215878e-01
2.705549798680997181e-02
2.970119911494659148e-01
1.962795403115715764e-01
8.431172296046655912e-02
