3.130090072299200887e-01
6.785546290671546910e-01
3.168935520941754680e-01
2.990456075571392147e-01
5.070856210183321000e-01
4.825913521692023478e-01
5.890572942514187282e-01
4.245434765301067670e-01
2.697868874112344106e-01
5.055609515858622283e-01
1.801274814145683301e-01
4.152699285640913951e-01
2.985420055350613278e-01
6.275029232126801970e-01
6.018969279359687174e-01
2.996786428177607986e-01
4.366008738165210734e-01
3.823118675607656836e-01
6.236892955202033573e-01
5.905301277464676257e-01
4.641641790507672893e-01
1.841579124331723105e-01
3.869670109947803138e-01
1.966939960779669205e-01
3.653530086697331369e-01
4.127058657320782364e-01
3.907022211135149359e-01
5.850344013816219935e-01
2.422261729455990609e-01
2.001751823856410262e-01
6.262433041437968084e-01
3.096467236723804417e-01
4.692357631733415912e-01
3.793134741685488809e-01
1.856103495374922252e-01
6.319257595490322954e-01
4.740860191361476739e-01
4.582426590716805470e-01
4.119103402224109090e-01
5.445156924772592832e-01
3.211907640327589797e-01
4.640980022402662053e-01
1.880811194829518640e-01
4.665385886220971834e-01
6.076173341591963872e-01
3.804106255578373341e-01
3.892650404631183281e-01
6.804917463661852572e-01
2.785562496946605293e-01
6.133713014863730884e-01
2.410676182110495225e-01
2.980135588479078113e-01
5.346536169914590797e-01
3.201347144162523528e-01
3.650733062446276933e-01
2.782301223508567567e-01
5.439403606742309050e-01
4.845814990686153068e-01
4.815748578072366892e-01
5.125314559065066167e-01
2.827532331856383307e-01
4.771993214130117456e-01
4.275238307943197702e-01
3.241432830884798943e-01
3.185156454611929311e-01
6.784563055803192189e-01
3.131933273346315660e-01
2.993625799969427126e-01
5.099521349782574209e-01
4.745988545615213994e-01
5.867510996717443250e-01
4.199173922524377378e-01
2.740036226472506997e-01
5.247221908312340588e-01
1.897403359299971726e-01
2.982764026397587420e-01
6.296932444432241649e-01
5.962209003742946489e-01
4.320309587065701562e-01
3.857536202959124250e-01
6.249651020206405949e-01
4.727038311550233463e-01
1.865608755715565947e-01
3.888297300714959603e-01
3.653242577704493566e-01
4.123074191612630113e-01
2.413924558501657214e-01
1.956829120278452128e-01
4.732123174679013777e-01
3.798635919658338578e-01
4.801576585165071576e-01
4.611680315321267098e-01
3.221496444064972930e-01
6.104793820189653442e-01
2.806424493769592021e-01
5.381136581503740413e-01
4.161704489839809229e-01
5.813853583830225213e-01
5.771264841594843098e-01
4.254973625894660216e-01
3.672900399302200247e-01
5.398951851015343362e-01
2.967941670647842312e-01
4.633722142670751998e-01
5.270712821779046653e-01
3.408675560528441895e-01
4.550684671517848945e-01
3.657304876734777110e-01
4.198354356404490062e-01
5.221816603738689277e-01
3.442503491389180548e-01
5.644431053515424068e-01
3.360337837917949377e-01
4.416736009800250606e-01
5.787565351540508995e-01
3.771065230772359111e-01
3.130090072299200887e-01
6.785546290671546910e-01
3.168935520941754680e-01
2.990456075571392147e-01
5.070856210183321000e-01
4.825913521692023478e-01
5.890572942514187282e-01
4.245434765301067670e-01
2.697868874112344106e-01
5.055609515858622283e-01
1.801274814145683301e-01
4.152699285640913951e-01
2.985420055350613278e-01
6.275029232126801970e-01
6.018969279359687174e-01
2.996786428177607986e-01
4.366008738165210734e-01
3.823118675607656836e-01
6.236892955202033573e-01
5.905301277464676257e-01
4.641641790507672893e-01
1.841579124331723105e-01
3.869670109947803138e-01
1.966939960779669205e-01
3.653530086697331369e-01
4.127058657320782364e-01
3.907022211135149359e-01
5.850344013816219935e-01
2.422261729455990609e-01
2.001751823856410262e-01
6.262433041437968084e-01
3.096467236723804417e-01
4.692357631733415912e-01
3.793134741685488809e-01
1.856103495374922252e-01
6.319257595490322954e-01
4.740860191361476739e-01
4.582426590716805470e-01
4.119103402224109090e-01
5.445156924772592832e-01
3.211907640327589797e-01
4.640980022402662053e-01
1.880811194829518640e-01
4.665385886220971834e-01
6.076173341591963872e-01
3.804106255578373341e-01
3.892650404631183281e-01
6.804917463661852572e-01
2.785562496946605293e-01
6.133713014863730884e-01
2.410676182110495225e-01
2.980135588479078113e-01
5.346536169914590797e-01
3.201347144162523528e-01
3.650733062446276933e-01
2.782301223508567567e-01
5.439403606742309050e-01
4.845814990686153068e-01
4.815748578072366892e-01
5.125314559065066167e-01
2.827532331856383307e-01
4.771993214130117456e-01
4.275238307943197702e-01
3.241432830884798943e-01
3.672900399302200247e-01
5.398951851015343362e-01
2.968178738715696596e-01
4.633719233804356463e-01
5.270708119635640898e-01
3.408661304400203429e-01
4.550684671517848945e-01
3.657310407497507132e-01
4.198354356404490062e-01
5.221816603738689277e-01
3.442503491389180548e-01
5.644422841780833977e-01
3.360337837917949377e-01
4.416736009800250606e-01
5.787565351540508995e-01
3.771065230772359111e-01
3.745800395320405540e-01
6.247714607282051080e-01
4.457767685540561242e-01
3.262403172670965690e-01
3.905999532459594192e-01
4.444598592720119257e-01
5.268631470809523876e-01
4.894049510051015073e-01
5.506874660899476748e-01
4.659855771495801657e-01
4.452922443100176264e-01
6.984113194108050315e-01
3.546789427951098084e-01
5.949919368080351934e-01
4.267468940149490297e-01
3.740518970950174604e-01
2.811848836629088355e-01
6.437775197031767593e-01
8.331065034365368049e-01
2.404701922522485824e-01
5.958961299800042966e-01
4.508725426596435493e-01
4.140909955246009355e-01
8.212869594237128812e-01
9.334132715639729128e-01
3.578400143814455259e-01
4.478358024207877985e-01
6.405116760431712741e-01
2.518998123067032191e-01
9.697236444326948757e-01
6.180238473512671415e-01
2.923394727103949542e-01
3.123693911047098482e-01
6.631566507978341463e-01
5.860921072693736633e-01
3.563174850681006256e-01
8.455255561499779304e-01
4.708036898855453289e-01
4.399189422860807497e-01
5.980049660333723871e-01
8.596742771467842381e-01
4.462630311284072060e-01
4.650146871291982453e-01
7.175112540653398874e-01
2.849236840448554631e-01
8.671166775060525911e-01
9.585978974732003444e-01
3.224954315303174557e-01
3.114265466487114442e-01
7.538244727436915760e-01
8.250292731285235881e-01
3.227728099580837173e-01
7.552148478632481066e-01
4.635147144727868040e-01
4.726144720664751109e-01
8.370629747675422117e-01
8.449104032004228770e-01
4.233702118717093121e-01
4.598157548185129451e-01
8.450497240816585709e-01
3.184304399116141271e-01
8.565256824948037639e-01
8.007209632232568097e-01
3.220194784118657338e-01
2.761715351846139033e-01
7.921423122773993963e-01
8.903708999364188248e-01
2.650776207612526303e-01
7.092644523556499436e-01
4.045790715206761812e-01
4.588617033455745786e-01
8.572078338322899338e-01
9.430303554004395572e-01
4.410974089166485590e-01
3.967648989617437172e-01
8.824719884092941946e-01
2.611026380830420157e-01
9.390055463592086316e-01
8.073572055066466913e-01
2.876868147913036466e-01
3.130090072299200887e-01
6.785546290671548020e-01
3.168935520941755790e-01
2.990456075571392147e-01
5.070856210183321000e-01
4.825913521692024588e-01
5.890572942514188393e-01
4.245434765301066560e-01
2.697868874112345217e-01
5.055609515858623393e-01
1.801274814145683023e-01
4.152699285640913951e-01
2.985420055350613278e-01
6.275029232126800860e-01
6.018969279359687174e-01
2.996786428177607986e-01
4.366008738165209624e-01
3.823118675607656836e-01
6.236892955202031352e-01
5.905301277464676257e-01
4.641641790507674004e-01
1.841579124331723383e-01
3.869670109947802028e-01
1.966939960779669205e-01
3.653530086697331369e-01
4.127058657320782364e-01
3.907022211135149914e-01
5.850344013816219935e-01
2.422261729455991164e-01
2.001751823856409984e-01
6.262433041437969194e-01
3.096467236723804417e-01
4.692357631733416468e-01
3.793134741685488809e-01
1.856103495374921974e-01
6.319257595490322954e-01
4.740860191361477294e-01
4.582426590716805470e-01
4.119103402224107979e-01
5.445156924772592832e-01
3.211907640327590352e-01
4.640980022402660943e-01
1.880811194829518362e-01
4.665385886220971834e-01
6.076173341591963872e-01
3.804106255578374451e-01
3.892650404631183281e-01
6.804917463661852572e-01
2.785562496946605293e-01
6.133713014863729773e-01
2.410676182110495502e-01
2.980135588479078113e-01
5.346536169914588577e-01
3.201347144162524083e-01
3.650733062446277488e-01
2.782301223508567012e-01
5.439403606742307939e-01
4.845814990686153068e-01
4.815748578072368002e-01
5.125314559065066167e-01
2.827532331856383307e-01
4.771993214130118566e-01
4.275238307943197702e-01
3.241432830884799499e-01
