3.344969779706180035e-01
6.713691148566633959e-01
3.593214309998590261e-01
3.075416209251767286e-01
6.251876989490523506e-01
5.301065087879448523e-01
4.803867299965803861e-01
5.100751957749853904e-01
3.212553373565839032e-01
5.400215032191346687e-01
2.236057292683266973e-01
5.109416149980088306e-01
2.893674770874861690e-01
6.047994271355887630e-01
6.270172821153856546e-01
3.052019776362597248e-01
4.733705438119045206e-01
5.406387485056025621e-01
7.782919141519708539e-01
6.356309963836912491e-01
4.990114072257933464e-01
2.076666368994494749e-01
3.256585392931233836e-01
2.310868131065930420e-01
2.822182772881441926e-01
2.682093297673546206e-01
3.269430280076857098e-01
4.802926849401405462e-01
1.821294358098770605e-01
2.213446298008777124e-01
7.639578424847535132e-01
3.325109612341552445e-01
4.955208322877884264e-01
3.582954513361522597e-01
2.106695866214165491e-01
5.975226501372397081e-01
5.998580431561739701e-01
4.137919259977133613e-01
2.670401006364505059e-01
5.586286018504682538e-01
3.127913012189576514e-01
4.112137923987240762e-01
2.081933825560955686e-01
5.243632565320266448e-01
5.572731289155127277e-01
3.626312660023836565e-01
5.546838204877384548e-01
6.904013831859936445e-01
2.760046960404639038e-01
5.553082619334663850e-01
1.962561536694063802e-01
2.829621896710978746e-01
7.076650564102238139e-01
3.139022335274311848e-01
2.832903599664496896e-01
3.145509305741360784e-01
7.036010689871495805e-01
6.043554291670003575e-01
4.953234869052962064e-01
6.439198984058494002e-01
2.780096054366438807e-01
4.933638298580471093e-01
4.641004019466684616e-01
3.441660616958616692e-01
3.392789814685708838e-01
6.798298377514075952e-01
3.456320267159519455e-01
3.063701183443732767e-01
6.346149373572548269e-01
5.272470055141915690e-01
4.799777489670121744e-01
5.105074066569679214e-01
3.179070107355319030e-01
5.491740494915179349e-01
2.289743219904304405e-01
2.861481118716648897e-01
6.011957488763650659e-01
6.313185523744027083e-01
4.687034114343544555e-01
5.475909220799850541e-01
7.711316008931072830e-01
4.972025428520503443e-01
2.084508293017718894e-01
3.262991034264342005e-01
2.828425015047928426e-01
2.676237101586247946e-01
1.888250525021538673e-01
2.190771113433973571e-01
4.944437462645286940e-01
3.604694528795215902e-01
6.031359941503575683e-01
4.125038715126579381e-01
3.148112263468413330e-01
5.562957957085379324e-01
2.770012787895596573e-01
7.048877685439778329e-01
4.513105945530702101e-01
5.481167607101634642e-01
5.439525005360887899e-01
4.567549641972200591e-01
3.856231815977373967e-01
5.868765594945017927e-01
4.474180699436645092e-01
4.621410882842725831e-01
7.470587519814524402e-01
3.398093865518605483e-01
3.427791605558780375e-01
4.714554637585646191e-01
4.200753973225070936e-01
4.531649765930897411e-01
3.396518863652836506e-01
6.319675602555749894e-01
3.147359560341539408e-01
4.419938248352648369e-01
7.991499567511872737e-01
3.929378359196495363e-01
3.344969779706180035e-01
6.713691148566633959e-01
3.593214309998590261e-01
3.075416209251767286e-01
6.251876989490523506e-01
5.301065087879448523e-01
4.803867299965803861e-01
5.100751957749853904e-01
3.212553373565839032e-01
5.400215032191346687e-01
2.236057292683266973e-01
5.109416149980088306e-01
2.893674770874861690e-01
6.047994271355887630e-01
6.270172821153856546e-01
3.052019776362597248e-01
4.733705438119045206e-01
5.406387485056025621e-01
7.782919141519708539e-01
6.356309963836912491e-01
4.990114072257933464e-01
2.076666368994494749e-01
3.256585392931233836e-01
2.310868131065930420e-01
2.822182772881441926e-01
2.682093297673546206e-01
3.269430280076857098e-01
4.802926849401405462e-01
1.821294358098770605e-01
2.213446298008777124e-01
7.639578424847535132e-01
3.325109612341552445e-01
4.955208322877884264e-01
3.582954513361522597e-01
2.106695866214165491e-01
5.975226501372397081e-01
5.998580431561739701e-01
4.137919259977133613e-01
2.670401006364505059e-01
5.586286018504682538e-01
3.127913012189576514e-01
4.112137923987240762e-01
2.081933825560955686e-01
5.243632565320266448e-01
5.572731289155127277e-01
3.626312660023836565e-01
5.546838204877384548e-01
6.904013831859936445e-01
2.760046960404639038e-01
5.553082619334663850e-01
1.962561536694063802e-01
2.829621896710978746e-01
7.076650564102238139e-01
3.139022335274311848e-01
2.832903599664496896e-01
3.145509305741360784e-01
7.036010689871495805e-01
6.043554291670003575e-01
4.953234869052962064e-01
6.439198984058494002e-01
2.780096054366438807e-01
4.933638298580471093e-01
4.641004019466684616e-01
3.441660616958616692e-01
3.856231815977373967e-01
5.868765594945017927e-01
4.474538080238339433e-01
4.621407967302837427e-01
7.470580855104260731e-01
3.398079653646265408e-01
3.427791605558780375e-01
4.714561767175318163e-01
4.200753973225070936e-01
4.531649765930897411e-01
3.396518863652836506e-01
6.319666408449515771e-01
3.147359560341539408e-01
4.419938248352648369e-01
7.991499567511872737e-01
3.929378359196495363e-01
4.062109292418633055e-01
6.603866183184365912e-01
4.460702833223133545e-01
3.519931811537666544e-01
3.086444891433237636e-01
3.942884232905395359e-01
5.313174428923690407e-01
4.800221978085075225e-01
6.360086655881678208e-01
4.245848225920454411e-01
3.935332157502179906e-01
7.300502545495661799e-01
3.929833675611510424e-01
6.653510950526262402e-01
3.347483768470531640e-01
4.009116656730418726e-01
3.137192719206706171e-01
6.630636905192854869e-01
8.428779942542310444e-01
2.719163414511532317e-01
6.397533249522764365e-01
4.000906385334553339e-01
3.951496369849399892e-01
8.040204403674533484e-01
9.373278071094937047e-01
3.420643868447487690e-01
3.948569870348820343e-01
6.533530599100239034e-01
2.796222779332788733e-01
9.561286834094877563e-01
6.445303009669036687e-01
3.239370824588468922e-01
3.513445251451186024e-01
6.429751621413029028e-01
6.023467773725843522e-01
3.863527402575483438e-01
7.820487797487629678e-01
4.460053990665460155e-01
4.111187617912329673e-01
5.985226543499795326e-01
8.123442080017628797e-01
4.147733080043905507e-01
4.419344451291636888e-01
6.816200456389864826e-01
3.318098133970591723e-01
8.155117675592535864e-01
8.644798040744228196e-01
3.590687870001398330e-01
3.464497652185197785e-01
7.392723140132289039e-01
8.260821168295762185e-01
3.560641594941082455e-01
7.503397960101989561e-01
4.295883616353760592e-01
4.360475960829044428e-01
8.282645389270748559e-01
8.569677658946623922e-01
3.973928055774221257e-01
4.264627080747065979e-01
7.936590519197896931e-01
3.497090238512805538e-01
8.381528841837062593e-01
7.842273367500829373e-01
3.562296066907975622e-01
3.006528814052977783e-01
8.481382566067694473e-01
9.102866133951750260e-01
2.968841232274040953e-01
7.670171725072618685e-01
3.668520102058866472e-01
4.200977739352662055e-01
8.512565832036551594e-01
9.638159065458720143e-01
4.033119118445073759e-01
3.588280409562979445e-01
9.201716237753774230e-01
2.917132408093452423e-01
9.318289273633759695e-01
8.503595284324865222e-01
3.123052615298979040e-01
3.344969779706180035e-01
6.713691148566633959e-01
3.593214309998590261e-01
3.075416209251767286e-01
6.251876989490523506e-01
5.301065087879449633e-01
4.803867299965803861e-01
5.100751957749853904e-01
3.212553373565839032e-01
5.400215032191348907e-01
2.236057292683267250e-01
5.109416149980088306e-01
2.893674770874862245e-01
6.047994271355887630e-01
6.270172821153853215e-01
3.052019776362597248e-01
4.733705438119045206e-01
5.406387485056027842e-01
7.782919141519706319e-01
6.356309963836912491e-01
4.990114072257934574e-01
2.076666368994495027e-01
3.256585392931233280e-01
2.310868131065930975e-01
2.822182772881442481e-01
2.682093297673546206e-01
3.269430280076857098e-01
4.802926849401404352e-01
1.821294358098770605e-01
2.213446298008776847e-01
7.639578424847537352e-01
3.325109612341552445e-01
4.955208322877884819e-01
3.582954513361522042e-01
2.106695866214165214e-01
5.975226501372395971e-01
5.998580431561739701e-01
4.137919259977133057e-01
2.670401006364504504e-01
5.586286018504682538e-01
3.127913012189577069e-01
4.112137923987240207e-01
2.081933825560955409e-01
5.243632565320265337e-01
5.572731289155127277e-01
3.626312660023837675e-01
5.546838204877384548e-01
6.904013831859934225e-01
2.760046960404638483e-01
5.553082619334663850e-01
1.962561536694064079e-01
2.829621896710978746e-01
7.076650564102235919e-01
3.139022335274311848e-01
2.832903599664496896e-01
3.145509305741361339e-01
7.036010689871494694e-01
6.043554291670003575e-01
4.953234869052963174e-01
6.439198984058495112e-01
2.780096054366438807e-01
4.933638298580469983e-01
4.641004019466684616e-01
3.441660616958616692e-01
