6.569166331757072541e-01
7.286206041404861278e-01
7.121061470362545220e-01
5.495915782493810964e-01
7.424478732955093196e-01
1.173554386040254749e-01
3.186723974602197473e-01
4.614105763233861679e-01
4.881516969068338541e-01
3.811460527337127147e-01
1.730595734376783879e-01
4.883452328919377639e-01
4.281238561630338890e-01
6.597333386862239690e-01
8.231709783020797477e-01
5.541644507496021888e-01
7.523118578532235201e-01
1.527119828625636555e-01
2.392625779155994059e-01
7.771118763812590036e-01
2.016471897503980260e-01
1.015263924876020768e-01
1.853980452333870432e-01
1.505019749052937394e-01
2.854203221889483055e-01
1.127248340392296155e-01
1.937135235405482436e-01
3.110947003937787891e-01
3.401070628163618825e-01
1.941825731167538538e-01
2.244837268860937207e-01
6.176317233285349984e-01
9.560416416367908399e-01
2.257945262009051490e-01
2.213066907724930976e-01
6.967857192318168691e-01
3.228865844503439053e-01
1.754143773413727181e-01
1.177127304794526874e-01
3.895897411739031035e-01
4.481973535557637889e-01
1.847651859728180468e-01
1.218084776233011035e-01
1.405896848393481946e-01
5.046636243192595961e-01
2.301151067212917067e-01
1.908674582317452795e-01
7.488810402612438022e-01
3.948644418649774890e-01
4.821185328180114249e-01
3.634054187741794228e-01
4.317449483049313752e-01
6.994530204270752449e-01
3.879095537088724233e-01
2.810612488932921482e-01
4.396308906562420571e-01
7.495149700207160981e-01
3.161937702333724176e-01
2.503176124395359303e-01
7.739375710972105082e-01
4.047926199036505635e-01
8.673973823334661937e-01
7.604959955254614323e-01
6.562251790819113584e-01
6.565746632446192166e-01
7.378886880538182425e-01
6.638675823290259848e-01
5.518812999180952028e-01
7.581761778313370614e-01
1.289235188854781500e-01
3.143929157245659578e-01
4.748468567775140370e-01
4.639193505538208862e-01
3.852993735006747800e-01
1.629921042541431775e-01
4.299438553804120211e-01
6.780827890342189246e-01
8.001713013824478526e-01
7.564322321115366510e-01
1.715985708356984052e-01
2.318800835738584754e-01
2.255192330719653082e-01
1.118032763954913134e-01
1.895449070115437229e-01
2.833199834290919816e-01
1.152230697438510892e-01
3.513874626135707890e-01
2.103356696535413906e-01
9.117776707569473782e-01
2.279608892589774782e-01
3.200804826671560521e-01
1.800861100247947155e-01
4.196764170213390654e-01
4.934495997670717560e-01
3.997994533832761044e-01
7.237282576162697989e-01
6.845710653653164224e-01
3.033914089095759437e-01
3.317677173608107877e-01
6.803533516020109362e-01
6.770741793794613494e-01
2.060242952026714036e-01
3.776201749395695639e-01
6.869850669858125203e-01
4.607497031015164168e-01
1.787493866130649978e-01
2.151854731921102604e-01
3.338677873308375510e-01
6.074677280938212132e-01
2.179409253322069084e-01
2.041070518688097302e-01
2.795201037764738494e-01
4.419944229997668783e-01
5.422785934513787431e-01
5.454468942103023466e-01
6.767388076326403823e-01
6.569166331757072541e-01
7.286206041404861278e-01
7.121061470362545220e-01
5.495915782493810964e-01
7.424478732955093196e-01
1.173554386040254749e-01
3.186723974602197473e-01
4.614105763233861679e-01
4.881516969068338541e-01
3.811460527337127147e-01
1.730595734376783879e-01
4.883452328919377639e-01
4.281238561630338890e-01
6.597333386862239690e-01
8.231709783020797477e-01
5.541644507496021888e-01
7.523118578532235201e-01
1.527119828625636555e-01
2.392625779155994059e-01
7.771118763812590036e-01
2.016471897503980260e-01
1.015263924876020768e-01
1.853980452333870432e-01
1.505019749052937394e-01
2.854203221889483055e-01
1.127248340392296155e-01
1.937135235405482436e-01
3.110947003937787891e-01
3.401070628163618825e-01
1.941825731167538538e-01
2.244837268860937207e-01
6.176317233285349984e-01
9.560416416367908399e-01
2.257945262009051490e-01
2.213066907724930976e-01
6.967857192318168691e-01
3.228865844503439053e-01
1.754143773413727181e-01
1.177127304794526874e-01
3.895897411739031035e-01
4.481973535557637889e-01
1.847651859728180468e-01
1.218084776233011035e-01
1.405896848393481946e-01
5.046636243192595961e-01
2.301151067212917067e-01
1.908674582317452795e-01
7.488810402612438022e-01
3.948644418649774890e-01
4.821185328180114249e-01
3.634054187741794228e-01
4.317449483049313752e-01
6.994530204270752449e-01
3.879095537088724233e-01
2.810612488932921482e-01
4.396308906562420571e-01
7.495149700207160981e-01
3.161937702333724176e-01
2.503176124395359303e-01
7.739375710972105082e-01
4.047926199036505635e-01
8.673973823334661937e-01
7.604959955254614323e-01
6.562251790819113584e-01
6.770741793794613494e-01
2.060242952026714036e-01
3.776503378252289433e-01
6.869848973116652324e-01
4.607492920544244974e-01
1.787486390282236048e-01
2.151854731921102604e-01
3.338682922227120820e-01
6.074677280938212132e-01
2.179409253322069084e-01
2.041070518688097302e-01
2.795196971199158664e-01
4.419944229997668783e-01
5.422785934513787431e-01
5.454468942103023466e-01
6.767388076326403823e-01
6.768661224262594311e-01
3.639792252861555610e-01
6.077112560429067667e-01
5.440521710907517683e-01
4.185686422969432385e-01
1.807458215233180843e-01
2.239496885270975401e-01
5.405978285682930817e-01
8.303923719130523740e-01
2.118758448544164064e-01
2.055243435388584561e-01
4.538030751707506916e-01
4.970784509756396297e-01
7.200097745441824681e-01
5.085880312045054641e-01
6.590113764845015876e-01
5.663985509161543197e-01
5.181625236597133810e-01
9.040709963315669562e-01
5.095485849794505473e-01
5.305033466415687293e-01
1.853688123638037033e-01
1.563404573582527768e-01
7.536133501056745398e-01
7.387311771126698901e-01
1.721811389578120077e-01
2.083015564472049108e-01
5.646105300571120367e-01
5.551946051336664745e-01
6.549969089157667845e-01
5.929558338907978676e-01
5.648024554848004586e-01
6.027408962194162889e-01
3.408950219958395422e-01
9.044785768124659064e-01
5.939165184116275142e-01
4.459665396892309452e-01
2.235623075790713621e-01
1.861195439836138832e-01
7.637397540454715639e-01
7.405227022977149964e-01
2.099471633212382504e-01
2.493578429685225639e-01
4.216387276409241380e-01
5.849928681544602771e-01
6.293627091663653861e-01
5.664209987940131974e-01
6.028958608194183721e-01
5.989815764330581604e-01
4.577555699527566802e-01
7.485656597661107803e-01
6.013199257293380118e-01
5.286293209180961128e-01
2.073021043803139341e-01
2.083349636956944306e-01
6.356780289723746868e-01
8.642529017890447918e-01
2.109976159492450987e-01
2.318305588720127597e-01
5.707911810306995903e-01
5.837794260467544794e-01
6.927030895860508686e-01
6.396859721079040106e-01
5.975999134225270515e-01
5.385817466390222519e-01
6.618210600374754282e-01
9.491827075575753891e-01
5.580746760119373873e-01
6.027277609741998887e-01
1.656539108181148134e-01
1.875225432087164745e-01
7.571559552020670214e-01
9.284734699353096588e-01
1.868991652666345260e-01
1.853030804440132795e-01
7.876345248267515586e-01
5.628059680617991667e-01
7.561550482288661446e-01
7.432628216390455567e-01
5.372649021386539658e-01
6.569166331757071431e-01
7.286206041404860168e-01
7.121061470362546331e-01
5.495915782493810964e-01
7.424478732955095417e-01
1.173554386040254749e-01
3.186723974602198028e-01
4.614105763233861679e-01
4.881516969068338541e-01
3.811460527337127702e-01
1.730595734376783601e-01
4.883452328919378749e-01
4.281238561630338890e-01
6.597333386862238580e-01
8.231709783020798588e-01
5.541644507496021888e-01
7.523118578532235201e-01
1.527119828625636555e-01
2.392625779155993504e-01
7.771118763812590036e-01
2.016471897503980260e-01
1.015263924876020768e-01
1.853980452333870155e-01
1.505019749052937950e-01
2.854203221889483055e-01
1.127248340392296017e-01
1.937135235405482714e-01
3.110947003937787891e-01
3.401070628163618825e-01
1.941825731167538260e-01
2.244837268860938317e-01
6.176317233285351094e-01
9.560416416367909509e-01
2.257945262009051213e-01
2.213066907724930699e-01
6.967857192318168691e-01
3.228865844503439608e-01
1.754143773413727458e-01
1.177127304794526597e-01
3.895897411739031035e-01
4.481973535557638444e-01
1.847651859728180190e-01
1.218084776233010758e-01
1.405896848393481946e-01
5.046636243192595961e-01
2.301151067212917622e-01
1.908674582317452795e-01
7.488810402612438022e-01
3.948644418649774890e-01
4.821185328180114249e-01
3.634054187741794784e-01
4.317449483049313752e-01
6.994530204270752449e-01
3.879095537088724233e-01
2.810612488932922037e-01
4.396308906562421126e-01
7.495149700207159871e-01
3.161937702333725286e-01
2.503176124395359303e-01
7.739375710972106193e-01
4.047926199036505635e-01
8.673973823334661937e-01
7.604959955254614323e-01
6.562251790819113584e-01
