6.357108451060454468e-02
3.356223517930802536e-01
1.488499020451612143e-01
8.902864197075638364e-02
3.229236118617231921e-01
3.790565733599826626e-01
9.508320149898532581e-01
1.442542281489188061e-01
3.655322563200652519e-02
6.458008945473805440e-01
1.416450171375867317e-01
1.477805670880655564e-01
5.720322118971252201e-02
6.587473314189876694e-01
3.482011523813962062e-01
8.858529141635582138e-02
1.841263477817167149e-01
6.290395414655911566e-01
4.804764236411951384e-01
3.475078247784179619e-01
1.582471658532174641e-01
1.968882877835662071e-01
7.160178852798076976e-01
1.550916168817590146e-01
9.391804311024786189e-01
8.373897638625089623e-01
7.245165629017769060e-01
9.502981308061710930e-01
2.793416660267418472e-02
3.489450227596602727e-01
4.461697344118965569e-01
1.504381458390557647e-01
4.078322654524290103e-01
6.866555306058721442e-01
3.434570402342655981e-01
6.585230857364051671e-01
7.237572655982650316e-01
7.383937347521267736e-01
8.365659146973347671e-01
6.523967234211733857e-01
2.589613260425085994e-01
7.329870692625023443e-01
1.999158388942720854e-01
3.696604179205502660e-01
2.367866611380037845e-01
7.002126064538467531e-01
6.366956657638167538e-01
3.375763032219362691e-01
2.103534016085312208e-02
2.235101670631345627e-01
3.978348886799112916e-02
5.535470624293543918e-02
1.807263936907208546e-01
2.612948317351179717e-01
9.404556957184536659e-01
3.562954283670122235e-02
1.785727723916562537e-01
7.275558265229180588e-01
1.289739193629664826e-01
3.210878301916532673e-01
2.019999484444693488e-02
4.099572045155574496e-01
1.845761615553484503e-01
6.495387624396214976e-02
6.425496677843439697e-02
3.343900021505245568e-01
1.496608580480225104e-01
8.880664816463164357e-02
3.221483166421895694e-01
3.743783290408227993e-01
9.505296942305755392e-01
1.460133327746673537e-01
3.609191834662139886e-02
6.490452815508681583e-01
1.494145792648506332e-01
5.627413802236647111e-02
6.586362782300234642e-01
3.478549382738053142e-01
1.843528103814594254e-01
6.328292482820468967e-01
4.633391686128093268e-01
1.438891190196907033e-01
1.988808546640254693e-01
7.202561070745862049e-01
9.401073174829598367e-01
8.369771311175577821e-01
3.345167511114026382e-02
3.510090504659238442e-01
4.088933408288942806e-01
6.934531236964204259e-01
7.268959451919058123e-01
7.356925249560808400e-01
2.613513737217686428e-01
2.301828764288436635e-01
2.062011404966099248e-02
1.775626702715337180e-01
1.224719822968778349e-01
8.801771924132352209e-01
8.763433679684378141e-01
1.211287835201222407e-01
1.173321429550464590e-01
5.500373788764696403e-01
7.485384288254115503e-02
2.181229905156641669e-01
2.740548112912475354e-01
4.156377011516426689e-01
9.126159780609238714e-01
1.160903939028181675e-01
6.838632556090056269e-01
9.042269837364399487e-01
4.166422482660906979e-01
5.933968145475392308e-01
4.475655130276842697e-02
7.046358999426902692e-01
2.736822386093906712e-01
1.198845168361184627e-01
6.357108451060454468e-02
3.356223517930802536e-01
1.488499020451612143e-01
8.902864197075638364e-02
3.229236118617231921e-01
3.790565733599826626e-01
9.508320149898532581e-01
1.442542281489188061e-01
3.655322563200652519e-02
6.458008945473805440e-01
1.416450171375867317e-01
1.477805670880655564e-01
5.720322118971252201e-02
6.587473314189876694e-01
3.482011523813962062e-01
8.858529141635582138e-02
1.841263477817167149e-01
6.290395414655911566e-01
4.804764236411951384e-01
3.475078247784179619e-01
1.582471658532174641e-01
1.968882877835662071e-01
7.160178852798076976e-01
1.550916168817590146e-01
9.391804311024786189e-01
8.373897638625089623e-01
7.245165629017769060e-01
9.502981308061710930e-01
2.793416660267418472e-02
3.489450227596602727e-01
4.461697344118965569e-01
1.504381458390557647e-01
4.078322654524290103e-01
6.866555306058721442e-01
3.434570402342655981e-01
6.585230857364051671e-01
7.237572655982650316e-01
7.383937347521267736e-01
8.365659146973347671e-01
6.523967234211733857e-01
2.589613260425085994e-01
7.329870692625023443e-01
1.999158388942720854e-01
3.696604179205502660e-01
2.367866611380037845e-01
7.002126064538467531e-01
6.366956657638167538e-01
3.375763032219362691e-01
2.103534016085312208e-02
2.235101670631345627e-01
3.978348886799112916e-02
5.535470624293543918e-02
1.807263936907208546e-01
2.612948317351179717e-01
9.404556957184536659e-01
3.562954283670122235e-02
1.785727723916562537e-01
7.275558265229180588e-01
1.289739193629664826e-01
3.210878301916532673e-01
2.019999484444693488e-02
4.099572045155574496e-01
1.845761615553484503e-01
6.495387624396214976e-02
1.173321429550464590e-01
5.500373788764696403e-01
7.485982192723694695e-02
2.181225666882330716e-01
2.740545667996452384e-01
4.156359628271046880e-01
9.126159780609238714e-01
1.160905694606253480e-01
6.838632556090056269e-01
9.042269837364399487e-01
4.166422482660906979e-01
5.933959512511148837e-01
4.475655130276842697e-02
7.046358999426902692e-01
2.736822386093906712e-01
1.198845168361184627e-01
8.750875563823429237e-02
4.948604181220390696e-01
4.481813390465934077e-01
9.414921379724890127e-02
5.780421763822058967e-01
7.899367440319611244e-01
7.296049218355502575e-01
5.007239041340239005e-01
4.440064787912711974e-01
7.762311570699734764e-01
7.944972660987241753e-01
5.301842593930969905e-01
5.494313428997080195e-02
4.746458178055614763e-01
6.264991620679845052e-01
8.403358910026657858e-02
4.971162935132386607e-02
3.296749299949819356e-01
3.825206195267629727e-01
5.625014448318621518e-02
3.344139273931654444e-01
7.859047873352460467e-01
8.261381221002314090e-01
3.669219411980808587e-01
3.514237583040122903e-01
8.283874206927613892e-01
7.817838083520664005e-01
3.249574366243599410e-01
7.901840684483377175e-02
3.810933383653665185e-01
3.410997031402780433e-01
5.153202107524088027e-02
8.413127397360606330e-02
4.442149327641344847e-01
3.497761499658520457e-01
8.915731428686998750e-02
5.373838759584170788e-01
8.462397843024483945e-01
7.603460334005547328e-01
3.473270860358663725e-01
6.320724669444452992e-01
8.377488899306686498e-01
8.446400490033906250e-01
4.620122531158208368e-01
7.314571863864602341e-02
6.494840651965125833e-01
5.747032644985727856e-01
8.657220010387886577e-02
7.796995225341871172e-02
4.199536270708805752e-01
6.849190661013331294e-01
8.109204637067483901e-02
6.565690556330081584e-01
8.246034566255779907e-01
8.186501846422130635e-01
7.075296980478520403e-01
3.953335165597970935e-01
7.782032490372644551e-01
8.254331068918649983e-01
4.242305977459728261e-01
8.001281147845162867e-02
3.913243996407169689e-01
6.710579597363572901e-01
8.030214218652163838e-02
6.175659370381089697e-02
3.383167059201652727e-01
3.885903604020131130e-01
6.464716078262547350e-02
3.299419577053108732e-01
7.620467301650459824e-01
8.576678410286540100e-01
3.745237972557495798e-01
3.558754420932772611e-01
8.707348730761856892e-01
7.550805157041234894e-01
3.585400649446861543e-01
6.695474094593165115e-02
3.391816945015218021e-01
3.675428080921554486e-01
6.727848090360102895e-02
6.357108451060455856e-02
3.356223517930803091e-01
1.488499020451612698e-01
8.902864197075638364e-02
3.229236118617232476e-01
3.790565733599826626e-01
9.508320149898534801e-01
1.442542281489188061e-01
3.655322563200652519e-02
6.458008945473807660e-01
1.416450171375867040e-01
1.477805670880655287e-01
5.720322118971252201e-02
6.587473314189875584e-01
3.482011523813961507e-01
8.858529141635582138e-02
1.841263477817167149e-01
6.290395414655911566e-01
4.804764236411949718e-01
3.475078247784179619e-01
1.582471658532174641e-01
1.968882877835661793e-01
7.160178852798074756e-01
1.550916168817590701e-01
9.391804311024786189e-01
8.373897638625088513e-01
7.245165629017770170e-01
9.502981308061710930e-01
2.793416660267418472e-02
3.489450227596603282e-01
4.461697344118966679e-01
1.504381458390557369e-01
4.078322654524289548e-01
6.866555306058722552e-01
3.434570402342654871e-01
6.585230857364049450e-01
7.237572655982651426e-01
7.383937347521267736e-01
8.365659146973347671e-01
6.523967234211734967e-01
2.589613260425086549e-01
7.329870692625021222e-01
1.999158388942720577e-01
3.696604179205502660e-01
2.367866611380038400e-01
7.002126064538467531e-01
6.366956657638167538e-01
3.375763032219362691e-01
2.103534016085312208e-02
2.235101670631345072e-01
3.978348886799112916e-02
5.535470624293545305e-02
1.807263936907208546e-01
2.612948317351179717e-01
9.404556957184537769e-01
3.562954283670127786e-02
1.785727723916561427e-01
7.275558265229180588e-01
1.289739193629664826e-01
3.210878301916533228e-01
2.019999484444693835e-02
4.099572045155574496e-01
1.845761615553484503e-01
6.495387624396214976e-02
