4.465500616667559819e-01
6.890913709696107059e-01
6.691164913211401499e-01
4.175944346017876896e-01
6.847024564977370886e-01
3.440056899773531462e-01
3.355358107293182623e-01
5.495278105948555591e-01
5.049137926400628640e-01
3.833681285367971370e-01
2.609433240091574291e-01
5.429338043173528305e-01
4.034904987102629348e-01
6.688074268634728314e-01
7.400577866218556178e-01
4.162347070779311431e-01
6.301041271504812524e-01
2.135329591339258926e-01
4.035490534586255729e-01
7.302504413001844608e-01
3.598858468663577725e-01
1.969413466644214794e-01
2.844158644528815838e-01
2.668766998794580569e-01
2.263203589479783062e-01
1.126701144772745827e-01
2.897537577012834209e-01
3.199937398315081394e-01
3.557535233576502032e-01
2.652593845437082321e-01
3.936984254143499617e-01
6.224789014354242811e-01
8.367040288767834122e-01
2.743246532269648652e-01
2.640672919429599141e-01
6.697192938074595370e-01
3.393216674811423417e-01
2.597349699967441694e-01
1.132939887361730652e-01
3.989507750106985329e-01
5.862706172791514181e-01
2.622220221793180039e-01
2.064021816537475185e-01
3.212481862231287844e-01
6.792822699160703248e-01
2.689341309017463377e-01
2.100205770097160474e-01
6.658073171034639692e-01
3.288717531669678729e-01
6.903434885404208243e-01
3.607748775212156200e-01
4.011796511106975327e-01
6.035574778250392125e-01
5.575290792377898264e-01
2.204287050151544913e-01
4.936515675851466112e-01
6.167803133463859444e-01
3.396545527745497561e-01
3.666586985323237458e-01
6.740598924517529067e-01
3.354913803311714293e-01
7.971817474917559654e-01
6.085886870526231451e-01
4.496281958097088083e-01
4.480724032512372057e-01
6.763653241185512144e-01
6.453033754618531237e-01
4.169135939322151096e-01
6.797486215406234322e-01
3.326749746286411513e-01
3.272687602620542036e-01
5.462384084287164043e-01
4.992891924051279795e-01
3.910329932061554770e-01
2.658051091346360084e-01
4.023290422606943251e-01
6.692590107284306367e-01
7.351604750280371636e-01
6.192719944217988104e-01
2.117943642575078611e-01
3.986283593089741117e-01
3.632078194206782573e-01
2.021125280576339667e-01
2.870778286442396965e-01
2.234328636966922688e-01
1.129825878751193613e-01
3.580115058563196895e-01
2.683099270010926296e-01
8.169688184290808675e-01
2.716218154083046565e-01
3.400670028839750669e-01
2.609775195370730438e-01
5.744078759996044115e-01
6.847841671793266638e-01
3.321621792829114184e-01
6.091618081807836926e-01
5.832370823172973173e-01
4.186419312503737444e-01
4.182108272630039592e-01
5.799445549423757340e-01
5.231669704226463713e-01
3.843086678535538869e-01
5.111424782508970921e-01
5.958211668498007985e-01
4.944263944788509502e-01
3.065740733151313679e-01
2.319342114688902334e-01
5.319652489876598445e-01
5.947772070819994372e-01
2.489410099408986554e-01
3.138069111373559261e-01
3.780049818273090168e-01
4.274101874165263659e-01
5.809177174728872295e-01
5.232516719202640054e-01
5.238064383045940575e-01
4.465500616667559819e-01
6.890913709696107059e-01
6.691164913211401499e-01
4.175944346017876896e-01
6.847024564977370886e-01
3.440056899773531462e-01
3.355358107293182623e-01
5.495278105948555591e-01
5.049137926400628640e-01
3.833681285367971370e-01
2.609433240091574291e-01
5.429338043173528305e-01
4.034904987102629348e-01
6.688074268634728314e-01
7.400577866218556178e-01
4.162347070779311431e-01
6.301041271504812524e-01
2.135329591339258926e-01
4.035490534586255729e-01
7.302504413001844608e-01
3.598858468663577725e-01
1.969413466644214794e-01
2.844158644528815838e-01
2.668766998794580569e-01
2.263203589479783062e-01
1.126701144772745827e-01
2.897537577012834209e-01
3.199937398315081394e-01
3.557535233576502032e-01
2.652593845437082321e-01
3.936984254143499617e-01
6.224789014354242811e-01
8.367040288767834122e-01
2.743246532269648652e-01
2.640672919429599141e-01
6.697192938074595370e-01
3.393216674811423417e-01
2.597349699967441694e-01
1.132939887361730652e-01
3.989507750106985329e-01
5.862706172791514181e-01
2.622220221793180039e-01
2.064021816537475185e-01
3.212481862231287844e-01
6.792822699160703248e-01
2.689341309017463377e-01
2.100205770097160474e-01
6.658073171034639692e-01
3.288717531669678729e-01
6.903434885404208243e-01
3.607748775212156200e-01
4.011796511106975327e-01
6.035574778250392125e-01
5.575290792377898264e-01
2.204287050151544913e-01
4.936515675851466112e-01
6.167803133463859444e-01
3.396545527745497561e-01
3.666586985323237458e-01
6.740598924517529067e-01
3.354913803311714293e-01
7.971817474917559654e-01
6.085886870526231451e-01
4.496281958097088083e-01
5.231669704226463713e-01
3.843086678535538869e-01
5.111833063982003100e-01
5.958209477589789804e-01
4.944259533878847535e-01
3.065727911281862506e-01
2.319342114688902334e-01
5.319660534526062801e-01
5.947772070819994372e-01
2.489410099408986554e-01
3.138069111373559261e-01
3.780044318911763845e-01
4.274101874165263659e-01
5.809177174728872295e-01
5.232516719202640054e-01
5.238064383045940575e-01
5.464498007612600405e-01
4.843578092584082118e-01
6.379855689894644577e-01
4.499288905940368455e-01
3.641813179282120672e-01
2.506231345254472109e-01
3.627362551963946302e-01
6.432808593863670321e-01
9.889759808202007729e-01
2.849845573428368972e-01
2.535187784863508487e-01
5.096754901208853106e-01
4.139708873757294016e-01
9.664289778298551514e-01
3.792622553974571709e-01
5.325533920182311531e-01
4.429553987191924280e-01
7.215376975987592978e-01
8.075576022793176101e-01
4.022094637680859730e-01
7.315024320877583364e-01
2.540583057685071866e-01
2.797680676407213740e-01
7.482928435925029209e-01
7.952713368538035787e-01
2.547285450825874098e-01
2.519875402995189750e-01
7.075994884382879047e-01
4.258110916584242345e-01
7.924308694150452581e-01
7.375449261771571674e-01
4.389554199215669472e-01
4.864744266237833736e-01
4.989191652219888695e-01
8.779510489440136567e-01
4.878432402975627080e-01
6.750719931202011637e-01
3.139436766308310589e-01
2.690826974586977283e-01
8.324702126353544784e-01
7.998493878787344968e-01
3.041004410703990746e-01
3.139529741184173828e-01
5.138836429641324699e-01
4.614338929859184146e-01
7.707490751585182043e-01
7.226933722452355546e-01
4.870783813375578197e-01
4.941465034584920923e-01
6.458149110820512462e-01
8.560162805063900038e-01
4.666009898683227686e-01
6.908891634148606187e-01
3.040969492598343260e-01
2.884090367998778381e-01
8.236704009643869284e-01
8.422891890895325417e-01
2.923737691032322616e-01
3.071391628655883999e-01
6.694392506001256571e-01
4.680852451428898497e-01
7.913300677352008705e-01
6.996882162922437587e-01
4.952072104631811134e-01
4.392451439839636373e-01
7.987817168246837962e-01
9.816789464121062903e-01
4.206486294416434957e-01
7.228345164493523711e-01
2.539972859525895243e-01
2.772761146810936439e-01
8.953271588921494217e-01
9.523269002151568685e-01
2.770755280583113711e-01
2.505484809084718156e-01
8.532815944694971400e-01
4.291285886373855663e-01
8.865953145783225242e-01
7.991629589249897858e-01
4.374817071375651789e-01
4.465500616667559819e-01
6.890913709696108169e-01
6.691164913211401499e-01
4.175944346017877451e-01
6.847024564977370886e-01
3.440056899773532573e-01
3.355358107293183179e-01
5.495278105948555591e-01
5.049137926400630860e-01
3.833681285367973035e-01
2.609433240091574291e-01
5.429338043173529416e-01
4.034904987102629903e-01
6.688074268634729425e-01
7.400577866218555068e-01
4.162347070779311431e-01
6.301041271504812524e-01
2.135329591339258926e-01
4.035490534586255174e-01
7.302504413001844608e-01
3.598858468663578836e-01
1.969413466644214794e-01
2.844158644528815838e-01
2.668766998794580569e-01
2.263203589479783617e-01
1.126701144772745827e-01
2.897537577012834764e-01
3.199937398315081394e-01
3.557535233576502032e-01
2.652593845437082321e-01
3.936984254143500728e-01
6.224789014354243921e-01
8.367040288767835232e-01
2.743246532269648097e-01
2.640672919429598586e-01
6.697192938074595370e-01
3.393216674811423972e-01
2.597349699967441694e-01
1.132939887361730374e-01
3.989507750106986439e-01
5.862706172791514181e-01
2.622220221793179484e-01
2.064021816537474907e-01
3.212481862231287844e-01
6.792822699160703248e-01
2.689341309017463932e-01
2.100205770097159363e-01
6.658073171034639692e-01
3.288717531669678174e-01
6.903434885404208243e-01
3.607748775212156200e-01
4.011796511106975327e-01
6.035574778250392125e-01
5.575290792377898264e-01
2.204287050151544913e-01
4.936515675851465557e-01
6.167803133463858334e-01
3.396545527745497561e-01
3.666586985323237458e-01
6.740598924517529067e-01
3.354913803311714293e-01
7.971817474917557433e-01
6.085886870526231451e-01
4.496281958097087528e-01
