3.130652352912501324e-01
6.776294016619042182e-01
3.177194039409160231e-01
2.991974669162049683e-01
5.056604636830797084e-01
4.875550466111723269e-01
5.918894007130943713e-01
4.177124345992614951e-01
2.748299676727999352e-01
5.209815413643994475e-01
1.849831662475893423e-01
4.153806153528710743e-01
2.998343819085989015e-01
6.348216276913154488e-01
5.855496532381878616e-01
2.981547543508299425e-01
4.369261105864594152e-01
3.904788736002810512e-01
6.469155351496693740e-01
5.990027740868950623e-01
4.881740365347295163e-01
1.855706781980580033e-01
3.877103661522592892e-01
1.916748534068739851e-01
3.668663138919299183e-01
4.153380663153453667e-01
3.936549593348906972e-01
5.833393973516282083e-01
2.287323870865339281e-01
1.962667875366148618e-01
6.076983213024842456e-01
3.071254041560780301e-01
4.704964739672908847e-01
3.781512319014981305e-01
1.837246661041719298e-01
6.258494672087370203e-01
4.820980538402230842e-01
4.641590571842250101e-01
4.142457425321266484e-01
5.270996967000824984e-01
3.198652196395342928e-01
4.618277246100366273e-01
1.867814181236850668e-01
4.680222808831203674e-01
6.084146267075104531e-01
3.806820016951857344e-01
3.808477282091943805e-01
6.838508969895955580e-01
2.781524435974181420e-01
6.092118157393936473e-01
2.442465072146367266e-01
2.939125175787229427e-01
5.470072088651043440e-01
3.210370514800177100e-01
3.670582984944986138e-01
2.670251741127475098e-01
5.257811793247783028e-01
4.773809269794961341e-01
4.606468459607879207e-01
5.090684016324420469e-01
2.814873702738560635e-01
4.792306060069296270e-01
4.251044056172560426e-01
3.242881506325533958e-01
3.186157116284470958e-01
6.796790590797960885e-01
3.123101161773800261e-01
2.986753614879289476e-01
5.075271315199049171e-01
4.778298935000122594e-01
5.873118900195563041e-01
4.165492128858866439e-01
2.709320839528926439e-01
5.239909680848646722e-01
1.896767173836804155e-01
2.968579902501017331e-01
6.303783446723814077e-01
5.922674879370266598e-01
4.309743718944637481e-01
3.857115506158128593e-01
6.273253208124611735e-01
4.746724014636862776e-01
1.866370621470493374e-01
3.906748866939718789e-01
3.670747341006527775e-01
4.147909654865794549e-01
2.361293823292296423e-01
1.927265252674105755e-01
4.748578095946820454e-01
3.794201739252982541e-01
4.805541533451480607e-01
4.629943063041634388e-01
3.219489888235923525e-01
6.088111519279018058e-01
2.798101396516985973e-01
5.352364223947825295e-01
4.181791989035130719e-01
5.847852963950653793e-01
5.764827378448869055e-01
4.206521898480863886e-01
3.673915414052881245e-01
5.412475427807874606e-01
3.162571280667989537e-01
4.619158724383825021e-01
5.500267000707321774e-01
3.442392790357359789e-01
4.571167056473462997e-01
3.392865326383709412e-01
4.159409835204690431e-01
5.240820273057851253e-01
3.429119184809040766e-01
5.617775687891906067e-01
3.341067960197418030e-01
4.434876913337908455e-01
5.517136157785289541e-01
3.765971983604348150e-01
3.130652352912501324e-01
6.776294016619042182e-01
3.177194039409160231e-01
2.991974669162049683e-01
5.056604636830797084e-01
4.875550466111723269e-01
5.918894007130943713e-01
4.177124345992614951e-01
2.748299676727999352e-01
5.209815413643994475e-01
1.849831662475893423e-01
4.153806153528710743e-01
2.998343819085989015e-01
6.348216276913154488e-01
5.855496532381878616e-01
2.981547543508299425e-01
4.369261105864594152e-01
3.904788736002810512e-01
6.469155351496693740e-01
5.990027740868950623e-01
4.881740365347295163e-01
1.855706781980580033e-01
3.877103661522592892e-01
1.916748534068739851e-01
3.668663138919299183e-01
4.153380663153453667e-01
3.936549593348906972e-01
5.833393973516282083e-01
2.287323870865339281e-01
1.962667875366148618e-01
6.076983213024842456e-01
3.071254041560780301e-01
4.704964739672908847e-01
3.781512319014981305e-01
1.837246661041719298e-01
6.258494672087370203e-01
4.820980538402230842e-01
4.641590571842250101e-01
4.142457425321266484e-01
5.270996967000824984e-01
3.198652196395342928e-01
4.618277246100366273e-01
1.867814181236850668e-01
4.680222808831203674e-01
6.084146267075104531e-01
3.806820016951857344e-01
3.808477282091943805e-01
6.838508969895955580e-01
2.781524435974181420e-01
6.092118157393936473e-01
2.442465072146367266e-01
2.939125175787229427e-01
5.470072088651043440e-01
3.210370514800177100e-01
3.670582984944986138e-01
2.670251741127475098e-01
5.257811793247783028e-01
4.773809269794961341e-01
4.606468459607879207e-01
5.090684016324420469e-01
2.814873702738560635e-01
4.792306060069296270e-01
4.251044056172560426e-01
3.242881506325533958e-01
3.673915414052881245e-01
5.412475427807874606e-01
3.162823895020343556e-01
4.619155807623123167e-01
5.500262093772512184e-01
3.442378393213308962e-01
4.571167056473462997e-01
3.392870457247481042e-01
4.159409835204690431e-01
5.240820273057851253e-01
3.429119184809040766e-01
5.617767514936564677e-01
3.341067960197418030e-01
4.434876913337908455e-01
5.517136157785289541e-01
3.765971983604348150e-01
3.756832671741504592e-01
6.428314509243280295e-01
4.452740906327716797e-01
3.249353197783766967e-01
4.010001236321789619e-01
4.471388552235445735e-01
5.291954719945221042e-01
4.855000831353988300e-01
5.573512997047875839e-01
4.670993265221911606e-01
4.444614071088314744e-01
6.841729586605298508e-01
3.532932813741587186e-01
5.891180680969199113e-01
4.151352973963904347e-01
3.704713607838136524e-01
2.822221569530940499e-01
6.464076031235390651e-01
8.486208498642038300e-01
2.393547654273058267e-01
6.091233916650695690e-01
4.560505900740178808e-01
4.160284898504418294e-01
8.074433895624568702e-01
9.423879071565361976e-01
3.587628652132350826e-01
4.445251583718168309e-01
6.374936136705844358e-01
2.502487138414861700e-01
9.692256285854976561e-01
6.014787401646770615e-01
2.877788744551000866e-01
3.123066425536192847e-01
6.844476853539194217e-01
5.903916742864314671e-01
3.555139269236124999e-01
8.668304433873901260e-01
4.729282573965923886e-01
4.410313548291011632e-01
5.946475576972902743e-01
8.674622287418749522e-01
4.480668805889699846e-01
4.643470519037873334e-01
6.966797291984789808e-01
2.832851340140732921e-01
8.632230571739951674e-01
9.437673547340033053e-01
3.185014148914656062e-01
3.100910870022762222e-01
7.817771830387103549e-01
8.341596003043645347e-01
3.218274425609279343e-01
7.752115891113442459e-01
4.662042958088694622e-01
4.744686698040386785e-01
8.311503191774027854e-01
8.622250725615803191e-01
4.247036921776669027e-01
4.584843625608910345e-01
8.158638333881853555e-01
3.171328025536590545e-01
8.448737664066943154e-01
7.826792598895662145e-01
3.192069057245691677e-01
2.761231441810019227e-01
8.099059388513050184e-01
8.988542859045256517e-01
2.641981257031014163e-01
7.235071930399499252e-01
4.076133695887900199e-01
4.607316988255403811e-01
8.508148108499906659e-01
9.557636113834599989e-01
4.424106027716286360e-01
3.949331552319607086e-01
8.666161640816780753e-01
2.599987275528810038e-01
9.323163982116315918e-01
7.934339668299774662e-01
2.830246336095876281e-01
3.130652352912501879e-01
6.776294016619044402e-01
3.177194039409160231e-01
2.991974669162049127e-01
5.056604636830797084e-01
4.875550466111724379e-01
5.918894007130943713e-01
4.177124345992614951e-01
2.748299676727999352e-01
5.209815413643994475e-01
1.849831662475893701e-01
4.153806153528711853e-01
2.998343819085989570e-01
6.348216276913154488e-01
5.855496532381878616e-01
2.981547543508299425e-01
4.369261105864593042e-01
3.904788736002811622e-01
6.469155351496691519e-01
5.990027740868950623e-01
4.881740365347295163e-01
1.855706781980580033e-01
3.877103661522592337e-01
1.916748534068740406e-01
3.668663138919299183e-01
4.153380663153453112e-01
3.936549593348907528e-01
5.833393973516282083e-01
2.287323870865339281e-01
1.962667875366148340e-01
6.076983213024843566e-01
3.071254041560780301e-01
4.704964739672908292e-01
3.781512319014981305e-01
1.837246661041719020e-01
6.258494672087367983e-01
4.820980538402231397e-01
4.641590571842250657e-01
4.142457425321266484e-01
5.270996967000824984e-01
3.198652196395344038e-01
4.618277246100365163e-01
1.867814181236850390e-01
4.680222808831202563e-01
6.084146267075105641e-01
3.806820016951858454e-01
3.808477282091944915e-01
6.838508969895955580e-01
2.781524435974181420e-01
6.092118157393936473e-01
2.442465072146367544e-01
2.939125175787229427e-01
5.470072088651043440e-01
3.210370514800177655e-01
3.670582984944986138e-01
2.670251741127474543e-01
5.257811793247784138e-01
4.773809269794962451e-01
4.606468459607881427e-01
5.090684016324422689e-01
2.814873702738560635e-01
4.792306060069295159e-01
4.251044056172560426e-01
3.242881506325533403e-01
